0.7625
0.7674
0.7136
0.7625
0.7674
0.7625
0.7674
0.7625
0.7625
0.7625
0.7576
0.7625
0.7576
0.7674
0.7625
0.7625
0.7625
0.7576
0.7380
0.7234
0.7234
0.7185
0.7234
0.7087
0.7674
0.7283
0.7038
0.7038
0.7038
0.7038
0.6989
0.7234
0.7234
0.7038
0.7234
0.7234
0.7234
0.7234
0.7185
0.7038
0.7038
0.7038
0.7038
0.7038
0.7087
0.7429
0.7674
0.7087
0.7283
0.7234
0.7087
0.7038
0.7234
0.7234
0.7234
0.7038
0.7331
0.7234
0.7038
0.7136
0.7234
0.7185
0.7185
0.7038
0.7234
0.7234
0.7429
0.7283
0.7331
0.7038
0.7038
0.6989
0.7038
0.7234
0.7087
0.7087
0.7185
0.7331
0.7869
0.7283
0.7234
0.7038
0.7234
0.7038
0.7038
0.7038
0.7038
0.7038
0.7185
0.7038
0.7185
0.7283
0.7038
