0.2688
0.2688
0.2590
0.2786
0.2688
0.2786
0.2884
0.2688
0.2493
0.2688
0.1955
0.3275
0.2737
0.2688
0.2493
0.2688
0.2493
0.2688
0.2346
0.2981
0.2542
0.2444
0.2493
0.2493
0.2493
0.2493
0.2493
0.2395
0.2542
0.2542
0.2248
0.2444
0.2542
0.2444
0.2444
0.1955
0.2444
0.2493
0.2493
0.2444
0.2444
0.2493
0.2493
0.2346
0.2688
0.2444
0.2493
0.2493
0.2444
0.2493
0.2688
0.2493
0.2493
0.2493
0.2444
0.2493
0.2444
0.2639
0.2493
0.2444
0.2493
0.2493
0.2493
0.2493
0.2639
0.2444
0.2639
0.2688
0.2493
0.2493
0.2542
0.2688
0.2444
0.2444
0.2493
0.2688
0.2493
0.2493
0.3372
0.2493
0.2444
0.2493
0.2444
0.2444
0.2493
0.1955
0.2981
0.2737
0.2493
0.2493
0.2688
0.2493
0.2493
0.2444
0.2444
0.2542
0.2493
0.2688
0.2444
0.2493
0.2444
0.2444
