0.3861
0.3861
0.3861
0.3861
0.3910
0.4057
0.3324
0.3910
0.3861
0.3861
0.3861
0.3910
0.3861
0.4057
0.3861
0.3910
0.3910
0.3861
0.3861
0.3861
0.3861
0.3861
0.3666
0.3715
0.3666
0.3715
0.3861
0.3715
0.3666
0.3666
0.3715
0.3666
0.3666
0.3666
0.3128
0.4252
0.3715
0.3617
0.3617
0.3666
0.3715
0.3715
0.3666
0.3128
0.4154
0.3666
0.3666
0.3666
0.3666
0.3666
0.3666
0.3812
0.3519
0.3861
0.3666
0.3666
0.4399
0.3666
0.3666
0.3666
0.3666
0.3666
0.3666
0.3715
0.3666
0.3812
0.3666
0.3715
0.3666
0.3861
0.3715
0.3861
0.4252
0.3861
0.3666
0.3861
0.3910
0.3666
0.3715
0.3715
0.3372
0.4203
0.3763
0.3666
0.3666
0.3715
0.3666
0.3666
0.3715
0.3519
0.3861
0.3715
0.3715
0.3666
0.3666
0.3812
0.3715
0.3666
0.3666
0.3666
0.3666
0.3666
0.3812
0.3715
0.3666
0.3666
0.3666
0.4008
0.3715
0.3715
0.3715
0.3715
