0.8016
0.8016
0.8065
0.8113
0.7967
0.8016
0.8016
0.8016
0.7967
0.7967
0.8211
0.8211
0.8016
0.8016
0.8651
0.8065
0.8016
0.7820
0.7625
0.7576
0.7576
0.7576
0.7625
0.7429
0.7722
0.7722
0.7625
0.7625
0.7576
0.7527
0.7576
0.7625
0.7576
0.7576
0.7625
0.7625
0.7625
0.7625
0.7625
0.7625
0.7625
0.7625
0.7625
0.7625
0.7625
0.7625
0.8162
0.7674
0.7674
0.7625
0.7674
0.7625
0.7625
0.7625
0.7625
0.7429
0.7625
0.7674
0.7625
0.7625
0.7674
0.7576
0.7625
0.7625
0.7625
0.7576
0.7625
0.7771
0.7722
0.7722
0.7625
0.7625
0.7625
0.7625
0.7625
0.7625
0.7429
0.7722
0.7771
0.7625
0.7625
0.7625
0.7625
0.7625
0.7625
0.7625
0.7674
0.7625
0.7625
0.7625
0.7674
0.7625
0.7625
0.7625
0.7625
0.7625
0.7625
0.7625
0.7771
0.7722
0.7674
0.7625
0.7576
0.7625
0.7625
0.7625
