0.1906
0.1857
0.1906
0.1906
0.1857
0.1906
0.1906
0.1857
0.1857
0.1906
0.1906
0.1857
0.1906
0.1906
0.1906
0.1857
0.1857
0.1906
0.1906
0.2053
0.1857
0.1857
0.1857
0.1857
0.1857
0.1906
0.1906
0.1906
0.1906
0.1808
0.1857
0.1857
0.1662
0.1857
0.1906
0.1857
0.1857
0.1857
0.1857
0.1906
0.1857
0.1857
0.1906
0.1906
0.1857
0.1857
0.1857
0.1857
0.1857
0.1906
0.1906
0.1711
0.1857
0.1662
0.1662
0.1857
0.1857
0.1857
0.1906
0.1711
0.1857
0.1857
0.1662
0.1906
0.1662
0.1906
0.1857
0.1906
0.1662
0.1906
0.1857
0.1857
0.1906
0.1857
0.1906
0.1662
0.1857
0.1857
0.1906
0.1857
0.1662
0.1906
0.1857
0.1857
0.1857
0.1857
0.1906
0.1906
0.1906
0.1857
0.1857
0.1906
0.1857
0.1857
0.1711
0.1662
0.1857
0.1857
0.1662
0.1857
0.1906
0.1857
0.1906
0.1906
0.1906
0.1906
0.1857
0.1857
0.1906
0.1662
0.1857
0.2053
0.1857
0.1857
0.1857
0.1857
0.1857
0.1662
0.1906
0.1857
0.1857
0.1857
0.1857
0.1857
0.1906
