0.2297
0.2493
0.2590
0.2248
0.2199
0.2542
0.2297
0.2297
0.2297
0.2297
0.2297
0.2297
0.2395
0.2395
0.2395
0.2297
0.2248
0.2248
0.2248
0.2542
0.1662
0.2835
0.2297
0.2248
0.2297
0.2248
0.2248
0.2297
0.2248
0.2199
0.2248
0.2297
0.2297
0.2248
0.2297
0.2248
0.2297
0.2199
0.2297
0.2297
0.2297
0.2297
0.2248
0.2297
0.2248
0.2248
0.2297
0.2248
0.2346
0.2248
0.2248
0.2248
0.2297
0.2297
0.2297
0.2248
0.2248
0.2297
0.2248
0.2248
0.2297
0.2297
0.2248
0.2248
0.2297
0.2248
0.2493
0.2297
0.2248
0.2297
0.2297
0.2248
0.2297
0.2248
0.2297
0.2248
0.2297
0.2395
0.2297
0.2786
0.2297
0.2395
0.2248
0.2248
0.2297
0.2248
0.2248
0.2199
0.2297
0.2297
0.2395
0.2297
0.2444
0.2248
0.2248
0.2346
0.2590
