0.2297
0.2542
0.2297
0.2493
0.2493
0.2493
0.2493
0.2493
0.2444
0.2444
0.2493
0.2493
0.2444
0.2981
0.2297
0.2444
0.2444
0.2444
0.2444
0.2444
0.2444
0.3079
0.2297
0.2248
0.2297
0.2248
0.2199
0.2493
0.2297
0.2151
0.2346
0.2248
0.2297
0.2248
0.2542
0.2346
0.2248
0.1613
0.2884
0.2248
0.2248
0.2297
0.2248
0.2297
0.2248
0.1760
0.2981
0.2248
0.2297
0.2297
0.2297
0.2248
0.2493
0.2151
0.2297
0.2297
0.2248
0.2444
0.2297
0.2297
0.2493
0.2151
0.2444
0.2248
0.2297
0.2248
0.2297
0.2248
0.2444
0.2297
0.2248
0.2444
0.2297
0.2297
0.2248
0.2297
0.2248
0.2297
0.2297
0.2248
0.2346
0.2297
0.2542
0.2493
0.2493
0.2493
0.2444
0.2297
0.2248
0.2297
0.2297
0.2297
0.2297
0.2297
0.2248
0.2346
0.2297
0.2297
0.2248
0.2248
0.2248
0.2248
0.2297
0.2297
0.2297
0.2248
0.2297
0.2248
0.2444
0.2248
0.2297
0.2493
0.2346
0.2444
0.2493
