0.2053
0.2053
0.2102
0.2151
0.2053
0.2053
0.2297
0.2102
0.2053
0.2053
0.2151
0.2053
0.2053
0.2053
0.2102
0.1906
0.1857
0.2053
0.1906
0.2004
0.1857
0.2053
0.2102
0.1906
0.1906
0.1564
0.2493
0.2102
0.2053
0.2102
0.1906
0.1906
0.2053
0.2053
0.1857
0.1906
0.2102
0.2102
0.2053
0.2102
0.2053
0.2053
0.1564
0.2444
0.2053
0.2102
0.1906
0.2053
0.2053
0.2102
0.1857
0.1808
0.2102
0.2102
0.2053
0.2102
0.2053
0.2053
0.2053
0.1857
0.1857
0.1906
0.2053
0.2053
0.2053
0.2053
0.1857
0.2053
0.2053
0.2053
0.2151
0.2053
0.2053
0.1857
0.2053
0.2297
0.2102
0.2102
0.1955
0.2004
0.2102
0.2053
0.1857
0.2053
0.2053
0.2102
0.2199
0.1955
0.2199
0.1857
