0.2297
0.2297
0.2297
0.2248
0.2297
0.2248
0.1760
0.2786
0.2297
0.2297
0.2248
0.2248
0.2297
0.2297
0.2151
0.2297
0.2297
0.2248
0.2346
0.2297
0.2297
0.2297
0.2053
0.2053
0.2102
0.2542
0.2102
0.2053
0.2053
0.2053
0.2102
0.2248
0.2102
0.2248
0.2102
0.2102
0.2248
0.2297
0.2102
0.2297
0.2297
0.2297
0.2297
0.2053
0.2346
0.2248
0.2248
0.2297
0.2053
0.2053
0.2297
0.2297
0.2639
0.2248
0.2248
0.2297
0.2297
0.2346
0.2395
0.2297
0.2102
0.2297
0.2297
0.2297
0.2248
0.1760
0.2835
0.2297
0.2297
0.2248
0.2248
0.2297
0.2248
0.2053
0.2248
0.2151
0.2248
0.2297
0.2297
0.2297
0.2248
0.2248
0.1662
0.2395
0.2053
0.2297
0.2297
0.2297
0.2248
0.2053
0.1760
0.2297
0.2248
0.2297
0.2053
0.2297
0.2297
0.2248
0.2248
0.2102
0.2297
