0.2053
0.1857
0.1906
0.1857
0.1906
0.1857
0.1906
0.2053
0.1906
0.1857
0.1857
0.1906
0.1320
0.1857
0.1857
0.1857
0.1857
0.1857
0.1906
0.1760
0.1857
0.2102
0.1808
0.1857
0.1711
0.1808
0.1906
0.1222
0.1857
0.1857
0.1906
0.1711
0.1857
0.1906
0.1857
0.1857
0.1857
0.1857
0.1906
0.1857
0.1857
0.1857
0.1760
0.1857
0.1955
0.1857
0.1857
0.1857
0.1857
0.1564
0.1857
0.2053
0.1906
0.1906
0.1857
0.1857
0.1857
0.1271
0.1906
0.1906
0.1857
0.1857
0.1906
0.1857
0.1857
0.1857
0.1857
0.1857
0.1906
0.1906
0.1857
0.2102
0.1564
0.1857
0.1857
0.1857
0.1857
0.1662
0.1857
0.1906
0.1906
0.2151
0.1857
0.1857
0.1857
0.1906
0.1906
0.1564
0.1906
0.1906
0.1857
0.1906
0.1662
0.1857
0.1857
0.1906
0.1906
0.1906
0.1906
0.1906
0.1857
