0.6061
0.6012
0.6012
0.6012
0.6012
0.6012
0.5963
0.6012
0.6012
0.6061
0.6794
0.6012
0.6012
0.6012
0.6012
0.6012
0.6012
0.6012
0.6012
0.6012
0.5474
0.6012
0.5767
0.5670
0.5572
0.5621
0.5621
0.5621
0.5621
0.5670
0.5572
0.5621
0.5621
0.5621
0.5670
0.5621
0.5572
0.5621
0.5621
0.5621
0.5572
0.5621
0.5621
0.5767
0.5621
0.5621
0.5621
0.5621
0.5572
0.5572
0.5621
0.5572
0.6109
0.5670
0.5621
0.5621
0.5572
0.5621
0.5670
0.5621
0.5621
0.5083
0.5621
0.5621
0.5670
0.5670
0.5621
0.5621
0.5621
0.5621
0.5621
0.5621
0.5670
0.5621
0.5670
0.5621
0.6305
0.5621
0.5670
0.6061
0.5816
0.5474
0.5718
0.5718
0.5670
0.5621
0.5621
0.5621
0.5670
0.5865
0.5621
0.5474
0.5670
0.5621
0.5572
0.5621
0.5621
0.5572
0.5621
0.5718
0.5621
0.5621
0.5670
0.5621
0.5670
0.5670
0.5718
0.5621
0.6158
0.5621
