0.2346
0.2590
0.2542
0.2444
0.2493
0.2493
0.2688
0.2639
0.1955
0.2981
0.2639
0.2493
0.2493
0.2493
0.2493
0.2590
0.2542
0.2493
0.2493
0.2493
0.2493
0.2444
0.2444
0.2444
0.2444
0.2737
0.2493
0.2542
0.2493
0.2493
0.2688
0.2786
0.2493
0.2493
0.2493
0.2493
0.2737
0.2639
0.2493
0.2688
0.2493
0.2493
0.2493
0.2444
0.2493
0.2444
0.2493
0.2444
0.2493
0.2444
0.2493
0.2981
0.2688
0.2493
0.2493
0.2493
0.3470
0.2444
0.2444
0.2688
0.2493
0.2444
0.3079
1.4761
2.1017
0.8162
0.2688
0.2395
0.2542
0.2444
0.2444
0.2639
1.6373
0.8944
1.3441
0.3128
0.3079
0.2688
0.3079
0.2688
0.2688
0.2737
0.2688
0.2639
0.2639
0.2493
0.2688
0.2444
0.2493
0.2542
0.2493
0.2639
0.2542
0.2248
0.2248
0.2493
0.2639
0.2493
0.2297
0.2981
0.2493
0.2346
0.2248
0.2444
0.2444
0.2493
0.2444
0.2493
0.2493
0.2444
0.2493
0.2444
0.2493
0.2493
0.2493
0.2542
0.2493
0.2493
0.2444
0.2493
0.2493
0.2444
0.2493
0.2444
0.2493
0.2444
0.2493
0.2444
0.2444
0.2493
0.2493
0.2444
0.2542
0.2493
0.2542
0.2639
0.2493
0.2444
0.2493
0.2493
0.2444
0.2542
0.2639
0.2493
0.2493
0.2444
0.2786
0.2493
0.2444
0.2395
0.2590
0.2590
0.2444
0.2297
0.2493
0.2590
0.2444
0.1808
0.3275
0.2493
0.2444
0.2493
0.2493
0.2493
0.2444
0.1857
0.3079
0.2493
0.2444
0.2493
0.2493
0.2493
0.2444
0.1808
0.3079
0.2493
