0.5621
0.5621
0.5376
0.6158
0.5621
0.5621
0.5670
0.5621
0.5572
0.5621
0.5621
0.5621
0.5523
0.5670
0.5621
0.5670
0.5621
0.5621
0.5621
0.5621
0.5621
0.5621
0.5572
0.5572
0.5718
0.5621
0.5474
0.5425
0.5425
0.5425
0.5425
0.5425
0.5376
0.6012
0.5425
0.5425
0.5376
0.5523
0.5425
0.5425
0.5425
0.5425
0.5474
0.6012
0.5376
0.5425
0.5425
0.5425
0.5376
0.5523
0.5376
0.5425
0.5425
0.5474
0.5425
0.5425
0.5425
0.5425
0.5474
0.5474
0.5523
0.5425
0.5425
0.6061
0.5523
0.5425
0.5425
0.5474
0.5425
0.5425
0.5376
0.5425
0.5523
0.6012
0.5425
0.5425
0.5425
0.5474
0.5425
0.5425
0.5376
0.5376
0.5376
0.5425
0.5425
0.5425
0.5425
0.5425
0.5425
0.5572
0.5425
0.5425
0.5425
0.5572
0.5425
0.5425
0.5425
0.5425
0.5474
0.5376
0.5425
0.5279
0.5474
0.5621
0.5425
0.5425
0.5425
0.5376
0.5425
0.5376
