1.0948
1.0997
1.0948
1.0948
1.0948
1.0948
1.0997
1.0948
1.0948
1.0948
1.1241
1.0948
1.0899
1.0459
1.0411
1.0166
1.0215
1.0215
1.0215
1.0020
1.0215
0.9971
0.9775
0.9971
1.0068
1.0020
1.0068
1.0215
0.9971
1.0020
1.0166
1.0020
1.0068
1.0020
1.0215
1.0215
1.0313
1.0068
0.9971
1.0020
0.9971
1.0020
1.0020
1.0020
0.9971
0.9971
1.0020
1.0215
1.0020
1.0020
1.0068
1.0020
0.9971
1.0020
1.0020
1.0068
1.0020
1.0020
0.9775
1.0166
1.0802
1.0020
1.0020
0.9971
1.0020
1.0020
0.9971
1.0020
1.0020
0.9971
1.0020
1.0020
1.0020
1.0117
1.0068
1.0020
1.0020
0.9971
1.0020
1.0020
1.0557
1.0166
0.9971
1.0166
1.0020
1.0020
1.0753
1.0117
