0.2688
0.2688
0.3666
0.3079
0.2786
0.2737
0.2688
0.2737
0.2786
0.2688
0.2688
0.2933
0.3275
0.2688
0.2688
0.2688
0.2688
0.2590
0.2688
0.2688
0.2102
0.3226
0.2688
0.2884
0.2737
0.2688
0.2688
0.2688
0.2688
0.2688
0.2688
0.2639
0.2688
0.3079
0.2737
0.2688
0.2688
0.2835
0.2688
0.2688
0.2688
0.2688
0.2688
0.2688
0.3519
0.2688
0.2688
0.2688
0.2786
0.2737
0.2688
0.2688
0.2737
0.2737
0.2688
0.2688
0.4008
0.2688
0.2639
0.2688
0.2688
0.2688
0.2688
0.2737
0.2639
0.2786
0.2737
0.2737
0.2688
0.2688
0.3226
0.2688
0.2542
0.2737
0.2786
0.2737
0.2737
0.2688
0.2688
0.2688
0.2688
0.2346
0.2688
0.2688
0.2737
