0.1906
0.2053
0.2102
0.1564
0.2395
0.2151
0.1857
0.2053
0.2053
0.2102
0.2102
0.2053
0.2004
0.2151
0.1906
0.2151
0.1955
0.1857
0.2053
0.3079
1.0948
0.3079
0.2884
0.2884
0.3470
0.3861
0.4203
0.5474
0.7820
1.0557
1.2268
1.2903
1.2512
0.9531
0.5132
0.2933
0.2053
0.2053
0.2053
0.2053
0.2102
0.1564
0.2590
0.2102
0.2102
0.2053
0.2053
0.1906
0.1808
0.1369
0.2395
0.1906
0.2102
0.1857
0.1906
0.1857
0.1906
0.1271
0.1955
0.1906
0.2102
0.2053
0.2102
0.1906
0.1857
0.1955
0.2151
0.2102
0.1857
0.2053
0.2297
0.1857
0.1564
0.2395
0.1906
0.2053
0.2102
0.2102
0.1857
0.2053
0.1271
0.2102
0.2053
0.2053
0.2102
0.2053
0.1808
0.2053
0.1955
0.2151
0.2053
0.1857
0.1808
0.2053
0.1857
0.1906
0.2004
0.2297
0.2102
0.1906
0.1906
0.1906
0.2102
0.1760
0.1906
0.2151
0.2053
0.1857
0.1906
0.1906
0.2053
0.1369
0.1906
0.2102
0.2053
0.2053
0.1857
0.1906
0.2053
0.1564
0.1906
0.2004
0.2053
0.2053
0.2102
0.2053
