0.4301
0.4252
0.4888
0.4301
0.4252
0.4252
0.4252
0.4252
0.4252
0.4252
0.3715
0.4643
0.4301
0.4252
0.4301
0.4057
0.4057
0.4106
0.4008
0.4350
0.3519
0.4057
0.4057
0.3861
0.3861
0.4057
0.3861
0.3812
0.3861
0.3812
0.3861
0.3861
0.3861
0.3861
0.3812
0.3861
0.3861
0.3861
0.3812
0.3861
0.4350
0.3861
0.3861
0.3861
0.4008
0.3861
0.3910
0.3861
0.3715
0.3910
0.4008
0.3861
0.3861
0.3861
0.3861
0.4057
0.4057
0.4057
0.3519
0.3861
0.4057
0.4057
0.4057
0.4057
0.4057
0.4057
0.4057
0.4008
0.4106
0.4057
0.4106
0.4106
0.4057
0.4008
0.4008
0.4106
0.4057
0.4057
0.4106
0.4839
0.4106
0.4106
0.4057
0.4057
0.4106
0.4057
0.4057
0.3910
0.4106
0.4057
0.4057
0.4057
0.4106
0.4203
0.4106
0.4057
0.4008
0.4106
0.4057
0.4106
0.4057
0.4106
0.4057
0.4154
0.4057
0.4252
0.4106
0.4057
0.4643
0.4106
0.4057
0.4106
0.4057
0.4106
0.4057
0.4057
0.3910
0.4154
0.4154
0.4057
0.4057
0.4057
0.4106
0.4203
0.4057
0.4106
0.3519
0.4057
0.4057
0.4106
0.4057
0.4057
0.4106
0.4057
0.4057
0.4057
