0.7234
0.6989
0.7234
0.7038
0.7234
0.7234
0.7625
0.7283
0.7087
0.7038
0.7038
0.7283
0.7234
0.7234
0.7283
0.6843
0.7576
0.7038
0.7234
0.7234
0.7038
0.6843
0.6794
0.6549
0.6549
0.6549
0.6598
0.6598
0.6843
0.6843
0.6598
0.6843
0.6843
0.6843
0.6843
0.6843
0.6647
0.6940
0.6989
0.6891
0.6891
0.6647
0.6843
0.6843
0.6843
0.6598
0.6843
0.6354
0.6843
0.6843
0.6598
0.6598
0.6843
0.6598
0.6843
0.6843
0.6843
0.6647
0.6843
0.6940
0.6891
0.6891
0.6843
0.6843
0.6843
0.6598
0.6891
0.6843
0.6696
0.6989
0.6647
0.6843
0.6598
0.6843
0.6843
0.6891
0.6598
0.6843
0.6598
0.6598
0.6598
0.6843
0.6891
0.6843
0.7038
0.6843
0.6843
0.6598
0.6891
0.6891
0.6989
0.6598
0.6843
0.6891
0.6891
