0.2493
0.2493
0.2493
0.2590
0.2493
0.1955
0.3079
0.2493
0.2493
0.2444
0.2444
0.2688
0.2444
0.1955
0.3030
0.2493
0.2493
0.2493
0.2444
0.2444
0.2444
0.1955
0.2444
0.2542
0.2444
0.2493
0.2493
0.2493
0.2444
0.2004
0.2493
0.2444
0.2444
0.2493
0.2590
0.2444
0.2542
0.2493
0.2493
0.2786
0.2493
0.2493
0.2542
0.2493
0.4497
0.2493
0.2542
0.5132
0.2444
0.2444
0.2444
0.2688
0.2493
0.2493
0.2444
0.2493
0.2444
0.3079
0.2444
0.2444
0.2444
0.2493
0.2444
0.2493
0.2493
0.2493
0.2444
0.2444
0.2493
0.2444
0.2444
0.2590
0.2444
0.2444
0.2444
0.2493
0.2444
0.2444
0.2639
0.3079
0.2493
0.2493
0.2444
0.2444
0.2542
0.2493
0.1808
0.3079
0.2493
0.2493
0.2444
0.2444
0.2444
0.2493
0.2053
0.3079
0.2297
0.2297
0.2248
0.2444
0.2248
0.2248
0.1760
0.2297
0.2297
0.2444
0.2248
0.2444
0.2493
0.2493
0.2346
0.2297
0.2542
0.2493
0.2493
0.2297
0.2493
0.2444
0.2346
0.2688
0.2493
0.2493
0.2542
0.2444
0.2444
0.2444
0.2248
0.2444
0.2444
0.2493
0.2542
0.2248
0.2444
0.2493
0.2444
0.2493
0.2248
0.2297
0.2542
0.2493
0.2444
0.2542
0.2493
0.2444
0.2493
0.2493
0.2493
0.2444
0.2444
0.2444
0.2493
0.2493
0.2444
0.2444
0.2590
0.2444
0.2493
0.2444
0.2248
0.2493
0.2493
0.2444
0.2542
0.2493
0.2493
0.2444
0.2493
0.2248
0.2444
0.2297
0.2346
