0.9335
0.9335
0.9384
0.9335
0.9335
0.9384
0.9335
0.9335
0.9335
0.9384
0.9384
0.9335
0.9335
0.9140
0.9286
0.8944
0.8993
0.9335
0.8847
0.8798
0.8749
0.8798
0.8602
0.8602
0.8798
0.8553
0.8798
0.8211
0.9335
0.8798
0.8798
0.8602
0.8602
0.8602
0.8602
0.8847
0.8602
0.8602
0.8602
0.8211
0.9140
0.8651
0.8651
0.8602
0.8553
0.8602
0.8651
0.8798
0.8602
0.8602
0.8602
0.8553
0.8553
0.8553
0.8602
0.8553
0.8602
0.8553
0.8553
0.8553
0.8553
0.8553
0.8651
0.9140
0.8847
0.8749
0.8602
0.8993
0.8602
0.8993
0.8553
0.8602
0.8553
0.8211
0.8749
0.8602
0.8602
0.8553
0.8798
0.8553
0.8749
0.8602
0.8602
0.8553
0.8602
0.8700
0.9140
0.8651
0.8602
0.8553
0.8798
0.8553
0.8602
