0.4154
0.4057
0.4106
0.4057
0.4057
0.4594
0.4057
0.4057
0.4057
0.4057
0.4106
0.4154
0.4106
0.4057
0.4008
0.4106
0.4057
0.3861
0.4399
0.3324
0.4399
0.3861
0.3861
0.3861
0.3812
0.3861
0.3861
0.3861
0.3519
0.3861
0.3861
0.3861
0.3861
0.3861
0.3812
0.3861
0.3861
0.3861
0.3861
0.4203
0.3861
0.3861
0.4252
0.3861
0.3861
0.3959
0.3959
0.3861
0.4448
0.3861
0.3861
0.3861
0.3910
0.4203
0.3861
0.3861
0.3372
0.4057
0.3959
0.3861
0.3910
0.3861
0.3861
0.3861
0.3861
0.3861
0.3910
0.3861
0.3861
0.3861
0.3910
0.3861
0.3861
0.3959
0.3910
0.3861
0.3861
0.4106
0.3910
0.4057
0.3861
0.3910
0.3861
0.3861
0.3861
0.3861
0.4497
0.3910
0.3861
0.3861
0.3861
0.3910
0.3861
0.3861
0.3372
0.4057
0.3910
0.3861
