0.1124
0.1320
0.1075
0.1075
0.1320
0.1271
0.1369
0.1124
0.1075
0.1075
0.1320
0.1320
0.1271
0.1271
0.0978
0.1320
0.1271
0.1320
0.1075
0.1320
0.1075
0.1026
0.0978
0.1271
0.0929
0.1271
0.1320
0.1026
0.1075
0.1271
0.0782
0.1320
0.1320
0.1320
0.1271
0.1271
0.1271
0.1075
0.1075
0.1369
0.1026
0.1271
0.1271
0.1271
0.1320
0.1271
0.1075
0.1222
0.1271
0.1271
0.1320
0.1271
0.1026
0.1271
0.1075
0.1075
0.1075
0.1124
0.1124
0.1075
0.1075
0.1320
0.1173
0.1320
0.1320
0.1075
0.1075
0.1075
0.1026
0.1075
0.1075
0.1075
0.1417
0.1124
0.1075
0.1271
0.1271
0.1320
0.1271
0.1320
0.1515
0.1124
0.1075
0.1075
0.1271
0.1320
0.1124
0.0782
0.1515
0.1320
0.1271
0.1075
0.1271
0.1124
0.1320
0.0782
0.1515
0.1320
0.1075
0.1320
0.1271
0.1271
0.1271
0.0782
0.1320
0.1124
0.1271
0.1271
0.1271
0.1075
0.1271
0.1075
0.1173
0.1124
0.1075
0.1320
0.1271
0.1075
0.1075
0.1271
0.0978
0.1075
0.1271
0.1075
0.1466
0.1124
0.1075
0.1124
0.0782
0.1320
0.1075
0.1075
0.1271
0.1271
0.1271
0.1075
0.1075
0.1124
0.1222
0.1124
