0.0782
0.1515
0.1369
0.1320
0.1320
0.1320
0.1075
0.1271
0.1075
0.1173
0.1320
0.1124
0.1271
0.1320
0.1271
0.1271
0.1320
0.1173
0.1417
0.1466
0.1075
0.1124
0.5621
1.1290
1.1144
0.7918
0.2981
0.2444
0.3861
0.7625
0.7576
0.8553
0.9726
0.9140
0.9531
0.9873
0.7771
0.2884
0.1857
0.1515
0.0831
0.1857
0.1271
0.1271
0.1271
0.1124
0.1271
0.1075
0.0978
0.1271
0.1271
0.1026
0.1320
0.1075
0.1124
0.0782
0.1515
0.1124
0.1320
0.1026
0.1075
0.1026
0.1271
0.0782
0.1075
0.1515
0.1466
0.1320
0.1271
0.1271
0.1320
0.0929
0.1075
0.1320
0.1271
0.1075
0.1320
0.1369
0.1271
0.1369
0.1075
0.1075
0.1271
0.1515
0.1075
0.1271
0.1173
0.1417
0.1271
0.1515
0.1271
0.1271
0.1271
0.1271
0.1466
0.1124
0.1124
0.1320
0.1320
0.1271
0.1515
0.1369
0.1320
0.1320
0.1320
0.1271
0.1271
0.1075
0.1271
0.1320
0.1271
0.1124
0.1320
0.1466
0.1271
0.1271
0.1271
0.1320
0.1369
0.1271
0.1271
0.1271
0.1271
0.1271
