1.0020
1.0020
1.0068
1.0020
1.0020
1.0020
1.0020
1.0068
1.0655
1.0117
1.0020
1.0020
1.0020
1.0020
1.0020
0.9824
0.9726
0.9531
0.9384
0.9335
0.9335
0.9335
0.9335
0.9384
0.9335
0.9335
0.9335
0.9384
0.9335
0.9335
0.9384
0.9922
0.9433
0.9335
0.9335
0.9384
0.9286
0.9335
0.9335
0.9335
0.9335
0.9384
0.9580
0.9531
0.9384
0.9384
0.9531
0.9384
0.9335
0.9286
0.9384
0.9335
0.9384
0.9629
0.9433
0.9384
0.9384
0.9384
0.9384
0.9384
0.9384
0.9775
0.9384
0.9384
0.9971
0.9335
0.9384
0.9384
0.9384
0.9384
0.9384
0.9335
0.9384
0.9335
0.9384
0.9335
0.9335
0.9384
0.9335
0.9384
0.9384
0.9384
0.9335
0.9384
0.9384
0.9091
0.9726
0.9433
0.9384
0.9335
0.9531
