0.4448
0.4252
0.4497
0.4448
0.4399
0.4448
0.4497
0.4448
0.4497
0.4203
0.4448
0.4252
0.4252
0.4448
0.4252
0.4497
0.4252
0.4252
0.4252
0.4008
0.4057
0.4057
0.4008
0.4008
0.4057
0.4643
0.4252
0.4252
0.4252
0.4057
0.4057
0.4057
0.4106
0.4057
0.4008
0.4643
0.4057
0.4252
0.4203
0.4301
0.4301
0.4252
0.4350
0.4203
0.4252
0.4301
0.4252
0.4301
0.4252
0.4252
0.4252
0.4252
0.4252
0.4252
0.4643
0.4301
0.4301
0.4252
0.4203
0.4252
0.4301
0.4301
0.4252
0.4301
0.4350
0.4252
0.4790
0.4252
0.4448
0.4057
0.4203
0.4252
0.3715
0.4839
0.4252
0.4252
0.4252
0.4252
0.4252
0.4252
0.4252
0.3715
0.4252
0.4252
0.4252
0.4301
0.4301
0.4252
0.4252
0.4252
0.4252
0.4252
0.4252
0.4301
0.4252
0.4252
0.4203
0.4252
0.4301
