1.1926
1.1730
1.1779
1.1730
1.1681
1.1730
1.1730
1.1730
1.1730
1.1877
1.1730
1.1975
1.1877
1.1681
1.1730
1.1730
1.1681
1.1730
1.1730
1.1681
1.1730
1.1730
1.1730
1.1730
1.1730
1.1730
1.1486
1.1339
1.1290
1.1193
1.1144
1.0948
1.0606
1.1144
1.1095
1.0802
1.0753
1.0948
1.0753
1.0802
1.1486
1.0753
1.0704
1.0753
1.0948
1.0948
1.0997
1.0948
1.0997
1.0948
1.0948
1.0948
1.0948
1.0948
1.0948
1.0997
1.0655
1.1290
1.1095
1.0948
1.0997
1.0997
1.0997
1.0948
1.0948
1.0899
1.0948
1.0899
1.0948
1.0997
1.0948
1.0997
1.0948
1.0948
1.0997
1.0948
1.1095
1.0948
1.0948
1.0557
1.1535
1.1095
1.0948
1.0997
1.0997
1.0997
1.0997
1.0948
1.0997
1.0997
1.0948
1.0948
1.0948
1.0948
1.1095
1.0948
1.0948
1.0948
1.0997
1.0948
1.0948
1.0948
1.1095
1.1584
1.0997
1.0899
1.0997
1.0948
1.0997
1.0948
1.0997
1.0948
1.0948
