0.5034
0.4692
0.4643
0.4643
0.4643
0.4594
0.4839
0.4643
0.4643
0.4936
0.4790
0.4643
0.4643
0.4839
0.4839
0.4643
0.4692
0.4741
0.4448
0.4448
0.4399
0.4448
0.4399
0.4839
0.4448
0.4399
0.5132
0.4497
0.4448
0.4497
0.4448
0.4790
0.4448
0.4448
0.3910
0.4448
0.4448
0.4497
0.4448
0.4448
0.4448
0.4399
0.4448
0.4448
0.4643
0.4692
0.4643
0.4448
0.4643
0.4643
0.4643
0.4692
0.4643
0.4497
0.4545
0.4497
0.4643
0.4643
0.4448
0.4643
0.4643
0.4643
0.4692
0.4741
0.4643
0.4643
0.4643
0.4643
0.4643
0.5181
0.4399
0.4692
0.4741
0.4497
0.4643
0.4448
0.4448
0.4594
0.4643
0.4594
0.4692
0.4643
0.4692
0.4497
0.4448
0.4448
0.4643
0.4643
0.4497
0.4497
0.4643
0.4643
0.4448
0.4643
0.4643
0.4643
0.4643
0.4643
0.4643
0.4497
0.4692
0.4643
0.4643
0.4448
0.4692
0.4692
0.4448
0.4106
0.5034
0.4497
0.4692
0.4692
