0.1662
0.1662
0.1906
0.1857
0.1711
0.1906
0.2444
0.1711
0.1662
0.1857
0.1857
0.1906
0.1711
0.1173
0.2395
0.1955
0.1662
0.1857
0.1906
0.1711
0.1857
0.1271
0.2444
0.1711
0.1906
0.1711
0.1466
0.1466
0.1662
0.0978
0.2297
0.1711
0.1515
0.1662
0.1906
0.1662
0.1906
0.1075
0.2248
0.1711
0.1662
0.1662
0.1662
0.1857
0.1857
0.1271
0.2248
0.1662
0.1662
0.1662
0.1662
0.1662
0.1662
0.1369
0.2248
0.1662
0.1662
0.1906
0.1466
0.1662
0.1662
0.1271
0.1711
0.1662
0.1955
0.1857
0.1662
0.1711
0.1711
0.1075
0.1662
0.1711
0.1906
0.1662
0.1662
0.1662
0.1662
0.1662
0.1711
0.1711
0.1662
0.1711
0.1906
0.1711
0.1711
0.1906
0.1711
0.1711
0.1662
0.1662
0.1662
0.1711
0.1662
0.1662
0.1662
0.1711
0.1662
0.1662
0.1662
