0.1320
0.1075
0.1271
0.1124
0.1075
0.1271
0.1124
0.0978
0.1173
0.0929
0.1320
0.1320
0.1320
0.1320
0.1075
0.0489
0.1613
0.1320
0.1075
0.1124
0.1075
0.1124
0.1075
0.1271
0.1124
0.1124
0.1075
0.1271
0.1271
0.1075
0.1124
0.1075
0.1075
0.1075
0.1124
0.0880
0.1075
0.1271
0.1222
0.1320
0.1320
0.1271
0.1124
0.1320
0.1075
0.1271
0.1075
0.1271
0.1662
0.1075
0.1075
0.1711
0.1271
0.1124
0.1271
0.0880
0.0929
0.1075
0.1075
0.1320
0.1271
0.1222
0.0880
0.1320
0.1320
0.1271
0.1124
0.1417
0.1320
0.1075
0.1075
0.1320
0.1075
0.1124
0.0978
0.1417
0.1320
0.1271
0.1075
0.1075
0.1320
0.1271
0.0978
0.1662
0.1222
0.1320
0.1271
0.1271
0.1075
0.1124
0.0978
0.1906
0.1124
0.0880
0.1369
0.1271
0.1075
0.1320
0.0391
0.1808
0.1271
0.1075
0.1075
0.1075
0.1320
0.1271
