0.1075
0.1320
0.1466
0.0782
0.1515
0.1369
0.1124
0.1075
0.1124
0.1320
0.1271
0.0978
0.1026
0.1320
0.1271
0.0880
0.1466
0.1124
0.1026
0.1124
0.0196
0.1662
0.0929
0.1124
0.1124
0.1075
0.1271
0.1075
0.0782
0.1271
0.1075
0.1124
0.1124
0.1075
0.1320
0.1466
0.1075
0.1075
0.1320
0.1124
0.1075
0.1271
0.1320
0.1124
0.1075
0.1271
0.1320
0.0880
0.1124
0.1320
0.1320
0.1271
0.1124
0.0880
0.1075
0.1271
0.1075
0.1271
0.1271
0.1075
0.1124
0.1075
0.1124
0.1222
0.1124
0.1075
0.1271
0.1075
0.1124
0.1320
0.1075
0.1222
0.0929
0.1075
0.1124
0.1124
0.1271
0.1075
0.0489
0.1857
0.1124
0.1124
0.1271
0.1075
0.1075
0.1075
0.0489
0.1515
