0.8749
0.8553
0.8553
0.8113
0.8602
0.8651
0.8602
0.8553
0.8602
0.8553
0.8553
0.8602
0.8602
0.8798
0.8602
0.8944
0.8309
0.8211
0.8260
0.8065
0.8016
0.8016
0.8016
0.7967
0.8016
0.7820
0.8113
0.7967
0.8211
0.7967
0.8016
0.8016
0.8065
0.8016
0.8065
0.8065
0.8016
0.8016
0.8553
0.8065
0.8065
0.8016
0.8016
0.8504
0.8016
0.8016
0.8016
0.8016
0.7576
0.8749
0.7967
0.8016
0.8016
0.8016
0.8016
0.7967
0.8016
0.8016
0.7967
0.8016
0.8016
0.8456
0.8065
0.8016
0.8016
0.8016
0.8016
0.8016
0.8065
0.8211
0.7625
0.8553
0.8065
0.8016
0.8162
0.8211
0.8016
0.8016
0.8016
0.8065
0.7967
0.8016
0.8016
0.8749
0.8065
0.8016
0.8016
0.8016
0.8016
0.8016
0.8016
0.8016
0.7625
0.8553
0.8065
0.8162
0.8260
0.8016
0.8016
0.8065
0.8016
