0.2688
0.2542
0.2542
0.2542
0.2493
0.2639
0.3079
0.2493
0.2542
0.2493
0.2737
0.2493
0.2493
0.2688
0.2688
0.2688
0.2688
0.2688
0.2688
0.2688
0.2688
0.2639
0.2639
0.2639
0.2688
0.2688
0.2639
0.2639
0.2493
0.2444
0.2688
0.3079
0.2688
0.2444
0.2688
0.2688
0.2395
0.2493
0.2542
0.2639
0.2542
0.2688
0.2639
0.2493
0.2493
0.2688
0.2542
0.1857
0.4008
0.2493
0.2493
0.2639
0.2737
0.2981
0.2688
0.2151
0.3079
0.2737
0.2688
0.2933
0.2493
0.2493
0.2639
0.2639
0.2688
0.2688
0.2639
0.2688
0.2688
0.2688
0.2444
0.2639
0.2151
0.2688
0.2688
0.2688
0.2688
0.2639
0.2639
0.2688
0.2444
0.2737
0.2688
0.2688
0.2688
0.2688
0.2639
0.2639
0.2639
0.2639
0.2688
0.2688
0.2688
0.2639
0.2639
0.2688
0.2493
0.2688
0.2639
0.2933
0.2688
0.2639
0.2639
0.2639
0.2639
0.2688
0.2835
0.2786
0.2688
0.2688
0.2786
0.2688
