0.4497
0.4790
0.4643
0.4643
0.3959
0.4643
0.4643
0.4643
0.4692
0.4643
0.4448
0.4790
0.4692
0.4008
0.4643
0.4497
0.4497
0.4497
0.4448
0.4399
0.4252
0.4203
0.4252
0.4252
0.4301
0.4252
0.4252
0.4545
0.4203
0.4448
0.4448
0.4448
0.4497
0.5034
0.4301
0.4252
0.4497
0.4448
0.4252
0.4203
0.4497
0.3910
0.5034
0.4301
0.4448
0.4448
0.4448
0.4448
0.4448
0.4252
0.4448
0.4301
0.4252
0.4448
0.4252
0.4497
0.4497
0.4448
0.4545
0.4448
0.4252
0.4252
0.4252
0.4497
0.4448
0.4448
0.4399
0.4448
0.4448
0.4252
0.4448
0.4399
0.4448
0.4448
0.4497
0.4448
0.4203
0.4252
0.4252
0.4643
0.4497
0.4448
0.4497
0.4497
0.4545
0.4252
0.4497
0.3910
0.4545
0.4545
0.4448
0.4301
