milliseconds	Werte
461	0
461	
4;0;0;47;44
576	0
576	
118;0;0;48;45
690	0
690	
232;0;0;48;45
804	0
804	
346;0;0;48;45
918	0
918	
460;0;0;48;45
1032	0
1032	
574;0;0;48;45
1147	0
1147	
689;0;0;48;45
1273	0
1273	
815;0;0;48;45
1387	0
1387	
929;0;0;48;45
1501	0
1501	
1043;0;0;48;45
1615	0
1615	
1157;0;0;48;45
1729	0
1729	
1271;0;0;48;45
1844	0
1844	
1386;0;0;48;45
1958	0
1958	
1500;0;0;48;45
2082	0
2082	
1617;0;0;48;45
2199	0
2199	
1741;0;0;48;45
2313	0
2313	
1855;0;0;48;45
2428	0
2428	
1970;0;0;48;45
2542	0
2542	
2084;0;0;48;45
2656	0
2656	
2198;0;0;48;45
2771	0
2771	
2313;0;0;48;45
2888	0
2888	
2431;0;0;48;45
3010	0
3010	
2545;0;0;48;45
3127	0
3127	
2669;0;0;48;45
3241	0
3241	
2783;0;0;48;45
3355	0
3355	
2897;0;0;48;45
3470	0
3470	
3012;0;0;48;45
3587	0
3587	
3126;0;0;48;45
3702	0
3702	
3244;0;0;48;45
3816	0
3816	
3358;0;0;48;45
3936	0
3936	
3472;0;0;48;45
4054	0
4054	
3596;0;0;48;45
4169	0
4169	
3711;0;0;48;45
4283	0
4283	
3825;0;0;48;45
4400	0
4400	
3942;0;0;48;45
4515	0
4515	
4057;0;0;48;45
4629	0
4629	
4171;0;0;48;45
4743	0
4743	
4285;0;0;48;45
4863	0
4863	
4399;0;0;48;45
4982	0
4982	
4524;0;0;48;45
5096	0
5096	
4638;0;0;48;45
5213	0
5213	
4756;0;0;48;45
5328	0
5328	
4870;0;0;48;45
5442	0
5442	
4984;0;0;48;45
5556	0
5556	
5098;0;0;48;45
5672	0
5672	
5214;0;0;48;45
5791	0
5791	
5328;0;0;48;45
5913	0
5913	
5452;0;0;48;45
6027	0
6027	
5569;0;0;48;45
6141	0
6141	
5683;0;0;48;45
6256	0
6256	
5798;0;0;48;45
6371	0
6371	
5913;0;0;48;45
6485	0
6485	
6027;0;0;48;45
6599	0
6599	
6141;0;0;48;45
6722	0
6722	
6255;0;0;48;45
6839	0
6839	
6381;0;0;48;45
6954	0
6954	
6496;0;0;48;45
7069	0
7069	
6611;0;0;48;45
7183	0
7183	
6725;0;0;48;45
7297	0
7297	
6839;0;0;48;45
7411	0
7411	
6953;0;0;48;45
7529	0
7529	
7068;0;0;48;45
7649	0
7649	
7186;0;0;48;45
7768	0
7768	
7310;0;0;48;45
7882	0
7882	
7424;0;0;48;45
7996	0
7996	
7538;0;0;48;45
8110	0
8110	
7652;0;0;48;45
8225	0
8225	
7767;0;0;48;45
8342	0
8342	
7881;0;0;48;45
8456	0
8456	
7998;0;0;48;45
8576	0
8576	
8113;0;0;48;45
8694	0
8694	
8236;0;0;48;45
8808	0
8808	
8350;0;0;48;45
8923	0
8923	
8465;0;0;48;45
9037	0
9037	
8579;0;0;48;45
9154	0
9154	
8697;0;0;48;45
9270	0
9270	
8812;0;0;48;45
9384	0
9384	
8926;0;0;48;45
9504	0
9504	
9041;0;0;48;45
9623	0
9623	
9165;0;0;48;45
9737	0
9737	
9279;0;0;48;45
9854	0
9854	
9393;0;0;48;45
9969	0
9969	
9511;0;0;48;45
10084	0
10084	
9625;0;0;48;45
10198	0
10198	
9740;0;0;48;45
10312	0
10312	
9854;0;0;48;45
10432	0
10432	
9968;0;0;48;45
10549	0
10549	
10091;0;0;48;45
10668	0
10668	
10206;0;0;48;45
10783	0
10783	
10325;0;0;48;45
10898	0
10898	
10440;0;0;48;45
11013	0
11013	
10555;0;0;48;45
11128	0
11128	
10670;0;0;48;45
11243	0
11243	
10785;0;0;48;45
11365	0
11365	
10901;0;0;48;45
11486	0
11486	
11028;0;0;48;45
11601	0
11601	
11143;0;0;48;45
11716	0
11716	
11258;0;0;48;45
11831	0
11831	
11373;0;0;48;45
11947	0
11947	
11489;0;0;48;45
12063	0
12063	
11604;0;0;48;45
12181	0
12181	
11720;0;0;48;45
12301	0
12301	
11838;0;0;48;45
12420	0
12420	
11962;0;0;48;45
12536	0
12536	
12078;0;0;48;45
12651	0
12651	
12193;0;0;48;45
12766	0
12766	
12309;0;0;48;45
12882	0
12882	
12424;0;0;48;45
13000	0
13000	
12542;0;0;48;45
13116	0
13116	
12658;0;0;48;45
13236	0
13236	
12773;0;0;48;45
13355	0
13355	
12897;0;0;48;45
13471	0
13471	
13013;0;0;48;45
13586	0
13586	
13128;0;0;48;45
13705	0
13705	
13247;0;0;48;45
13820	0
13820	
13362;0;0;48;45
13935	0
13935	
13477;0;0;48;45
14050	0
14050	
13592;0;0;48;45
14170	0
14170	
13707;0;0;48;45
14290	0
14290	
13832;0;0;48;45
14408	0
14408	
13947;0;0;48;45
14523	0
14523	
14065;0;0;48;45
14638	0
14638	
14180;0;0;48;45
14753	0
14753	
14295;0;0;48;45
14869	0
14869	
14410;0;0;48;45
14984	0
14984	
14526;0;0;48;45
15104	0
15104	
14641;0;0;48;45
15226	0
15226	
14768;0;0;48;45
15341	0
15341	
14883;0;0;48;45
15457	0
15457	
14998;0;0;48;45
15573	0
15573	
15115;0;0;48;45
15688	0
15688	
15230;0;0;48;45
15803	0
15803	
15345;0;0;48;45
15919	0
15919	
15460;0;0;48;45
16041	0
16041	
15578;0;0;48;45
16161	0
16161	
15703;0;0;48;45
16277	0
16277	
15819;0;0;48;45
16392	0
16392	
15934;0;0;48;45
16507	0
16507	
16049;0;0;48;45
16622	0
16622	
16164;0;0;48;45
16741	0
16741	
16283;0;0;48;45
16856	0
16856	
16398;0;0;48;45
16978	0
16978	
16514;0;0;48;45
17096	0
17096	
16638;0;0;48;45
17211	0
17211	
16753;0;0;48;45
17327	0
17327	
16869;0;0;48;45
17445	0
17445	
16988;0;0;48;45
17561	0
17561	
17103;0;0;48;45
17677	0
17677	
17219;0;0;48;45
17792	0
17792	
17334;0;0;48;45
17913	0
17913	
17450;0;0;48;45
18032	0
18032	
17574;0;0;48;45
18150	0
18150	
17689;0;0;48;45
18266	0
18266	
17807;0;0;48;45
18381	0
18381	
17923;0;0;48;45
18497	0
18497	
18039;0;0;48;45
18612	0
18612	
18154;0;0;48;45
18727	0
18727	
18269;0;0;48;45
18847	0
18847	
18384;0;0;48;45
18970	0
18970	
18511;0;0;48;45
19085	0
19085	
18627;0;0;48;45
19200	0
19200	
18742;0;0;48;45
19315	0
19315	
18857;0;0;48;45
19430	0
19430	
18972;0;0;48;45
19545	0
19545	
19087;0;0;48;45
19664	0
19664	
19203;0;0;48;45
19786	0
19786	
19322;0;0;48;45
19904	0
19904	
19446;0;0;48;45
20019	0
20019	
19561;0;0;48;45
20134	0
20134	
19676;0;0;48;45
20250	0
20250	
19792;0;0;48;45
20365	0
20365	
19907;0;0;48;45
20484	0
20484	
20026;0;0;48;45
20599	0
20599	
20141;0;0;48;45
20720	0
20720	
20256;0;0;48;45
20839	0
20839	
20381;0;0;48;45
20954	0
20954	
20496;0;0;48;45
21069	0
21069	
20611;0;0;48;45
21188	0
21188	
20731;0;0;48;45
21304	0
21304	
20846;0;0;48;45
21420	0
21420	
20962;0;0;48;45
21535	0
21535	
21077;0;0;48;45
21656	0
21656	
21192;0;0;48;45
21775	0
21775	
21316;0;0;48;45
21893	0
21893	
21432;0;0;48;45
22009	0
22009	
21551;0;0;48;45
22124	0
22124	
21666;0;0;48;45
22239	0
22239	
21781;0;0;48;45
22354	0
22354	
21896;0;0;48;45
22469	0
22469	
22011;0;0;48;45
22598	0
22598	
22127;0;0;48;45
22713	0
22713	
22255;0;0;48;45
22828	0
22828	
22370;0;0;48;45
22943	0
22943	
22485;0;0;48;45
23058	0
23058	
22600;0;0;48;45
23174	0
23174	
22715;0;0;48;45
23289	0
23289	
22831;0;0;48;45
23407	0
23407	
22946;0;0;48;45
23528	0
23528	
23064;0;0;48;45
23646	0
23646	
23188;0;0;48;45
23761	0
23761	
23303;0;0;48;45
23878	0
23878	
23419;0;0;48;45
23993	0
23993	
23535;0;0;48;45
24109	0
24109	
23650;0;0;48;45
24226	0
24226	
23768;0;0;48;45
24341	0
24341	
23883;0;0;48;45
24464	0
24464	
23999;0;0;48;45
24581	0
24581	
24124;0;0;48;45
24697	0
24697	
24239;0;0;48;45
24812	0
24812	
24354;0;0;48;45
24929	0
24929	
24472;0;0;48;45
25046	0
25046	
24588;0;0;48;45
25161	0
25161	
24703;0;0;48;45
25277	0
25277	
24818;0;0;48;45
25398	0
25398	
24934;0;0;48;45
25516	0
25516	
25058;0;0;48;45
25634	0
25634	
25176;0;0;48;45
25750	0
25750	
25292;0;0;48;45
25865	0
25865	
25407;0;0;48;45
25980	0
25980	
25523;0;0;48;45
26096	0
26096	
25638;0;0;48;45
26212	0
26212	
25754;0;0;48;45
26339	0
26339	
25869;0;0;48;45
26454	0
26454	
25996;0;0;48;45
26569	0
26569	
26111;0;0;48;45
26684	0
26684	
26226;0;0;48;45
26800	0
26800	
26342;0;0;48;45
26915	0
26915	
26457;0;0;48;45
27030	0
27030	
26572;0;0;48;45
27148	0
27148	
26687;0;0;48;45
27268	0
27268	
26805;0;0;48;45
27388	0
27388	
26930;0;0;48;45
27503	0
27503	
27045;0;0;48;45
27618	0
27618	
27160;0;0;48;45
27733	0
27733	
27275;0;0;48;45
27849	0
27849	
27390;0;0;48;45
27967	0
27967	
27509;0;0;48;45
28082	0
28082	
27625;0;0;48;45
28204	0
28204	
27740;0;0;48;45
28322	0
28322	
27864;0;0;48;45
28437	0
28437	
27979;0;0;48;45
28553	0
28553	
28095;0;0;48;45
28671	0
28671	
28213;0;0;48;45
28786	0
28786	
28328;0;0;48;45
28901	0
28901	
28443;0;0;48;45
29016	0
29016	
28558;0;0;48;45
29138	0
29138	
28674;0;0;48;45
29256	0
29256	
28798;0;0;48;45
29373	0
29373	
28915;0;0;48;45
29490	0
29490	
29032;0;0;48;45
29605	0
29605	
29147;0;0;48;45
29721	0
29721	
29262;0;0;48;45
29836	0
29836	
29378;0;0;48;45
29951	0
29951	
29493;0;0;48;45
30078	0
30078	
29608;0;0;48;45
30193	0
30193	
29735;0;0;48;45
30309	0
30309	
29850;0;0;48;45
30424	0
30424	
29966;0;0;48;45
30539	0
30539	
30081;0;0;48;45
30654	0
30654	
30196;0;0;48;45
30769	0
30769	
30311;0;0;48;45
30887	0
30887	
30427;0;0;48;45
31009	0
31009	
30546;0;0;48;45
31128	0
31128	
30670;0;0;48;45
31243	0
31243	
30785;0;0;48;45
31358	0
31358	
30900;0;0;48;45
31473	0
31473	
31015;0;0;48;45
31590	0
31590	
31131;0;0;48;45
31707	0
31707	
31249;0;0;48;45
31822	0
31822	
31364;0;0;48;45
31943	0
31943	
31479;0;0;48;45
32061	0
32061	
31603;0;0;48;45
32177	0
32177	
31719;0;0;48;45
32292	0
32292	
31834;0;0;48;45
32410	0
32410	
31953;0;0;48;45
32526	0
32526	
32068;0;0;48;45
32641	0
32641	
32183;0;0;48;45
32757	0
32757	
32299;0;0;48;45
32878	0
32878	
32414;0;0;48;45
32996	0
32996	
32538;0;0;48;45
33114	0
33114	
32653;0;0;48;45
33229	0
33229	
32771;0;0;48;45
33345	0
33345	
32887;0;0;48;45
33460	0
33460	
33002;0;0;48;45
33575	0
33575	
33117;0;0;48;45
33690	0
33690	
33232;0;0;48;45
33810	0
33810	
33347;0;0;48;45
33933	0
33933	
33475;0;0;48;45
34048	0
34048	
33590;0;0;48;45
34163	0
34163	
33705;0;0;48;45
34278	0
34278	
33820;0;0;48;45
34393	0
34393	
33935;0;0;48;45
34509	0
34509	
34051;0;0;48;45
34627	0
34627	
34166;0;0;48;45
34748	0
34748	
34284;0;0;48;45
34866	0
34866	
34408;0;0;48;45
34981	0
34981	
34523;0;0;48;45
35097	0
35097	
34639;0;0;48;45
35212	0
35212	
34754;0;0;48;45
35327	0
35327	
34869;0;0;48;45
35445	0
35445	
34987;0;0;48;45
35560	0
35560	
35102;0;0;48;45
35683	0
35683	
35218;0;0;48;45
35800	0
35800	
35342;0;0;48;45
35915	0
35915	
35457;0;0;48;45
36030	0
36030	
35572;0;0;48;45
36147	0
36147	
35689;0;0;48;45
36264	0
36264	
35806;0;0;48;45
36379	0
36379	
35921;0;0;48;45
36494	0
36494	
36036;0;0;48;45
36615	0
36615	
36151;0;0;48;45
36733	0
36733	
36275;0;0;48;45
36852	0
36852	
36391;0;0;48;45
36967	0
36967	
36509;0;0;48;45
37082	0
37082	
36624;0;0;48;45
37197	0
37197	
36739;0;0;48;45
37312	0
37312	
36854;0;0;48;45
37428	0
37428	
36969;0;0;48;45
37548	0
37548	
37085;0;0;48;45
37670	0
37670	
37212;0;0;48;45
37785	0
37785	
37327;0;0;48;45
37900	0
37900	
37442;0;0;48;45
38015	0
38015	
37557;0;0;48;45
38131	0
38131	
37673;0;0;48;45
38246	0
38246	
37788;0;0;48;45
38362	0
38362	
37903;0;0;48;45
38485	0
38485	
38021;0;0;48;45
38603	0
38603	
38145;0;0;48;45
38719	0
38719	
38261;0;0;48;45
38834	0
38834	
38376;0;0;48;45
38949	0
38949	
38491;0;0;48;45
39064	0
39064	
38606;0;0;48;45
39182	0
39182	
38725;0;0;48;45
39299	0
39299	
38841;0;0;48;45
39419	0
39419	
38956;0;0;48;45
39538	0
39538	
39080;0;0;48;45
39653	0
39653	
39195;0;0;48;45
39768	0
39768	
39310;0;0;48;45
39887	0
39887	
39426;0;0;48;45
40002	0
40002	
39544;0;0;48;45
40117	0
40117	
39659;0;0;48;45
40232	0
40232	
39774;0;0;48;45
40352	0
40352	
39889;0;0;48;45
40472	0
40472	
40014;0;0;48;45
40590	0
40590	
40129;0;0;48;45
40705	0
40705	
40247;0;0;48;45
40820	0
40820	
40362;0;0;48;45
40935	0
40935	
40477;0;0;48;45
41051	0
41051	
40593;0;0;48;45
41166	0
41166	
40708;0;0;48;45
41288	0
41288	
40823;0;0;48;45
41408	0
41408	
40951;0;0;48;45
41523	0
41523	
41065;0;0;48;45
41639	0
41639	
41181;0;0;48;45
41754	0
41754	
41296;0;0;48;45
41869	0
41869	
41411;0;0;48;45
41984	0
41984	
41526;0;0;48;45
42099	0
42099	
41641;0;0;48;45
42226	0
42226	
41760;0;0;48;45
42342	0
42342	
41884;0;0;48;45
42457	0
42457	
41999;0;0;48;45
42572	0
42572	
42114;0;0;48;45
42687	0
42687	
42229;0;0;48;45
42803	0
42803	
42345;0;0;48;45
42921	0
42921	
42460;0;0;48;45
43036	0
43036	
42578;0;0;48;45
43156	0
43156	
42693;0;0;48;45
43275	0
43275	
42817;0;0;48;45
43391	0
43391	
42933;0;0;48;45
43506	0
43506	
43048;0;0;48;45
43624	0
43624	
43163;0;0;48;45
43739	0
43739	
43281;0;0;48;45
43854	0
43854	
43396;0;0;48;45
43970	0
43970	
43512;0;0;48;45
44093	0
44093	
43627;0;0;48;45
44209	0
44209	
43751;0;0;48;45
44324	0
44324	
43866;0;0;48;45
44442	0
44442	
43984;0;0;48;45
44558	0
44558	
44099;0;0;48;45
44673	0
44673	
44215;0;0;48;45
44788	0
44788	
44330;0;0;48;45
44903	0
44903	
44445;0;0;48;45
45025	0
45025	
44560;0;0;48;45
45145	0
45145	
44686;0;0;48;45
45261	0
45261	
44803;0;0;48;45
45376	0
45376	
44918;0;0;48;45
45491	0
45491	
45033;0;0;48;45
45606	0
45606	
45148;0;0;48;45
45721	0
45721	
45263;0;0;48;45
45837	0
45837	
45379;0;0;48;45
45960	0
45960	
45497;0;0;48;45
46079	0
46079	
45621;0;0;48;45
46194	0
46194	
45736;0;0;48;45
46309	0
46309	
45851;0;0;48;45
46425	0
46425	
45967;0;0;48;45
46540	0
46540	
46082;0;0;48;45
46658	0
46658	
46197;0;0;48;45
46773	0
46773	
46315;0;0;48;45
46897	0
46897	
46430;0;0;48;45
47013	0
47013	
46555;0;0;48;45
47128	0
47128	
46670;0;0;48;45
47243	0
47243	
46785;0;0;48;45
47361	0
47361	
46900;0;0;48;45
47476	0
47476	
47018;0;0;48;45
47592	0
47592	
47134;0;0;48;45
47707	0
47707	
47249;0;0;48;45
47829	0
47829	
47364;0;0;48;45
47946	0
47946	
47488;0;0;48;45
48061	0
48061	
47603;0;0;48;45
48180	0
48180	
47722;0;0;48;45
48295	0
48295	
47837;0;0;48;45
48410	0
48410	
47952;0;0;48;45
48525	0
48525	
48067;0;0;48;45
48640	0
48640	
48182;0;0;48;45
48763	0
48763	
48298;0;0;48;45
48882	0
48882	
48424;0;0;48;45
48998	0
48998	
48540;0;0;48;45
49113	0
49113	
48655;0;0;48;45
49228	0
49228	
48770;0;0;48;45
49344	0
49344	
48886;0;0;48;45
49459	0
49459	
49001;0;0;48;45
49574	0
49574	
49116;0;0;48;45
49698	0
49698	
49235;0;0;48;45
49818	0
49818	
49360;0;0;48;45
49934	0
49934	
49476;0;0;48;45
50049	0
50049	
49591;0;0;48;45
50164	0
50164	
49706;0;0;48;45
50279	0
50279	
49821;0;0;48;45
50398	0
50398	
49936;0;0;48;45
50513	0
50513	
50055;0;0;48;45
50635	0
50635	
50170;0;0;48;45
50752	0
50752	
50294;0;0;48;45
50867	0
50867	
50409;0;0;48;45
50982	0
50982	
50524;0;0;48;45
51102	0
51102	
50640;0;0;48;45
51217	0
51217	
50759;0;0;48;45
51332	0
51332	
50874;0;0;48;45
51447	0
51447	
50989;0;0;48;45
51569	0
51569	
51104;0;0;48;45
51687	0
51687	
51229;0;0;48;45
51803	0
51803	
51344;0;0;48;45
51921	0
51921	
51463;0;0;48;45
52036	0
52036	
51578;0;0;48;45
52151	0
52151	
51693;0;0;48;45
52267	0
52267	
51808;0;0;48;45
52382	0
52382	
51924;0;0;48;45
52506	0
52506	
52039;0;0;48;45
52624	0
52624	
52167;0;0;48;45
52740	0
52740	
52282;0;0;48;45
52855	0
52855	
52397;0;0;48;45
52971	0
52971	
52513;0;0;48;45
53086	0
53086	
52628;0;0;48;45
53202	0
53202	
52743;0;0;48;45
53317	0
53317	
52859;0;0;48;45
53442	0
53442	
52977;0;0;48;45
53560	0
53560	
53102;0;0;48;45
53675	0
53675	
53217;0;0;48;45
53790	0
53790	
53332;0;0;48;45
53906	0
53906	
53447;0;0;48;45
54021	0
54021	
53563;0;0;48;45
54140	0
54140	
53683;0;0;48;45
54256	0
54256	
53798;0;0;48;45
54376	0
54376	
53913;0;0;48;45
54495	0
54495	
54037;0;0;48;45
54610	0
54610	
54152;0;0;48;45
54726	0
54726	
54268;0;0;48;45
54844	0
54844	
54383;0;0;48;45
54959	0
54959	
54501;0;0;48;45
55074	0
55074	
54616;0;0;48;45
55189	0
55189	
54731;0;0;48;45
55313	0
55313	
54847;0;0;48;45
55430	0
55430	
54972;0;0;48;45
55548	0
55548	
55087;0;0;48;45
55663	0
55663	
55205;0;0;48;45
55778	0
55778	
55320;0;0;48;45
55894	0
55894	
55436;0;0;48;45
56009	0
56009	
55552;0;0;48;45
56125	0
56125	
55667;0;0;48;45
56247	0
56247	
55782;0;0;48;45
56367	0
56367	
55909;0;0;48;45
56483	0
56483	
56025;0;0;48;45
56598	0
56598	
56140;0;0;48;45
56713	0
56713	
56255;0;0;48;45
56828	0
56828	
56370;0;0;48;45
56943	0
56943	
56485;0;0;48;45
57060	0
57060	
56601;0;0;48;45
57184	0
57184	
56719;0;0;48;45
57301	0
57301	
56843;0;0;48;45
57417	0
57417	
56959;0;0;48;45
57532	0
57532	
57074;0;0;48;45
57648	0
57648	
57190;0;0;48;45
57763	0
57763	
57305;0;0;48;45
57880	0
57880	
57423;0;0;48;45
57996	0
57996	
57538;0;0;48;45
58117	0
58117	
57654;0;0;48;45
58236	0
58236	
57778;0;0;48;45
58351	0
58351	
57893;0;0;48;45
58466	0
58466	
58008;0;0;48;45
58584	0
58584	
58123;0;0;48;45
58699	0
58699	
58241;0;0;48;45
58815	0
58815	
58357;0;0;48;45
58930	0
58930	
58472;0;0;48;45
59052	0
59052	
58587;0;0;48;45
59169	0
59169	
58711;0;0;48;45
59287	0
59287	
58826;0;0;48;45
59403	0
59403	
58944;0;0;48;45
59518	0
59518	
59060;0;0;48;45
59633	0
59633	
59175;0;0;48;45
59748	0
59748	
59290;0;0;48;45
59863	0
59863	
59405;0;0;48;45
59988	0
59988	
59520;0;0;48;45
60107	0
60107	
59648;0;0;48;45
60222	0
60222	
59764;0;0;48;45
60337	0
60337	
59879;0;0;48;45
60452	0
60452	
59994;0;0;48;45
60567	0
60567	
60109;0;0;48;45
60683	0
60683	
60225;0;0;48;45
60799	0
60799	
60340;0;0;48;45
60923	0
60923	
60458;0;0;48;45
61040	0
61040	
60582;0;0;48;45
61155	0
61155	
60697;0;0;48;45
61271	0
61271	
60813;0;0;48;45
61386	0
61386	
60928;0;0;48;45
61501	0
61501	
61043;0;0;48;45
61618	0
61618	
61160;0;0;48;45
61734	0
61734	
61276;0;0;48;45
61856	0
61856	
61392;0;0;48;45
61974	0
61974	
61516;0;0;48;45
62089	0
62089	
61631;0;0;48;45
62204	0
62204	
61746;0;0;48;45
62323	0
62323	
61862;0;0;48;45
62439	0
62439	
61981;0;0;48;45
62554	0
62554	
62096;0;0;48;45
62669	0
62669	
62211;0;0;48;45
62790	0
62790	
62326;0;0;48;45
62909	0
62909	
62450;0;0;48;45
63025	0
63025	
62566;0;0;48;45
63142	0
63142	
62684;0;0;48;45
63257	0
63257	
62799;0;0;48;45
63372	0
63372	
62914;0;0;48;45
63487	0
63487	
63029;0;0;48;45
63603	0
63603	
63145;0;0;48;45
63725	0
63725	
63260;0;0;48;45
63846	0
63846	
63389;0;0;48;45
63961	0
63961	
63503;0;0;48;45
64076	0
64076	
63618;0;0;48;45
64192	0
64192	
63734;0;0;48;45
64307	0
64307	
63849;0;0;48;45
64423	0
64423	
63965;0;0;48;45
64538	0
64538	
64080;0;0;48;45
64662	0
64662	
64198;0;0;48;45
64781	0
64781	
64323;0;0;48;45
64896	0
64896	
64438;0;0;48;45
65012	0
65012	
64553;0;0;48;45
65127	0
65127	
64669;0;0;48;45
65242	0
65242	
64784;0;0;48;45
65361	0
65361	
64904;0;0;48;45
65477	0
65477	
65019;0;0;48;45
65599	0
65599	
65134;0;0;48;45
65716	0
65716	
65259;0;0;48;45
65832	0
65832	
65374;0;0;48;45
65948	0
65948	
65490;0;0;48;45
66066	0
66066	
65605;0;0;48;45
66181	0
66181	
65723;0;0;48;45
66296	0
66296	
65838;0;0;48;45
66411	0
66411	
65953;0;0;48;45
66533	0
66533	
66069;0;0;48;45
66651	0
66651	
66193;0;0;48;45
66769	0
66769	
66308;0;0;48;45
66884	0
66884	
66426;0;0;48;45
66999	0
66999	
66541;0;0;48;45
67115	0
67115	
66656;0;0;48;45
67230	0
67230	
66772;0;0;48;45
67345	0
67345	
66887;0;0;48;45
67467	0
67467	
67002;0;0;48;45
67587	0
67587	
67130;0;0;48;45
67702	0
67702	
67244;0;0;48;45
67818	0
67818	
67361;0;0;48;45
67934	0
67934	
67476;0;0;48;45
68049	0
68049	
67591;0;0;48;45
68164	0
68164	
67706;0;0;48;45
68279	0
68279	
67821;0;0;48;45
68404	0
68404	
67940;0;0;48;45
68522	0
68522	
68064;0;0;48;45
68637	0
68637	
68179;0;0;48;45
68752	0
68752	
68294;0;0;48;45
68867	0
68867	
68409;0;0;48;45
68983	0
68983	
68525;0;0;48;45
69101	0
69101	
68644;0;0;48;45
69218	0
69218	
68759;0;0;48;45
69341	0
69341	
68875;0;0;48;45
69457	0
69457	
68999;0;0;48;45
69573	0
69573	
69115;0;0;48;45
69688	0
69688	
69230;0;0;48;45
69806	0
69806	
69345;0;0;48;45
69921	0
69921	
69464;0;0;48;45
70037	0
70037	
69579;0;0;48;45
70153	0
70153	
69695;0;0;48;45
70274	0
70274	
69810;0;0;48;45
70392	0
70392	
69934;0;0;48;45
70510	0
70510	
70049;0;0;48;45
70625	0
70625	
70167;0;0;48;45
70741	0
70741	
70283;0;0;48;45
70856	0
70856	
70398;0;0;48;45
70971	0
70971	
70513;0;0;48;45
71086	0
71086	
70628;0;0;48;45
71208	0
71208	
70743;0;0;48;45
71330	0
71330	
70872;0;0;48;45
71445	0
71445	
70987;0;0;48;45
71560	0
71560	
71102;0;0;48;45
71675	0
71675	
71217;0;0;48;45
71790	0
71790	
71332;0;0;48;45
71906	0
71906	
71448;0;0;48;45
72021	0
72021	
71564;0;0;48;45
72147	0
72147	
71682;0;0;48;45
72264	0
72264	
71806;0;0;48;45
72379	0
72379	
71921;0;0;48;45
72495	0
72495	
72037;0;0;48;45
72610	0
72610	
72152;0;0;48;45
72725	0
72725	
72267;0;0;48;45
72843	0
72843	
72382;0;0;48;45
72958	0
72958	
72500;0;0;48;45
73081	0
73081	
72616;0;0;48;45
73198	0
73198	
72740;0;0;48;45
73313	0
73313	
72855;0;0;48;45
73428	0
73428	
72970;0;0;48;45
73546	0
73546	
73085;0;0;48;45
73662	0
73662	
73204;0;0;48;45
73777	0
73777	
73319;0;0;48;45
73892	0
73892	
73434;0;0;48;45
74014	0
74014	
73549;0;0;48;45
74131	0
74131	
73673;0;0;48;45
74247	0
74247	
73788;0;0;48;45
74365	0
74365	
73907;0;0;48;45
74480	0
74480	
74022;0;0;48;45
74595	0
74595	
74137;0;0;48;45
74710	0
74710	
74252;0;0;48;45
74826	0
74826	
74368;0;0;48;45
74948	0
74948	
74483;0;0;48;45
75067	0
75067	
74609;0;0;48;45
75183	0
75183	
74725;0;0;48;45
75298	0
75298	
74840;0;0;48;45
75413	0
75413	
74955;0;0;48;45
75529	0
75529	
75071;0;0;48;45
75644	0
75644	
75186;0;0;48;45
75759	0
75759	
75301;0;0;48;45
75882	0
75882	
75418;0;0;48;45
76001	0
76001	
75543;0;0;48;45
76117	0
76117	
75659;0;0;48;45
76232	0
76232	
75774;0;0;48;45
76347	0
76347	
75889;0;0;48;45
76462	0
76462	
76004;0;0;48;45
76580	0
76580	
76119;0;0;48;45
76696	0
76696	
76238;0;0;48;45
76818	0
76818	
76353;0;0;48;45
76935	0
76935	
76477;0;0;48;45
77050	0
77050	
76592;0;0;48;45
77165	0
77165	
76707;0;0;48;45
77282	0
77282	
76823;0;0;48;45
77399	0
77399	
76941;0;0;48;45
77514	0
77514	
77056;0;0;48;45
77629	0
77629	
77172;0;0;48;45
77752	0
77752	
77287;0;0;48;45
77870	0
77870	
77412;0;0;48;45
77985	0
77985	
77527;0;0;48;45
78102	0
78102	
77645;0;0;48;45
78218	0
78218	
77760;0;0;48;45
78333	0
78333	
77875;0;0;48;45
78449	0
78449	
77991;0;0;48;45
78564	0
78564	
78106;0;0;48;45
78686	0
78686	
78221;0;0;48;45
78806	0
78806	
78345;0;0;48;45
78921	0
78921	
78463;0;0;48;45
79037	0
79037	
78579;0;0;48;45
79152	0
79152	
78694;0;0;48;45
79267	0
79267	
78809;0;0;48;45
79382	0
79382	
78924;0;0;48;45
79497	0
79497	
79039;0;0;48;45
79621	0
79621	
79157;0;0;48;45
79740	0
79740	
79282;0;0;48;45
79855	0
79855	
79397;0;0;48;45
79970	0
79970	
79512;0;0;48;45
80085	0
80085	
79627;0;0;48;45
80201	0
80201	
79743;0;0;48;45
80319	0
80319	
79858;0;0;48;45
80434	0
80434	
79976;0;0;48;45
80554	0
80554	
80091;0;0;48;45
80673	0
80673	
80215;0;0;48;45
80789	0
80789	
80331;0;0;48;45
80904	0
80904	
80446;0;0;48;45
81020	0
81020	
80561;0;0;48;45
81137	0
81137	
80679;0;0;48;45
81252	0
81252	
80794;0;0;48;45
81368	0
81368	
80910;0;0;48;45
81490	0
81490	
81025;0;0;48;45
81607	0
81607	
81149;0;0;48;45
81722	0
81722	
81264;0;0;48;45
81840	0
81840	
81382;0;0;48;45
81956	0
81956	
81497;0;0;48;45
82071	0
82071	
81613;0;0;48;45
82186	0
82186	
81728;0;0;48;45
82301	0
82301	
81843;0;0;48;45
82422	0
82422	
81958;0;0;48;45
82543	0
82543	
82082;0;0;48;45
82659	0
82659	
82201;0;0;48;45
82774	0
82774	
82316;0;0;48;45
82889	0
82889	
82431;0;0;48;45
83004	0
83004	
82546;0;0;48;45
83119	0
83119	
82661;0;0;48;45
83235	0
83235	
82778;0;0;48;45
83361	0
83361	
82892;0;0;48;45
83477	0
83477	
83019;0;0;48;45
83592	0
83592	
83134;0;0;48;45
83707	0
83707	
83249;0;0;48;45
83823	0
83823	
83365;0;0;48;45
83938	0
83938	
83480;0;0;48;45
84056	0
84056	
83595;0;0;48;45
84171	0
84171	
83713;0;0;48;45
84293	0
84293	
83828;0;0;48;45
84411	0
84411	
83953;0;0;48;45
84526	0
84526	
84068;0;0;48;45
84641	0
84641	
84183;0;0;48;45
84756	0
84756	
84298;0;0;48;45
84874	0
84874	
84416;0;0;48;45
84990	0
84990	
84532;0;0;48;45
85105	0
85105	
84647;0;0;48;45
85228	0
85228	
84762;0;0;48;45
85344	0
85344	
84886;0;0;48;45
85459	0
85459	
85001;0;0;48;45
85579	0
85579	
85121;0;0;48;45
85694	0
85694	
85236;0;0;48;45
85809	0
85809	
85351;0;0;48;45
85924	0
85924	
85466;0;0;48;45
86039	0
86039	
85581;0;0;48;45
86162	0
86162	
85697;0;0;48;45
86282	0
86282	
85821;0;0;48;45
86397	0
86397	
85939;0;0;48;45
86512	0
86512	
86054;0;0;48;45
86627	0
86627	
86169;0;0;48;45
86743	0
86743	
86285;0;0;48;45
86858	0
86858	
86400;0;0;48;45
86973	0
86973	
86515;0;0;48;45
87099	0
87099	
86630;0;0;48;45
87215	0
87215	
86757;0;0;48;45
87331	0
87331	
86873;0;0;48;45
87446	0
87446	
86988;0;0;48;45
87561	0
87561	
87103;0;0;48;45
87676	0
87676	
87218;0;0;48;45
87794	0
87794	
87333;0;0;48;45
87910	0
87910	
87452;0;0;48;45
88033	0
88033	
87567;0;0;48;45
88149	0
88149	
87691;0;0;48;45
88264	0
88264	
87806;0;0;48;45
88379	0
88379	
87921;0;0;48;45
88495	0
88495	
88037;0;0;48;45
88613	0
88613	
88155;0;0;48;45
88728	0
88728	
88270;0;0;48;45
88843	0
88843	
88386;0;0;48;45
88964	0
88964	
88500;0;0;48;45
89083	0
89083	
88624;0;0;48;45
89198	0
89198	
88740;0;0;48;45
89315	0
89315	
88857;0;0;48;45
89431	0
89431	
88973;0;0;48;45
89546	0
89546	
89088;0;0;48;45
89662	0
89662	
89203;0;0;48;45
89777	0
89777	
89319;0;0;48;45
89898	0
89898	
89434;0;0;48;45
90019	0
90019	
89558;0;0;48;45
90134	0
90134	
89676;0;0;48;45
90249	0
90249	
89791;0;0;48;45
90365	0
90365	
89907;0;0;48;45
90480	0
90480	
90022;0;0;48;45
90595	0
90595	
90137;0;0;48;45
90710	0
90710	
90252;0;0;48;45
90836	0
90836	
90367;0;0;48;45
90953	0
90953	
90495;0;0;48;45
91068	0
91068	
90610;0;0;48;45
91183	0
91183	
90725;0;0;48;45
91298	0
91298	
90840;0;0;48;45
91413	0
91413	
90955;0;0;48;45
91531	0
91531	
91071;0;0;48;45
91648	0
91648	
91191;0;0;48;45
91769	0
91769	
91305;0;0;48;45
91887	0
91887	
91429;0;0;48;45
92002	0
92002	
91544;0;0;48;45
92118	0
92118	
91660;0;0;48;45
92233	0
92233	
91775;0;0;48;45
92351	0
92351	
91893;0;0;48;45
92467	0
92467	
92009;0;0;48;45
92582	0
92582	
92124;0;0;48;45
92704	0
92704	
92240;0;0;48;45
92822	0
92822	
92364;0;0;48;45
92937	0
92937	
92479;0;0;48;45
93055	0
93055	
92594;0;0;48;45
93170	0
93170	
92712;0;0;48;45
93286	0
93286	
92828;0;0;48;45
93401	0
93401	
92943;0;0;48;45
93516	0
93516	
93058;0;0;48;45
93638	0
93638	
93173;0;0;48;45
93757	0
93757	
93298;0;0;48;45
93875	0
93875	
93417;0;0;48;45
93990	0
93990	
93532;0;0;48;45
94105	0
94105	
93647;0;0;48;45
94220	0
94220	
93762;0;0;48;45
94335	0
94335	
93877;0;0;48;45
94451	0
94451	
93993;0;0;48;45
94576	0
94576	
94108;0;0;48;45
94693	0
94693	
94235;0;0;48;45
94808	0
94808	
94350;0;0;48;45
94923	0
94923	
94465;0;0;48;45
95039	0
95039	
94581;0;0;48;45
95154	0
95154	
94696;0;0;48;45
95269	0
95269	
94811;0;0;48;45
95386	0
95386	
94929;0;0;48;45
95508	0
95508	
95043;0;0;48;45
95626	0
95626	
95168;0;0;48;45
95741	0
95741	
95283;0;0;48;45
95856	0
95856	
95398;0;0;48;45
95971	0
95971	
95513;0;0;48;45
96089	0
96089	
95628;0;0;48;45
96205	0
96205	
95747;0;0;48;45
96320	0
96320	
95862;0;0;48;45
96443	0
96443	
95977;0;0;48;45
96559	0
96559	
96101;0;0;48;45
96674	0
96674	
96216;0;0;48;45
96791	0
96791	
96331;0;0;48;45
96908	0
96908	
96450;0;0;48;45
97023	0
97023	
96565;0;0;48;45
97138	0
97138	
96680;0;0;48;45
97254	0
97254	
96796;0;0;48;45
97376	0
97376	
96911;0;0;48;45
97495	0
97495	
97036;0;0;48;45
97611	0
97611	
97154;0;0;48;45
97726	0
97726	
97268;0;0;48;45
97841	0
97841	
97383;0;0;48;45
97957	0
97957	
97499;0;0;48;45
98073	0
98073	
97615;0;0;48;45
98188	0
98188	
97730;0;0;48;45
98314	0
98314	
97845;0;0;48;45
98430	0
98430	
97972;0;0;48;45
98545	0
98545	
98087;0;0;48;45
98661	0
98661	
98203;0;0;48;45
98776	0
98776	
98318;0;0;48;45
98891	0
98891	
98433;0;0;48;45
99006	0
99006	
98548;0;0;48;45
99124	0
99124	
98666;0;0;48;45
99249	0
99249	
98783;0;0;48;45
99366	0
99366	
98908;0;0;48;45
99481	0
99481	
99023;0;0;48;45
99596	0
99596	
99138;0;0;48;45
99711	0
99711	
99253;0;0;48;45
99829	0
99829	
99371;0;0;48;45
99945	0
99945	
99487;0;0;48;45
100060	0
100060	
99602;0;0;48;45
100182	0
100182	
99717;0;0;48;45
100299	0
100299	
99841;0;0;48;45
100415	0
100415	
99957;0;0;48;45
100531	0
100531	
100072;0;0;48;45
100648	0
100648	
100191;0;0;48;45
100763	0
100763	
100305;0;0;48;45
100878	0
100878	
100420;0;0;48;45
100994	0
100994	
100536;0;0;48;45
101117	0
101117	
100651;0;0;48;45
101234	0
101234	
100775;0;0;48;45
101350	0
101350	
100892;0;0;48;45
101466	0
101466	
101008;0;0;48;45
101582	0
101582	
101124;0;0;48;45
101697	0
101697	
101239;0;0;48;45
101812	0
101812	
101354;0;0;48;45
101927	0
101927	
101469;0;0;48;45
102054	0
102054	
101596;0;0;48;45
102171	0
102171	
101713;0;0;48;45
102286	0
102286	
101828;0;0;48;45
102401	0
102401	
101943;0;0;48;45
102516	0
102516	
102058;0;0;48;45
102631	0
102631	
102173;0;0;48;45
102747	0
102747	
102289;0;0;48;45
102865	0
102865	
102406;0;0;48;45
102990	0
102990	
102532;0;0;48;45
103105	0
103105	
102647;0;0;48;45
103220	0
103220	
102762;0;0;48;45
103336	0
103336	
102878;0;0;46;40
