milliseconds	Werte
462	0
462	
3;0;0;52;55
577	0
577	
117;0;0;53;55
691	0
691	
231;0;0;53;55
805	0
805	
345;0;0;53;55
919	0
919	
459;0;0;53;55
1034	0
1034	
574;0;0;53;55
1149	0
1149	
689;0;0;53;55
1274	0
1274	
803;0;0;53;55
1389	0
1389	
929;0;0;53;55
1503	0
1503	
1043;0;0;53;55
1617	0
1617	
1157;0;0;53;55
1731	0
1731	
1272;0;0;53;55
1846	0
1846	
1386;0;0;53;55
1960	0
1960	
1500;0;0;53;55
2077	0
2077	
1614;0;0;53;55
2191	0
2191	
1731;0;0;53;55
2312	0
2312	
1845;0;0;53;55
2430	0
2430	
1970;0;0;53;55
2545	0
2545	
2085;0;0;53;55
2659	0
2659	
2199;0;0;53;55
2773	0
2773	
2313;0;0;53;55
2890	0
2890	
2431;0;0;53;55
3005	0
3005	
2545;0;0;53;55
3120	0
3120	
2660;0;0;53;55
3234	0
3234	
2775;0;0;53;55
3356	0
3356	
2889;0;0;53;55
3473	0
3473	
3013;0;0;53;55
3590	0
3590	
3127;0;0;53;55
3705	0
3705	
3245;0;0;53;55
3819	0
3819	
3359;0;0;53;55
3933	0
3933	
3473;0;0;53;55
4048	0
4048	
3588;0;0;53;55
4162	0
4162	
3702;0;0;53;55
4276	0
4276	
3816;0;0;53;55
4402	0
4402	
3931;0;0;53;55
4518	0
4518	
4058;0;0;53;55
4632	0
4632	
4172;0;0;53;55
4747	0
4747	
4287;0;0;53;55
4861	0
4861	
4401;0;0;53;55
4976	0
4976	
4516;0;0;53;55
5090	0
5090	
4630;0;0;53;55
5207	0
5207	
4744;0;0;53;55
5321	0
5321	
4861;0;0;53;55
5440	0
5440	
4975;0;0;53;55
5560	0
5560	
5100;0;0;53;55
5675	0
5675	
5215;0;0;53;55
5789	0
5789	
5329;0;0;53;55
5903	0
5903	
5443;0;0;53;55
6020	0
6020	
5557;0;0;53;55
6134	0
6134	
5674;0;0;53;55
6249	0
6249	
5789;0;0;53;55
6363	0
6363	
5903;0;0;53;55
6477	0
6477	
6017;0;0;53;55
6601	0
6601	
6141;0;0;53;55
6715	0
6715	
6255;0;0;53;55
6832	0
6832	
6372;0;0;53;55
6947	0
6947	
6487;0;0;53;55
7061	0
7061	
6601;0;0;53;55
7175	0
7175	
6715;0;0;53;55
7289	0
7289	
6829;0;0;53;55
7403	0
7403	
6943;0;0;53;55
7518	0
7518	
7058;0;0;53;55
7646	0
7646	
7187;0;0;53;55
7760	0
7760	
7300;0;0;53;55
7874	0
7874	
7414;0;0;53;55
7988	0
7988	
7528;0;0;53;55
8102	0
8102	
7642;0;0;53;55
8217	0
8217	
7757;0;0;53;55
8331	0
8331	
7871;0;0;53;55
8449	0
8449	
7986;0;0;53;55
8563	0
8563	
8103;0;0;53;55
8687	0
8687	
8227;0;0;53;55
8802	0
8802	
8341;0;0;53;55
8916	0
8916	
8456;0;0;53;55
9030	0
9030	
8570;0;0;53;55
9145	0
9145	
8685;0;0;53;55
9262	0
9262	
8803;0;0;53;55
9376	0
9376	
8916;0;0;53;55
9491	0
9491	
9031;0;0;53;55
9605	0
9605	
9145;0;0;53;55
9729	0
9729	
9269;0;0;53;55
9844	0
9844	
9384;0;0;53;55
9961	0
9961	
9498;0;0;53;55
10076	0
10076	
9615;0;0;53;55
10190	0
10190	
9730;0;0;53;55
10304	0
10304	
9844;0;0;53;55
10418	0
10418	
9958;0;0;52;55
10532	0
10532	
10072;0;0;53;55
10647	0
10647	
10187;0;0;53;55
10774	0
10774	
10314;0;0;53;55
10889	0
10889	
10429;0;0;53;55
11003	0
11003	
10543;0;0;53;55
11117	0
11117	
10657;0;0;53;55
11231	0
11231	
10771;0;0;53;55
11347	0
11347	
10887;0;0;53;55
11461	0
11461	
11001;0;0;53;55
11578	0
11578	
11115;0;0;53;55
11699	0
11699	
11232;0;0;53;55
11816	0
11816	
11356;0;0;53;55
11931	0
11931	
11471;0;0;53;55
12046	0
12046	
11586;0;0;53;55
12160	0
12160	
11700;0;0;53;55
12274	0
12274	
11814;0;0;53;55
12391	0
12391	
11928;0;0;53;55
12506	0
12506	
12046;0;0;53;55
12620	0
12620	
12160;0;0;53;55
12740	0
12740	
12274;0;0;53;55
12858	0
12858	
12398;0;0;53;55
12972	0
12972	
12512;0;0;53;55
13087	0
13087	
12627;0;0;53;55
13204	0
13204	
12745;0;0;53;55
13319	0
13319	
12859;0;0;53;55
13433	0
13433	
12973;0;0;53;55
13548	0
13548	
13088;0;0;53;55
13663	0
13663	
13203;0;0;53;55
13784	0
13784	
13317;0;0;53;55
13904	0
13904	
13441;0;0;53;55
14018	0
14018	
13558;0;0;53;55
14132	0
14132	
13672;0;0;53;55
14248	0
14248	
13788;0;0;53;55
14362	0
14362	
13902;0;0;53;55
14476	0
14476	
14016;0;0;53;55
14590	0
14590	
14130;0;0;53;55
14704	0
14704	
14244;0;0;53;55
14831	0
14831	
14362;0;0;53;55
14947	0
14947	
14487;0;0;53;55
15061	0
15061	
14601;0;0;53;55
15175	0
15175	
14715;0;0;53;55
15289	0
15289	
14829;0;0;53;55
15404	0
15404	
14943;0;0;53;55
15521	0
15521	
15058;0;0;53;55
15635	0
15635	
15175;0;0;53;55
15750	0
15750	
15290;0;0;53;55
15873	0
15873	
15414;0;0;53;55
15988	0
15988	
15528;0;0;53;55
16103	0
16103	
15643;0;0;53;55
16217	0
16217	
15757;0;0;53;55
16333	0
16333	
15873;0;0;53;55
16449	0
16449	
15989;0;0;53;55
16563	0
16563	
16103;0;0;53;55
16678	0
16678	
16218;0;0;53;55
16792	0
16792	
16332;0;0;53;55
16916	0
16916	
16456;0;0;53;55
17031	0
17031	
16570;0;0;53;55
17148	0
17148	
16688;0;0;53;55
17263	0
17263	
16803;0;0;53;55
17377	0
17377	
16917;0;0;53;55
17491	0
17491	
17031;0;0;53;55
17605	0
17605	
17145;0;0;53;55
17719	0
17719	
17259;0;0;53;55
17834	0
17834	
17374;0;0;53;55
17962	0
17962	
17502;0;0;53;55
18076	0
18076	
17616;0;0;53;55
18190	0
18190	
17730;0;0;53;55
18304	0
18304	
17844;0;0;53;55
18419	0
18419	
17959;0;0;53;55
18533	0
18533	
18073;0;0;53;55
18649	0
18649	
18188;0;0;53;55
18765	0
18765	
18305;0;0;53;55
18884	0
18884	
18419;0;0;53;55
19003	0
19003	
18543;0;0;53;55
19117	0
19117	
18657;0;0;53;55
19231	0
19231	
18771;0;0;53;55
19346	0
19346	
18885;0;0;53;55
19463	0
19463	
19000;0;0;53;55
19578	0
19578	
19118;0;0;53;55
19692	0
19692	
19232;0;0;53;55
19806	0
19806	
19346;0;0;53;55
19927	0
19927	
19460;0;0;53;55
20045	0
20045	
19584;0;0;53;55
20160	0
20160	
19700;0;0;53;55
20277	0
20277	
19817;0;0;53;55
20392	0
20392	
19932;0;0;53;55
20506	0
20506	
20046;0;0;53;55
20620	0
20620	
20160;0;0;53;55
20735	0
20735	
20275;0;0;53;55
20849	0
20849	
20390;0;0;53;55
20974	0
20974	
20504;0;0;53;55
21091	0
21091	
20631;0;0;53;55
21205	0
21205	
20745;0;0;53;55
21320	0
21320	
20860;0;0;53;55
21434	0
21434	
20974;0;0;53;55
21549	0
21549	
21088;0;0;53;55
21663	0
21663	
21203;0;0;53;55
21777	0
21777	
21317;0;0;53;55
21895	0
21895	
21434;0;0;53;55
22010	0
22010	
21550;0;0;53;55
22124	0
22124	
21664;0;0;53;55
22238	0
22238	
21778;0;0;53;55
22352	0
22352	
21893;0;0;53;55
22468	0
22468	
22007;0;0;53;55
22582	0
22582	
22122;0;0;53;55
22697	0
22697	
22236;0;0;53;55
22813	0
22813	
22354;0;0;53;55
22928	0
22928	
22468;0;0;53;55
23052	0
23052	
22593;0;0;53;55
23168	0
23168	
22708;0;0;53;55
23282	0
23282	
22822;0;0;53;55
23396	0
23396	
22936;0;0;53;55
23513	0
23513	
23052;0;0;53;55
23628	0
23628	
23168;0;0;53;55
23743	0
23743	
23283;0;0;53;55
23858	0
23858	
23398;0;0;53;55
23977	0
23977	
23512;0;0;53;55
24096	0
24096	
23636;0;0;53;55
24211	0
24211	
23750;0;0;53;55
24328	0
24328	
23869;0;0;53;55
24443	0
24443	
23983;0;0;53;55
24558	0
24558	
24098;0;0;53;55
24672	0
24672	
24212;0;0;53;55
24786	0
24786	
24326;0;0;53;55
24901	0
24901	
24441;0;0;53;55
25025	0
25025	
24555;0;0;53;55
25142	0
25142	
24682;0;0;53;55
25257	0
25257	
24797;0;0;53;55
25371	0
25371	
24911;0;0;53;55
25486	0
25486	
25026;0;0;53;55
25600	0
25600	
25140;0;0;53;55
25714	0
25714	
25254;0;0;53;55
25829	0
25829	
25368;0;0;53;55
25945	0
25945	
25486;0;0;53;55
26070	0
26070	
25611;0;0;53;55
26185	0
26185	
25725;0;0;53;55
26299	0
26299	
25839;0;0;53;55
26413	0
26413	
25953;0;0;53;55
26527	0
26527	
26067;0;0;53;55
26645	0
26645	
26185;0;0;53;55
26761	0
26761	
26301;0;0;53;55
26875	0
26875	
26415;0;0;53;55
26993	0
26993	
26529;0;0;53;55
27113	0
27113	
26653;0;0;53;55
27228	0
27228	
26768;0;0;53;55
27343	0
27343	
26882;0;0;53;55
27459	0
27459	
26999;0;0;53;55
27574	0
27574	
27114;0;0;53;55
27688	0
27688	
27228;0;0;53;55
27803	0
27803	
27343;0;0;53;55
27917	0
27917	
27457;0;0;53;55
28037	0
28037	
27571;0;0;53;55
28157	0
28157	
27695;0;0;53;55
28273	0
28273	
27813;0;0;53;55
28388	0
28388	
27928;0;0;53;55
28502	0
28502	
28042;0;0;53;55
28616	0
28616	
28156;0;0;53;55
28730	0
28730	
28270;0;0;53;55
28844	0
28844	
28384;0;0;53;55
28960	0
28960	
28500;0;0;53;55
29085	0
29085	
28615;0;0;53;55
29200	0
29200	
28740;0;0;53;55
29314	0
29314	
28854;0;0;53;55
29428	0
29428	
28968;0;0;53;55
29543	0
29543	
29082;0;0;53;55
29657	0
29657	
29197;0;0;53;55
29774	0
29774	
29312;0;0;53;55
29889	0
29889	
29428;0;0;53;55
30004	0
30004	
29544;0;0;53;55
30128	0
30128	
29658;0;0;53;55
30243	0
30243	
29783;0;0;53;55
30357	0
30357	
29897;0;0;53;55
30472	0
30472	
30012;0;0;53;55
30588	0
30588	
30129;0;0;53;55
30704	0
30704	
30244;0;0;53;55
30819	0
30819	
30359;0;0;53;55
30933	0
30933	
30473;0;0;53;55
31047	0
31047	
30587;0;0;53;55
31167	0
31167	
30702;0;0;53;55
31287	0
31287	
30826;0;0;53;55
31404	0
31404	
30943;0;0;53;55
31519	0
31519	
31059;0;0;53;55
31633	0
31633	
31173;0;0;53;55
31747	0
31747	
31287;0;0;53;55
31861	0
31861	
31402;0;0;53;55
31977	0
31977	
31517;0;0;53;55
32091	0
32091	
31631;0;0;53;55
32215	0
32215	
31747;0;0;53;55
32332	0
32332	
31872;0;0;53;55
32446	0
32446	
31986;0;0;53;55
32561	0
32561	
32101;0;0;53;55
32676	0
32676	
32216;0;0;53;55
32790	0
32790	
32330;0;0;53;55
32905	0
32905	
32444;0;0;53;55
33021	0
33021	
32560;0;0;53;55
33137	0
33137	
32677;0;0;53;55
33251	0
33251	
32791;0;0;53;55
33376	0
33376	
32916;0;0;53;55
33490	0
33490	
33030;0;0;53;55
33604	0
33604	
33144;0;0;53;55
33720	0
33720	
33261;0;0;53;55
33836	0
33836	
33375;0;0;53;55
33951	0
33951	
33491;0;0;53;55
34065	0
34065	
33606;0;0;53;55
34180	0
34180	
33720;0;0;53;55
34295	0
34295	
33835;0;0;53;55
34409	0
34409	
33949;0;0;53;55
34524	0
34524	
34063;0;0;53;55
34639	0
34639	
34179;0;0;53;55
34755	0
34755	
34296;0;0;53;55
34871	0
34871	
34411;0;0;53;55
34985	0
34985	
34525;0;0;53;55
35099	0
35099	
34639;0;0;53;55
35213	0
35213	
34753;0;0;53;55
35328	0
35328	
34867;0;0;53;55
35450	0
35450	
34984;0;0;53;55
35570	0
35570	
35110;0;0;53;55
35685	0
35685	
35225;0;0;53;55
35799	0
35799	
35339;0;0;53;55
35913	0
35913	
35453;0;0;53;55
36028	0
36028	
35568;0;0;53;55
36143	0
36143	
35682;0;0;53;55
36258	0
36258	
35798;0;0;53;55
36374	0
36374	
35914;0;0;53;55
36496	0
36496	
36028;0;0;53;55
36613	0
36613	
36153;0;0;53;55
36727	0
36727	
36267;0;0;53;55
36841	0
36841	
36381;0;0;53;55
36957	0
36957	
36497;0;0;53;55
37073	0
37073	
36612;0;0;53;55
37189	0
37189	
36728;0;0;53;55
37303	0
37303	
36843;0;0;53;55
37417	0
37417	
36957;0;0;53;55
37538	0
37538	
37071;0;0;53;55
37656	0
37656	
37195;0;0;53;55
37771	0
37771	
37311;0;0;53;55
37888	0
37888	
37429;0;0;53;55
38003	0
38003	
37543;0;0;53;55
38117	0
38117	
37657;0;0;53;55
38231	0
38231	
37771;0;0;53;55
38345	0
38345	
37885;0;0;53;55
38462	0
38462	
38000;0;0;53;55
38582	0
38582	
38116;0;0;53;55
38702	0
38702	
38242;0;0;53;55
38816	0
38816	
38356;0;0;53;55
38930	0
38930	
38470;0;0;53;55
39045	0
39045	
38585;0;0;53;55
39159	0
39159	
38699;0;0;53;55
39275	0
39275	
38814;0;0;53;55
39390	0
39390	
38930;0;0;53;55
39506	0
39506	
39047;0;0;53;55
39627	0
39627	
39162;0;0;53;55
39746	0
39746	
39286;0;0;53;55
39860	0
39860	
39400;0;0;53;55
39975	0
39975	
39515;0;0;53;55
40091	0
40091	
39631;0;0;53;55
40207	0
40207	
39746;0;0;53;55
40322	0
40322	
39862;0;0;53;55
40436	0
40436	
39976;0;0;53;55
40550	0
40550	
40090;0;0;53;55
40669	0
40669	
40204;0;0;53;55
40791	0
40791	
40329;0;0;53;55
40905	0
40905	
40445;0;0;53;55
41020	0
41020	
40561;0;0;53;55
41135	0
41135	
40675;0;0;53;55
41249	0
41249	
40789;0;0;53;55
41364	0
41364	
40904;0;0;53;55
41479	0
41479	
41019;0;0;53;55
41595	0
41595	
41133;0;0;53;55
41714	0
41714	
41249;0;0;53;55
41834	0
41834	
41374;0;0;53;55
41949	0
41949	
41489;0;0;53;55
42063	0
42063	
41603;0;0;53;55
42178	0
42178	
41718;0;0;53;55
42292	0
42292	
41832;0;0;53;55
42407	0
42407	
41946;0;0;53;55
42523	0
42523	
42063;0;0;53;55
42638	0
42638	
42179;0;0;53;55
42757	0
42757	
42293;0;0;53;55
42877	0
42877	
42417;0;0;53;55
42991	0
42991	
42531;0;0;53;55
43106	0
43106	
42646;0;0;53;55
43222	0
43222	
42763;0;0;53;55
43338	0
43338	
42877;0;0;53;55
43453	0
43453	
42993;0;0;53;55
43567	0
43567	
43107;0;0;53;55
43683	0
43683	
43223;0;0;53;55
43801	0
43801	
43337;0;0;53;55
43922	0
43922	
43461;0;0;53;55
44037	0
44037	
43577;0;0;53;55
44152	0
44152	
43691;0;0;53;55
44268	0
44268	
43807;0;0;53;55
44383	0
44383	
43923;0;0;53;55
44497	0
44497	
44037;0;0;53;55
44611	0
44611	
44151;0;0;53;55
44725	0
44725	
44265;0;0;53;55
44850	0
44850	
44381;0;0;53;55
44967	0
44967	
44507;0;0;53;55
45082	0
45082	
44622;0;0;53;55
45196	0
45196	
44736;0;0;53;55
45310	0
45310	
44850;0;0;53;55
45424	0
45424	
44964;0;0;53;55
45540	0
45540	
45079;0;0;53;55
45655	0
45655	
45195;0;0;53;55
45770	0
45770	
45311;0;0;53;55
45890	0
45890	
45425;0;0;53;55
46009	0
46009	
45549;0;0;53;55
46124	0
46124	
45664;0;0;53;55
46238	0
46238	
45778;0;0;53;55
46354	0
46354	
45895;0;0;53;55
46471	0
46471	
46009;0;0;53;55
46585	0
46585	
46125;0;0;53;55
46700	0
46700	
46240;0;0;53;55
46814	0
46814	
46354;0;0;53;55
46935	0
46935	
46468;0;0;53;55
47053	0
47053	
46592;0;0;53;55
47168	0
47168	
46708;0;0;53;55
47285	0
47285	
46824;0;0;53;55
47400	0
47400	
46940;0;0;53;55
47514	0
47514	
47054;0;0;53;55
47628	0
47628	
47168;0;0;53;55
47742	0
47742	
47282;0;0;53;55
47857	0
47857	
47397;0;0;53;55
47982	0
47982	
47513;0;0;53;55
48099	0
48099	
47639;0;0;53;55
48213	0
48213	
47753;0;0;53;55
48327	0
48327	
47867;0;0;53;55
48442	0
48442	
47982;0;0;53;55
48556	0
48556	
48096;0;0;53;55
48672	0
48672	
48210;0;0;53;55
48786	0
48786	
48326;0;0;53;55
48901	0
48901	
48440;0;0;53;55
49024	0
49024	
48557;0;0;53;55
49141	0
49141	
48681;0;0;53;55
49255	0
49255	
48795;0;0;53;55
49369	0
49369	
48909;0;0;53;55
49485	0
49485	
49024;0;0;53;55
49601	0
49601	
49141;0;0;53;55
49717	0
49717	
49257;0;0;53;55
49831	0
49831	
49371;0;0;53;55
49945	0
49945	
49485;0;0;53;55
50066	0
50066	
49599;0;0;53;55
50184	0
50184	
49724;0;0;53;55
50300	0
50300	
49840;0;0;53;55
50415	0
50415	
49954;0;0;53;55
50530	0
50530	
50070;0;0;53;55
50644	0
50644	
50184;0;0;53;55
50759	0
50759	
50299;0;0;53;55
50873	0
50873	
50413;0;0;53;55
50988	0
50988	
50528;0;0;53;55
51111	0
51111	
50642;0;0;53;55
51228	0
51228	
50767;0;0;53;55
51344	0
51344	
50884;0;0;53;55
51458	0
51458	
50998;0;0;53;55
51572	0
51572	
51112;0;0;53;55
51687	0
51687	
51227;0;0;53;55
51801	0
51801	
51341;0;0;53;55
51918	0
51918	
51458;0;0;53;55
52034	0
52034	
51573;0;0;53;55
52158	0
52158	
51699;0;0;53;55
52273	0
52273	
51813;0;0;53;55
52388	0
52388	
51928;0;0;53;55
52502	0
52502	
52042;0;0;53;55
52618	0
52618	
52157;0;0;53;55
52733	0
52733	
52273;0;0;53;55
52849	0
52849	
52390;0;0;53;55
52964	0
52964	
52504;0;0;53;55
53078	0
53078	
52618;0;0;53;55
53204	0
53204	
52744;0;0;53;55
53318	0
53318	
52858;0;0;53;55
53434	0
53434	
52974;0;0;53;55
53549	0
53549	
53088;0;0;53;55
53664	0
53664	
53204;0;0;53;55
53779	0
53779	
53319;0;0;53;55
53894	0
53894	
53434;0;0;53;55
54008	0
54008	
53548;0;0;53;55
54126	0
54126	
53662;0;0;53;55
54247	0
54247	
53787;0;0;53;55
54363	0
54363	
53904;0;0;53;55
54478	0
54478	
54018;0;0;53;55
54593	0
54593	
54133;0;0;53;55
54707	0
54707	
54247;0;0;53;55
54821	0
54821	
54361;0;0;53;55
54936	0
54936	
54476;0;0;53;55
55052	0
55052	
54592;0;0;53;55
55173	0
55173	
54706;0;0;53;55
55292	0
55292	
54832;0;0;53;55
55406	0
55406	
54946;0;0;53;55
55521	0
55521	
55061;0;0;53;55
55635	0
55635	
55175;0;0;53;55
55750	0
55750	
55289;0;0;53;55
55865	0
55865	
55405;0;0;53;55
55981	0
55981	
55522;0;0;53;55
56097	0
56097	
55637;0;0;53;55
56217	0
56217	
55751;0;0;53;55
56335	0
56335	
55875;0;0;53;55
56449	0
56449	
55989;0;0;53;55
56564	0
56564	
56105;0;0;53;55
56682	0
56682	
56220;0;0;53;55
56796	0
56796	
56336;0;0;53;55
56910	0
56910	
56450;0;0;53;55
57024	0
57024	
56564;0;0;53;55
57138	0
57138	
56678;0;0;53;55
57264	0
57264	
56803;0;0;53;55
57379	0
57379	
56919;0;0;53;55
57495	0
57495	
57036;0;0;53;55
57610	0
57610	
57150;0;0;53;55
57724	0
57724	
57264;0;0;53;55
57839	0
57839	
57379;0;0;53;55
57953	0
57953	
57493;0;0;53;55
58067	0
58067	
57607;0;0;53;55
58186	0
58186	
57724;0;0;53;55
58309	0
58309	
57849;0;0;53;55
58424	0
58424	
57964;0;0;53;55
58538	0
58538	
58078;0;0;53;55
58652	0
58652	
58192;0;0;53;55
58766	0
58766	
58306;0;0;53;55
58882	0
58882	
58420;0;0;53;55
58997	0
58997	
58536;0;0;53;55
59112	0
59112	
58651;0;0;53;55
59233	0
59233	
58767;0;0;53;55
59351	0
59351	
58891;0;0;53;55
59465	0
59465	
59005;0;0;53;55
59580	0
59580	
59119;0;0;53;55
59697	0
59697	
59235;0;0;53;55
59811	0
59811	
59351;0;0;53;55
59927	0
59927	
59467;0;0;53;55
60041	0
60041	
59581;0;0;53;55
60155	0
60155	
59695;0;0;53;55
60278	0
60278	
59810;0;0;53;55
60394	0
60394	
59934;0;0;53;55
60510	0
60510	
60050;0;0;53;55
60625	0
60625	
60164;0;0;53;55
60740	0
60740	
60280;0;0;53;55
60855	0
60855	
60395;0;0;53;55
60969	0
60969	
60509;0;0;53;55
61083	0
61083	
60623;0;0;53;55
61198	0
61198	
60738;0;0;53;55
61324	0
61324	
60865;0;0;53;55
61442	0
61442	
60983;0;0;53;55
61557	0
61557	
61097;0;0;53;55
61671	0
61671	
61211;0;0;53;55
61785	0
61785	
61325;0;0;53;55
61900	0
61900	
61440;0;0;53;55
62016	0
62016	
61555;0;0;53;55
62131	0
62131	
61671;0;0;53;55
62251	0
62251	
61785;0;0;53;55
62370	0
62370	
61910;0;0;53;55
62484	0
62484	
62024;0;0;53;55
62600	0
62600	
62140;0;0;53;55
62714	0
62714	
62254;0;0;53;55
62829	0
62829	
62368;0;0;53;55
62944	0
62944	
62484;0;0;53;55
63060	0
63060	
62600;0;0;53;55
63175	0
63175	
62715;0;0;53;55
63298	0
63298	
62829;0;0;53;55
63413	0
63413	
62953;0;0;53;55
63527	0
63527	
63067;0;0;53;55
63643	0
63643	
63183;0;0;53;55
63759	0
63759	
63298;0;0;53;55
63874	0
63874	
63414;0;0;53;55
63988	0
63988	
63528;0;0;53;55
64103	0
64103	
63643;0;0;53;55
64217	0
64217	
63757;0;0;53;55
64340	0
64340	
63872;0;0;53;55
64457	0
64457	
63997;0;0;53;55
64573	0
64573	
64114;0;0;53;55
64688	0
64688	
64228;0;0;53;55
64803	0
64803	
64343;0;0;53;55
64918	0
64918	
64458;0;0;53;55
65032	0
65032	
64572;0;0;53;55
65147	0
65147	
64686;0;0;53;55
65262	0
65262	
64802;0;0;53;55
65388	0
65388	
64928;0;0;53;55
65504	0
65504	
65044;0;0;53;55
65618	0
65618	
65158;0;0;53;55
65732	0
65732	
65272;0;0;53;55
65846	0
65846	
65386;0;0;53;55
65961	0
65961	
65500;0;0;53;55
66077	0
66077	
65617;0;0;53;55
66193	0
66193	
65733;0;0;53;55
66312	0
66312	
65848;0;0;53;55
66432	0
66432	
65972;0;0;53;55
66546	0
66546	
66086;0;0;53;55
66661	0
66661	
66200;0;0;53;55
66777	0
66777	
66317;0;0;53;55
66893	0
66893	
66431;0;0;53;55
67007	0
67007	
66547;0;0;53;55
67121	0
67121	
66661;0;0;53;55
67235	0
67235	
66775;0;0;53;55
67357	0
67357	
66890;0;0;53;55
67475	0
67475	
67014;0;0;53;55
67590	0
67590	
67130;0;0;53;55
67706	0
67706	
67247;0;0;53;55
67821	0
67821	
67361;0;0;53;55
67936	0
67936	
67476;0;0;53;55
68050	0
68050	
67590;0;0;53;55
68164	0
68164	
67704;0;0;53;55
68279	0
68279	
67818;0;0;53;55
68404	0
68404	
67934;0;0;53;55
68521	0
68521	
68061;0;0;53;55
68635	0
68635	
68175;0;0;53;55
68749	0
68749	
68289;0;0;53;55
68863	0
68863	
68403;0;0;53;55
68977	0
68977	
68517;0;0;53;55
69094	0
69094	
68632;0;0;53;55
69208	0
69208	
68748;0;0;53;55
69324	0
69324	
68865;0;0;53;55
69449	0
69449	
68989;0;0;53;55
69563	0
69563	
69103;0;0;53;55
69678	0
69678	
69218;0;0;53;55
69792	0
69792	
69332;0;0;53;55
69908	0
69908	
69448;0;0;53;55
70023	0
70023	
69562;0;0;53;55
70138	0
70138	
69678;0;0;53;55
70253	0
70253	
69793;0;0;53;55
70372	0
70372	
69907;0;0;53;55
70491	0
70491	
70031;0;0;53;55
70607	0
70607	
70146;0;0;53;55
70722	0
70722	
70262;0;0;53;55
70838	0
70838	
70379;0;0;53;55
70953	0
70953	
70493;0;0;53;55
71067	0
71067	
70607;0;0;53;55
71181	0
71181	
70721;0;0;53;55
71295	0
71295	
70835;0;0;53;55
71422	0
71422	
70951;0;0;53;55
71537	0
71537	
71076;0;0;53;55
71652	0
71652	
71192;0;0;53;55
71766	0
71766	
71306;0;0;53;55
71880	0
71880	
71420;0;0;53;55
71995	0
71995	
71535;0;0;53;55
72110	0
72110	
71650;0;0;53;55
72225	0
72225	
71764;0;0;53;55
72340	0
72340	
71880;0;0;53;55
72466	0
72466	
72007;0;0;53;55
72581	0
72581	
72121;0;0;53;55
72695	0
72695	
72235;0;0;53;55
72810	0
72810	
72350;0;0;53;55
72924	0
72924	
72464;0;0;53;55
73040	0
73040	
72581;0;0;53;55
73156	0
73156	
72696;0;0;53;55
73272	0
73272	
72812;0;0;53;55
73392	0
73392	
72926;0;0;53;55
73510	0
73510	
73050;0;0;53;55
73624	0
73624	
73164;0;0;53;55
73740	0
73740	
73278;0;0;53;55
73855	0
73855	
73395;0;0;53;55
73970	0
73970	
73509;0;0;53;55
74085	0
74085	
73625;0;0;53;55
74199	0
74199	
73739;0;0;53;55
74315	0
74315	
73854;0;0;53;55
74436	0
74436	
73969;0;0;53;55
74553	0
74553	
74094;0;0;53;55
74668	0
74668	
74208;0;0;53;55
74783	0
74783	
74322;0;0;53;55
74898	0
74898	
74438;0;0;53;55
75014	0
75014	
74554;0;0;53;55
75128	0
75128	
74668;0;0;53;55
75242	0
75242	
74782;0;0;53;55
75357	0
75357	
74896;0;0;53;55
75478	0
75478	
75012;0;0;53;55
75598	0
75598	
75138;0;0;53;55
75713	0
75713	
75253;0;0;53;55
75827	0
75827	
75367;0;0;53;55
75941	0
75941	
75481;0;0;53;55
76055	0
76055	
75595;0;0;53;55
76172	0
76172	
75712;0;0;53;55
76286	0
76286	
75826;0;0;53;55
76402	0
76402	
75940;0;0;53;55
76523	0
76523	
76056;0;0;53;55
76640	0
76640	
76180;0;0;53;55
76755	0
76755	
76295;0;0;53;55
76870	0
76870	
76409;0;0;53;55
76985	0
76985	
76525;0;0;53;55
77099	0
77099	
76639;0;0;53;55
77215	0
77215	
76755;0;0;53;55
77330	0
77330	
76870;0;0;53;55
77444	0
77444	
76984;0;0;53;55
77564	0
77564	
77098;0;0;53;55
77683	0
77683	
77222;0;0;53;55
77798	0
77798	
77338;0;0;53;55
77915	0
77915	
77454;0;0;53;55
78030	0
78030	
77570;0;0;53;55
78144	0
78144	
77684;0;0;53;55
78258	0
78258	
77798;0;0;53;55
78373	0
78373	
77913;0;0;53;55
78489	0
78489	
78028;0;0;53;55
78610	0
78610	
78144;0;0;53;55
78730	0
78730	
78271;0;0;53;55
78845	0
78845	
78385;0;0;53;55
78959	0
78959	
78499;0;0;53;55
79074	0
79074	
78614;0;0;53;55
79188	0
79188	
78728;0;0;53;55
79304	0
79304	
78845;0;0;53;55
79419	0
79419	
78959;0;0;53;55
79534	0
79534	
79073;0;0;53;55
79654	0
79654	
79190;0;0;53;55
79774	0
79774	
79314;0;0;53;55
79888	0
79888	
79428;0;0;53;55
80004	0
80004	
79542;0;0;53;55
80118	0
80118	
79658;0;0;53;55
80233	0
80233	
79773;0;0;53;55
80349	0
80349	
79889;0;0;53;55
80463	0
80463	
80003;0;0;53;55
80577	0
80577	
80117;0;0;53;55
80695	0
80695	
80231;0;0;53;55
80817	0
80817	
80356;0;0;53;55
80932	0
80932	
80472;0;0;53;55
81047	0
81047	
80586;0;0;53;55
81162	0
81162	
80702;0;0;53;55
81276	0
81276	
80816;0;0;53;55
81391	0
81391	
80930;0;0;53;55
81505	0
81505	
81045;0;0;53;55
81621	0
81621	
81160;0;0;53;55
81736	0
81736	
81276;0;0;53;55
81861	0
81861	
81402;0;0;53;55
81976	0
81976	
81516;0;0;53;55
82091	0
82091	
81631;0;0;53;55
82205	0
82205	
81745;0;0;53;55
82320	0
82320	
81860;0;0;53;55
82435	0
82435	
81976;0;0;53;55
82550	0
82550	
82090;0;0;53;55
82666	0
82666	
82205;0;0;53;55
82784	0
82784	
82321;0;0;53;55
82905	0
82905	
82445;0;0;53;55
83020	0
83020	
82560;0;0;53;55
83135	0
83135	
82674;0;0;53;55
83251	0
83251	
82791;0;0;53;55
83365	0
83365	
82905;0;0;53;55
83481	0
83481	
83022;0;0;53;55
83596	0
83596	
83136;0;0;53;55
83711	0
83711	
83251;0;0;53;55
83831	0
83831	
83366;0;0;53;55
83951	0
83951	
83492;0;0;53;55
84066	0
84066	
83606;0;0;53;55
84181	0
84181	
83720;0;0;53;55
84296	0
84296	
83836;0;0;53;55
84412	0
84412	
83952;0;0;53;55
84526	0
84526	
84066;0;0;53;55
84640	0
84640	
84180;0;0;53;55
84755	0
84755	
84294;0;0;53;55
84874	0
84874	
84410;0;0;53;55
84996	0
84996	
84537;0;0;53;55
85112	0
85112	
84652;0;0;53;55
85226	0
85226	
84766;0;0;53;55
85340	0
85340	
84880;0;0;53;55
85454	0
85454	
84994;0;0;53;55
85571	0
85571	
85111;0;0;53;55
85685	0
85685	
85225;0;0;53;55
85801	0
85801	
85339;0;0;53;55
85920	0
85920	
85455;0;0;53;55
86039	0
86039	
85579;0;0;53;55
86154	0
86154	
85694;0;0;53;55
86269	0
86269	
85808;0;0;53;55
86384	0
86384	
85924;0;0;53;55
86498	0
86498	
86038;0;0;53;55
86614	0
86614	
86155;0;0;53;55
86730	0
86730	
86270;0;0;53;55
86844	0
86844	
86384;0;0;53;55
86965	0
86965	
86498;0;0;53;55
87083	0
87083	
86624;0;0;53;55
87198	0
87198	
86738;0;0;53;55
87315	0
87315	
86854;0;0;53;55
87430	0
87430	
86970;0;0;53;55
87544	0
87544	
87084;0;0;53;55
87658	0
87658	
87198;0;0;53;55
87772	0
87772	
87312;0;0;53;55
87888	0
87888	
87427;0;0;53;55
88010	0
88010	
87543;0;0;53;55
88129	0
88129	
87670;0;0;53;55
88244	0
88244	
87784;0;0;53;55
88358	0
88358	
87898;0;0;52;54
88473	0
88473	
88012;0;0;42;46
