milliseconds	Werte
460	0
460	
3;0;0;41;58
577	0
577	
118;0;0;41;58
691	0
691	
232;0;0;41;58
805	0
805	
346;0;0;41;58
919	0
919	
460;0;0;41;58
1033	0
1033	
574;0;0;41;58
1148	0
1148	
690;0;0;41;58
1274	0
1274	
815;0;0;41;58
1388	0
1388	
929;0;0;41;58
1502	0
1502	
1043;0;0;41;58
1616	0
1616	
1157;0;0;41;58
1730	0
1730	
1271;0;0;41;58
1845	0
1845	
1386;0;0;41;58
1960	0
1960	
1501;0;0;41;58
2085	0
2085	
1620;0;0;41;58
2202	0
2202	
1743;0;0;41;58
2316	0
2316	
1857;0;0;41;58
2431	0
2431	
1972;0;0;41;58
2545	0
2545	
2086;0;0;41;58
2660	0
2660	
2201;0;0;41;58
2778	0
2778	
2316;0;0;41;58
2892	0
2892	
2433;0;0;41;58
3012	0
3012	
2547;0;0;41;58
3130	0
3130	
2671;0;0;41;58
3244	0
3244	
2785;0;0;41;58
3359	0
3359	
2900;0;0;41;58
3474	0
3474	
3015;0;0;41;58
3591	0
3591	
3129;0;0;41;58
3706	0
3706	
3247;0;0;41;58
3820	0
3820	
3361;0;0;41;58
3939	0
3939	
3475;0;0;41;58
4058	0
4058	
3599;0;0;41;58
4173	0
4173	
3714;0;0;41;58
4287	0
4287	
3828;0;0;41;58
4405	0
4405	
3946;0;0;41;58
4519	0
4519	
4060;0;0;41;58
4633	0
4633	
4174;0;0;41;58
4747	0
4747	
4288;0;0;41;58
4868	0
4868	
4403;0;0;42;58
4986	0
4986	
4527;0;0;41;58
5103	0
5103	
4641;0;0;41;58
5217	0
5217	
4758;0;0;41;58
5331	0
5331	
4872;0;0;41;58
5445	0
5445	
4986;0;0;42;58
5560	0
5560	
5101;0;0;42;58
5676	0
5676	
5217;0;0;42;58
5795	0
5795	
5331;0;0;41;58
5916	0
5916	
5454;0;0;41;58
6030	0
6030	
5571;0;0;42;58
6144	0
6144	
5685;0;0;42;58
6260	0
6260	
5801;0;0;42;58
6375	0
6375	
5916;0;0;42;58
6489	0
6489	
6030;0;0;42;58
6603	0
6603	
6144;0;0;41;58
6729	0
6729	
6258;0;0;41;58
6843	0
6843	
6384;0;0;42;58
6959	0
6959	
6500;0;0;42;58
7074	0
7074	
6615;0;0;41;58
7188	0
7188	
6729;0;0;41;58
7302	0
7302	
6843;0;0;41;58
7416	0
7416	
6957;0;0;42;58
7534	0
7534	
7072;0;0;42;58
7656	0
7656	
7190;0;0;42;58
7773	0
7773	
7314;0;0;41;58
7887	0
7887	
7428;0;0;42;58
8001	0
8001	
7542;0;0;42;58
8115	0
8115	
7656;0;0;42;58
8230	0
8230	
7771;0;0;42;58
8347	0
8347	
7889;0;0;42;58
8462	0
8462	
8003;0;0;41;58
8582	0
8582	
8118;0;0;41;58
8700	0
8700	
8241;0;0;42;58
8814	0
8814	
8355;0;0;42;58
8929	0
8929	
8470;0;0;42;58
9046	0
9046	
8584;0;0;41;58
9161	0
9161	
8702;0;0;41;58
9276	0
9276	
8817;0;0;42;58
9390	0
9390	
8931;0;0;42;58
9511	0
9511	
9046;0;0;42;58
9628	0
9628	
9169;0;0;42;58
9742	0
9742	
9283;0;0;42;58
9859	0
9859	
9398;0;0;41;58
9974	0
9974	
9515;0;0;42;58
10089	0
10089	
9629;0;0;42;58
10203	0
10203	
9744;0;0;42;58
10317	0
10317	
9858;0;0;42;58
10436	0
10436	
9972;0;0;42;58
10554	0
10554	
10095;0;0;42;58
10672	0
10672	
10214;0;0;42;58
10788	0
10788	
10329;0;0;42;58
10903	0
10903	
10444;0;0;42;58
11018	0
11018	
10559;0;0;42;58
11133	0
11133	
10674;0;0;42;58
11248	0
11248	
10789;0;0;42;58
11376	0
11376	
10905;0;0;42;58
11491	0
11491	
11032;0;0;42;58
11606	0
11606	
11147;0;0;42;58
11721	0
11721	
11262;0;0;42;58
11836	0
11836	
11377;0;0;42;58
11952	0
11952	
11493;0;0;42;58
12067	0
12067	
11608;0;0;42;58
12185	0
12185	
11723;0;0;42;58
12308	0
12308	
11841;0;0;42;58
12424	0
12424	
11965;0;0;42;58
12540	0
12540	
12081;0;0;42;58
12655	0
12655	
12196;0;0;42;58
12770	0
12770	
12311;0;0;42;58
12886	0
12886	
12426;0;0;42;58
13003	0
13003	
12544;0;0;42;58
13119	0
13119	
12660;0;0;42;58
13241	0
13241	
12775;0;0;42;58
13358	0
13358	
12900;0;0;42;58
13473	0
13473	
13014;0;0;42;58
13588	0
13588	
13129;0;0;42;58
13706	0
13706	
13248;0;0;42;58
13821	0
13821	
13362;0;0;42;58
13936	0
13936	
13477;0;0;42;58
14051	0
14051	
13592;0;0;42;58
14174	0
14174	
13707;0;0;42;58
14291	0
14291	
13832;0;0;42;58
14409	0
14409	
13947;0;0;42;58
14524	0
14524	
14065;0;0;42;58
14639	0
14639	
14180;0;0;42;58
14754	0
14754	
14295;0;0;42;58
14870	0
14870	
14410;0;0;42;58
14985	0
14985	
14526;0;0;42;58
15110	0
15110	
14641;0;0;42;58
15227	0
15227	
14768;0;0;42;58
15342	0
15342	
14883;0;0;42;58
15458	0
15458	
14998;0;0;42;58
15573	0
15573	
15114;0;0;42;58
15688	0
15688	
15229;0;0;42;58
15803	0
15803	
15344;0;0;42;58
15919	0
15919	
15459;0;0;42;58
16042	0
16042	
15577;0;0;42;58
16160	0
16160	
15701;0;0;42;58
16275	0
16275	
15816;0;0;42;58
16390	0
16390	
15931;0;0;42;58
16505	0
16505	
16046;0;0;42;58
16620	0
16620	
16161;0;0;42;58
16738	0
16738	
16280;0;0;42;58
16853	0
16853	
16394;0;0;42;58
16977	0
16977	
16509;0;0;42;58
17092	0
17092	
16633;0;0;42;58
17207	0
17207	
16748;0;0;42;58
17323	0
17323	
16864;0;0;42;58
17441	0
17441	
16979;0;0;42;58
17556	0
17556	
17097;0;0;42;58
17671	0
17671	
17212;0;0;42;58
17786	0
17786	
17327;0;0;42;58
17908	0
17908	
17443;0;0;42;58
18026	0
18026	
17567;0;0;42;58
18142	0
18142	
17682;0;0;42;58
18259	0
18259	
17800;0;0;42;58
18374	0
18374	
17915;0;0;42;58
18490	0
18490	
18031;0;0;42;58
18605	0
18605	
18146;0;0;42;58
18720	0
18720	
18261;0;0;42;58
18843	0
18843	
18376;0;0;42;58
18961	0
18961	
18503;0;0;42;58
19078	0
19078	
18619;0;0;42;58
19193	0
19193	
18734;0;0;42;58
19308	0
19308	
18849;0;0;42;58
19423	0
19423	
18964;0;0;42;58
19538	0
19538	
19079;0;0;42;58
19654	0
19654	
19195;0;0;42;58
19779	0
19779	
19314;0;0;42;58
19896	0
19896	
19437;0;0;42;58
20011	0
20011	
19552;0;0;42;58
20126	0
20126	
19667;0;0;42;58
20242	0
20242	
19783;0;0;42;58
20357	0
20357	
19898;0;0;42;58
20475	0
20475	
20013;0;0;42;58
20590	0
20590	
20131;0;0;42;58
20712	0
20712	
20246;0;0;42;58
20830	0
20830	
20371;0;0;42;58
20945	0
20945	
20486;0;0;42;58
21060	0
21060	
20601;0;0;42;58
21178	0
21178	
20716;0;0;42;58
21293	0
21293	
20834;0;0;42;58
21409	0
21409	
20950;0;0;42;58
21524	0
21524	
21065;0;0;42;58
21644	0
21644	
21180;0;0;42;58
21763	0
21763	
21304;0;0;42;58
21878	0
21878	
21419;0;0;42;58
21997	0
21997	
21538;0;0;42;58
22112	0
22112	
21653;0;0;42;58
22227	0
22227	
21768;0;0;42;58
22342	0
22342	
21883;0;0;42;58
22457	0
22457	
21998;0;0;42;58
22580	0
22580	
22113;0;0;42;58
22699	0
22699	
22240;0;0;42;58
22815	0
22815	
22356;0;0;42;58
22930	0
22930	
22471;0;0;42;58
23045	0
23045	
22586;0;0;42;58
23160	0
23160	
22701;0;0;42;58
23276	0
23276	
22817;0;0;42;58
23391	0
23391	
22932;0;0;42;58
23517	0
23517	
23049;0;0;42;58
23633	0
23633	
23174;0;0;42;58
23748	0
23748	
23289;0;0;42;58
23864	0
23864	
23405;0;0;42;58
23979	0
23979	
23520;0;0;42;58
24094	0
24094	
23635;0;0;42;58
24211	0
24211	
23750;0;0;42;58
24327	0
24327	
23868;0;0;42;58
24453	0
24453	
23994;0;0;42;58
24567	0
24567	
24108;0;0;42;58
24682	0
24682	
24223;0;0;42;58
24797	0
24797	
24338;0;0;42;58
24913	0
24913	
24453;0;0;42;58
25030	0
25030	
24570;0;0;42;58
25145	0
25145	
24686;0;0;42;58
25260	0
25260	
24801;0;0;42;58
25381	0
25381	
24916;0;0;42;58
25499	0
25499	
25040;0;0;42;58
25615	0
25615	
25156;0;0;42;58
25733	0
25733	
25274;0;0;42;58
25849	0
25849	
25390;0;0;42;58
25964	0
25964	
25505;0;0;42;58
26079	0
26079	
25620;0;0;42;58
26195	0
26195	
25736;0;0;42;58
26315	0
26315	
25851;0;0;42;58
26435	0
26435	
25975;0;0;42;58
26552	0
26552	
26093;0;0;42;58
26667	0
26667	
26208;0;0;42;58
26783	0
26783	
26324;0;0;42;58
26898	0
26898	
26439;0;0;42;58
27013	0
27013	
26554;0;0;42;58
27128	0
27128	
26669;0;0;42;58
27253	0
27253	
26784;0;0;42;58
27371	0
27371	
26913;0;0;42;58
27486	0
27486	
27027;0;0;42;58
27601	0
27601	
27142;0;0;42;58
27716	0
27716	
27257;0;0;42;58
27831	0
27831	
27372;0;0;42;58
27948	0
27948	
27488;0;0;42;58
28064	0
28064	
27606;0;0;42;58
28185	0
28185	
27721;0;0;42;58
28304	0
28304	
27845;0;0;42;58
28419	0
28419	
27960;0;0;42;58
28535	0
28535	
28076;0;0;42;58
28650	0
28650	
28191;0;0;42;58
28768	0
28768	
28307;0;0;42;58
28883	0
28883	
28424;0;0;42;58
28998	0
28998	
28539;0;0;42;58
29114	0
29114	
28655;0;0;42;58
29239	0
29239	
28780;0;0;42;58
29354	0
29354	
28895;0;0;42;58
29473	0
29473	
29013;0;0;42;58
29588	0
29588	
29129;0;0;42;58
29704	0
29704	
29244;0;0;42;58
29819	0
29819	
29360;0;0;42;58
29934	0
29934	
29475;0;0;42;58
30049	0
30049	
29590;0;0;42;58
30174	0
30174	
29705;0;0;42;58
30292	0
30292	
29832;0;0;42;58
30407	0
30407	
29948;0;0;42;58
30522	0
30522	
30063;0;0;42;58
30637	0
30637	
30178;0;0;42;58
30752	0
30752	
30293;0;0;42;58
30867	0
30867	
30408;0;0;42;58
30986	0
30986	
30524;0;0;42;58
31105	0
31105	
30642;0;0;42;58
31225	0
31225	
30766;0;0;42;58
31340	0
31340	
30881;0;0;42;58
31455	0
31455	
30996;0;0;42;58
31571	0
31571	
31112;0;0;42;58
31687	0
31687	
31227;0;0;42;58
31804	0
31804	
31345;0;0;42;58
31919	0
31919	
31460;0;0;42;58
32034	0
32034	
31575;0;0;42;58
32150	0
32150	
31691;0;0;42;58
32265	0
32265	
31806;0;0;42;58
32380	0
32380	
31921;0;0;42;58
32496	0
32496	
32036;0;0;42;58
32612	0
32612	
32152;0;0;42;58
32728	0
32728	
32269;0;0;42;58
32843	0
32843	
32384;0;0;42;58
32958	0
32958	
32499;0;0;42;58
33081	0
33081	
32614;0;0;42;58
33197	0
33197	
32738;0;0;42;58
33316	0
33316	
32857;0;0;42;58
33432	0
33432	
32973;0;0;42;58
33547	0
33547	
33088;0;0;42;58
33662	0
33662	
33203;0;0;42;58
33777	0
33777	
33319;0;0;42;58
33893	0
33893	
33434;0;0;42;58
34016	0
34016	
33549;0;0;42;58
34135	0
34135	
33676;0;0;42;58
34250	0
34250	
33791;0;0;42;58
34365	0
34365	
33906;0;0;42;58
34481	0
34481	
34022;0;0;42;58
34596	0
34596	
34137;0;0;42;58
34711	0
34711	
34252;0;0;42;58
34827	0
34827	
34367;0;0;42;58
34948	0
34948	
34485;0;0;42;58
35069	0
35069	
34610;0;0;42;58
35184	0
35184	
34725;0;0;42;58
35299	0
35299	
34840;0;0;42;58
35414	0
35414	
34955;0;0;42;58
35530	0
35530	
35070;0;0;42;58
35647	0
35647	
35189;0;0;42;58
35762	0
35762	
35303;0;0;42;58
35877	0
35877	
35419;0;0;42;58
36002	0
36002	
35543;0;0;42;58
36117	0
36117	
35658;0;0;42;58
36233	0
36233	
35774;0;0;42;58
36350	0
36350	
35890;0;0;42;58
36465	0
36465	
36006;0;0;42;58
36580	0
36580	
36121;0;0;42;58
36695	0
36695	
36236;0;0;42;58
36811	0
36811	
36352;0;0;42;58
36935	0
36935	
36476;0;0;42;58
37051	0
37051	
36591;0;0;42;58
37168	0
37168	
36709;0;0;42;58
37283	0
37283	
36824;0;0;42;58
37399	0
37399	
36939;0;0;42;58
37514	0
37514	
37055;0;0;42;58
37629	0
37629	
37170;0;0;42;58
37744	0
37744	
37285;0;0;42;58
37872	0
37872	
37414;0;0;42;58
37988	0
37988	
37529;0;0;42;58
38104	0
38104	
37645;0;0;42;58
38219	0
38219	
37760;0;0;42;58
38334	0
38334	
37875;0;0;42;58
38449	0
38449	
37990;0;0;42;58
38565	0
38565	
38105;0;0;42;58
38683	0
38683	
38224;0;0;42;58
38808	0
38808	
38349;0;0;42;58
38923	0
38923	
38464;0;0;42;58
39038	0
39038	
38579;0;0;42;58
39153	0
39153	
38694;0;0;42;58
39271	0
39271	
38810;0;0;42;58
39387	0
39387	
38929;0;0;42;58
39502	0
39502	
39043;0;0;42;58
39617	0
39617	
39158;0;0;42;58
39741	0
39741	
39282;0;0;42;58
39857	0
39857	
39398;0;0;42;58
39972	0
39972	
39513;0;0;42;58
40090	0
40090	
39630;0;0;42;58
40205	0
40205	
39746;0;0;42;58
40320	0
40320	
39861;0;0;42;58
40436	0
40436	
39977;0;0;42;58
40554	0
40554	
40092;0;0;42;58
40675	0
40675	
40216;0;0;42;58
40791	0
40791	
40331;0;0;42;58
40908	0
40908	
40449;0;0;42;58
41024	0
41024	
40565;0;0;42;58
41139	0
41139	
40680;0;0;42;58
41254	0
41254	
40795;0;0;42;58
41369	0
41369	
40910;0;0;42;58
41488	0
41488	
41025;0;0;42;58
41611	0
41611	
41153;0;0;42;58
41726	0
41726	
41267;0;0;42;58
41841	0
41841	
41382;0;0;42;58
41956	0
41956	
41497;0;0;42;58
42071	0
42071	
41612;0;0;42;58
42187	0
42187	
41728;0;0;42;58
42303	0
42303	
41843;0;0;42;58
42424	0
42424	
41961;0;0;42;58
42543	0
42543	
42084;0;0;42;58
42658	0
42658	
42199;0;0;42;58
42774	0
42774	
42315;0;0;42;58
42889	0
42889	
42430;0;0;42;58
43004	0
43004	
42545;0;0;42;58
43121	0
43121	
42662;0;0;42;58
43237	0
43237	
42778;0;0;42;58
43359	0
43359	
42894;0;0;42;58
43476	0
43476	
43017;0;0;42;58
43591	0
43591	
43132;0;0;42;58
43706	0
43706	
43247;0;0;42;58
43822	0
43822	
43362;0;0;42;58
43940	0
43940	
43481;0;0;42;58
44055	0
44055	
43596;0;0;42;58
44170	0
44170	
43711;0;0;42;58
44289	0
44289	
43826;0;0;42;58
44409	0
44409	
43950;0;0;42;58
44525	0
44525	
44065;0;0;42;58
44642	0
44642	
44182;0;0;42;58
44757	0
44757	
44298;0;0;42;58
44872	0
44872	
44413;0;0;42;58
44987	0
44987	
44528;0;0;42;58
45103	0
45103	
44643;0;0;42;58
45218	0
45218	
44759;0;0;42;58
45345	0
45345	
44886;0;0;42;58
45461	0
45461	
45002;0;0;42;58
45576	0
45576	
45117;0;0;42;58
45691	0
45691	
45232;0;0;42;58
45807	0
45807	
45348;0;0;42;58
45922	0
45922	
45463;0;0;42;58
46037	0
46037	
45578;0;0;42;58
46155	0
46155	
45696;0;0;42;58
46277	0
46277	
45812;0;0;42;58
46396	0
46396	
45937;0;0;42;58
46511	0
46511	
46052;0;0;42;58
46626	0
46626	
46167;0;0;42;58
46741	0
46741	
46282;0;0;42;58
46859	0
46859	
46397;0;0;42;58
46975	0
46975	
46516;0;0;42;58
47090	0
47090	
46631;0;0;42;58
47211	0
47211	
46746;0;0;42;58
47329	0
47329	
46870;0;0;42;58
47444	0
47444	
46985;0;0;42;58
47561	0
47561	
47101;0;0;42;58
47678	0
47678	
47219;0;0;42;58
47793	0
47793	
47334;0;0;42;58
47908	0
47908	
47449;0;0;42;58
48023	0
48023	
47564;0;0;42;58
48139	0
48139	
47680;0;0;42;58
48263	0
48263	
47804;0;0;42;58
48381	0
48381	
47920;0;0;42;58
48496	0
48496	
48037;0;0;42;58
48611	0
48611	
48152;0;0;42;58
48727	0
48727	
48268;0;0;42;58
48842	0
48842	
48383;0;0;42;58
48957	0
48957	
48498;0;0;42;58
49072	0
49072	
48613;0;0;42;58
49200	0
49200	
48741;0;0;42;58
49316	0
49316	
48857;0;0;42;58
49431	0
49431	
48972;0;0;42;58
49546	0
49546	
49087;0;0;42;58
49661	0
49661	
49202;0;0;42;58
49776	0
49776	
49317;0;0;42;58
49894	0
49894	
49435;0;0;42;58
50010	0
50010	
49551;0;0;42;58
50125	0
50125	
49666;0;0;42;58
50240	0
50240	
49781;0;0;42;58
50355	0
50355	
49896;0;0;42;58
50471	0
50471	
50012;0;0;42;58
50586	0
50586	
50128;0;0;42;58
50705	0
50705	
50246;0;0;42;58
50821	0
50821	
50362;0;0;42;58
50936	0
50936	
50477;0;0;42;58
51058	0
51058	
50593;0;0;42;58
51176	0
51176	
50717;0;0;42;58
51291	0
51291	
50832;0;0;42;58
51407	0
51407	
50947;0;0;42;58
51524	0
51524	
51065;0;0;42;58
51640	0
51640	
51181;0;0;42;58
51755	0
51755	
51296;0;0;42;58
51870	0
51870	
51411;0;0;42;58
51992	0
51992	
51526;0;0;42;58
52111	0
52111	
51651;0;0;42;58
52228	0
52228	
51769;0;0;42;58
52343	0
52343	
51884;0;0;42;58
52458	0
52458	
51999;0;0;42;58
52573	0
52573	
52114;0;0;42;58
52688	0
52688	
52230;0;0;42;58
52804	0
52804	
52345;0;0;42;58
52932	0
52932	
52461;0;0;42;58
53047	0
53047	
52588;0;0;42;58
53162	0
53162	
52703;0;0;42;58
53277	0
53277	
52818;0;0;42;58
53392	0
53392	
52933;0;0;42;58
53508	0
53508	
53049;0;0;42;58
53623	0
53623	
53164;0;0;42;58
53740	0
53740	
53281;0;0;42;58
53862	0
53862	
53397;0;0;42;58
53980	0
53980	
53521;0;0;42;58
54096	0
54096	
53637;0;0;42;58
54211	0
54211	
53752;0;0;42;58
54326	0
54326	
53867;0;0;42;58
54444	0
54444	
53982;0;0;42;58
54559	0
54559	
54100;0;0;42;58
54675	0
54675	
54216;0;0;42;58
54794	0
54794	
54332;0;0;42;58
54915	0
54915	
54456;0;0;42;58
55030	0
55030	
54571;0;0;42;58
55146	0
55146	
54686;0;0;42;58
55264	0
55264	
54805;0;0;42;58
55379	0
55379	
54920;0;0;42;58
55494	0
55494	
55035;0;0;42;58
55609	0
55609	
55150;0;0;42;58
55729	0
55729	
55265;0;0;42;58
55849	0
55849	
55390;0;0;42;58
55966	0
55966	
55508;0;0;42;58
56081	0
56081	
55622;0;0;42;58
56196	0
56196	
55737;0;0;42;58
56311	0
56311	
55852;0;0;42;58
56427	0
56427	
55968;0;0;42;58
56542	0
56542	
56083;0;0;42;58
56667	0
56667	
56198;0;0;42;58
56784	0
56784	
56325;0;0;42;58
56900	0
56900	
56441;0;0;42;58
57016	0
57016	
56557;0;0;42;58
57131	0
57131	
56672;0;0;42;58
57246	0
57246	
56787;0;0;42;58
57361	0
57361	
56902;0;0;42;58
57478	0
57478	
57019;0;0;42;58
57595	0
57595	
57137;0;0;42;58
57721	0
57721	
57262;0;0;42;58
57836	0
57836	
57377;0;0;42;58
57951	0
57951	
57492;0;0;42;58
58066	0
58066	
57607;0;0;42;58
58185	0
58185	
57723;0;0;42;58
58301	0
58301	
57842;0;0;42;58
58416	0
58416	
57957;0;0;42;58
58531	0
58531	
58072;0;0;42;58
58655	0
58655	
58196;0;0;42;58
58771	0
58771	
58312;0;0;42;58
58888	0
58888	
58427;0;0;42;58
59005	0
59005	
58546;0;0;42;58
59120	0
59120	
58661;0;0;42;58
59235	0
59235	
58776;0;0;42;58
59351	0
59351	
58891;0;0;42;58
59466	0
59466	
59007;0;0;42;58
59590	0
59590	
59131;0;0;42;58
59709	0
59709	
59250;0;0;42;58
59824	0
59824	
59365;0;0;42;58
59940	0
59940	
59480;0;0;42;58
60055	0
60055	
59596;0;0;42;58
60170	0
60170	
59711;0;0;42;58
60285	0
60285	
59826;0;0;42;58
60401	0
60401	
59941;0;0;42;58
60528	0
60528	
60069;0;0;42;58
60644	0
60644	
60185;0;0;42;58
60759	0
60759	
60300;0;0;42;58
60874	0
60874	
60415;0;0;42;58
60989	0
60989	
60530;0;0;42;58
61104	0
61104	
60645;0;0;42;58
61222	0
61222	
60764;0;0;42;58
61337	0
61337	
60878;0;0;42;58
61461	0
61461	
61002;0;0;42;58
61576	0
61576	
61117;0;0;42;58
61691	0
61691	
61232;0;0;42;58
61807	0
61807	
61348;0;0;42;58
61925	0
61925	
61463;0;0;42;58
62040	0
62040	
61581;0;0;42;58
62155	0
62155	
61696;0;0;42;58
62270	0
62270	
61811;0;0;42;58
62395	0
62395	
61936;0;0;42;58
62510	0
62510	
62051;0;0;42;58
62626	0
62626	
62166;0;0;42;58
62743	0
62743	
62284;0;0;42;58
62858	0
62858	
62399;0;0;42;58
62974	0
62974	
62515;0;0;42;58
63089	0
63089	
62630;0;0;42;58
63207	0
63207	
62745;0;0;42;58
63328	0
63328	
62869;0;0;42;58
63445	0
63445	
62987;0;0;42;58
63561	0
63561	
63102;0;0;42;58
63676	0
63676	
63217;0;0;42;58
63791	0
63791	
63332;0;0;42;58
63906	0
63906	
63447;0;0;42;58
64021	0
64021	
63562;0;0;42;58
64149	0
64149	
63678;0;0;42;58
64264	0
64264	
63805;0;0;42;58
64379	0
64379	
63920;0;0;42;58
64494	0
64494	
64035;0;0;42;58
64609	0
64609	
64150;0;0;42;58
64725	0
64725	
64266;0;0;42;58
64840	0
64840	
64381;0;0;42;58
64957	0
64957	
64498;0;0;42;58
65080	0
65080	
64614;0;0;42;58
65197	0
65197	
64738;0;0;42;58
65313	0
65313	
64854;0;0;42;58
65428	0
65428	
64969;0;0;42;58
65543	0
65543	
65084;0;0;42;58
65659	0
65659	
65199;0;0;42;58
65776	0
65776	
65317;0;0;42;58
65892	0
65892	
65433;0;0;42;58
66014	0
66014	
65548;0;0;42;58
66131	0
66131	
65672;0;0;42;58
66246	0
66246	
65787;0;0;42;58
66362	0
66362	
65902;0;0;42;58
66479	0
66479	
66021;0;0;42;58
66594	0
66594	
66135;0;0;42;58
66709	0
66709	
66250;0;0;42;58
66824	0
66824	
66365;0;0;42;58
66948	0
66948	
66480;0;0;42;58
67064	0
67064	
66604;0;0;42;58
67182	0
67182	
66723;0;0;42;58
67298	0
67298	
66839;0;0;42;58
67413	0
67413	
66954;0;0;42;58
67528	0
67528	
67069;0;0;42;58
67643	0
67643	
67184;0;0;42;58
67759	0
67759	
67300;0;0;42;58
67883	0
67883	
67415;0;0;42;58
68001	0
68001	
67543;0;0;42;58
68116	0
68116	
67657;0;0;42;58
68231	0
68231	
67772;0;0;42;58
68347	0
68347	
67888;0;0;42;58
68462	0
68462	
68003;0;0;42;58
68577	0
68577	
68118;0;0;42;58
68695	0
68695	
68233;0;0;42;58
68814	0
68814	
68351;0;0;42;58
68935	0
68935	
68476;0;0;42;58
69050	0
69050	
68591;0;0;42;58
69165	0
69165	
68706;0;0;42;58
69280	0
69280	
68821;0;0;42;58
69395	0
69395	
68936;0;0;42;58
69514	0
69514	
69055;0;0;42;58
69629	0
69629	
69170;0;0;42;58
69744	0
69744	
69285;0;0;42;58
69869	0
69869	
69410;0;0;42;58
69984	0
69984	
69525;0;0;42;58
70100	0
70100	
69641;0;0;42;58
70218	0
70218	
69760;0;0;42;58
70333	0
70333	
69874;0;0;41;56
70448	0
70448	
69989;0;0;41;44
