milliseconds	Werte
461	0
461	
3;0;0;51;60
578	0
578	
118;0;0;51;60
692	0
692	
232;0;0;51;60
806	0
806	
346;0;0;51;60
920	0
920	
460;0;0;51;60
1034	0
1034	
574;0;0;51;60
1149	0
1149	
690;0;0;51;60
1275	0
1275	
815;0;0;51;60
1389	0
1389	
929;0;0;51;60
1503	0
1503	
1043;0;0;51;60
1617	0
1617	
1157;0;0;51;60
1731	0
1731	
1271;0;0;51;60
1846	0
1846	
1386;0;0;52;60
1961	0
1961	
1501;0;0;52;60
2084	0
2084	
1619;0;0;51;60
2202	0
2202	
1742;0;0;51;60
2316	0
2316	
1856;0;0;52;60
2431	0
2431	
1971;0;0;52;60
2545	0
2545	
2085;0;0;52;60
2660	0
2660	
2200;0;0;51;60
2778	0
2778	
2315;0;0;51;60
2892	0
2892	
2432;0;0;52;60
3012	0
3012	
2546;0;0;52;60
3130	0
3130	
2670;0;0;52;60
3244	0
3244	
2784;0;0;52;60
3359	0
3359	
2899;0;0;52;60
3474	0
3474	
3014;0;0;51;60
3591	0
3591	
3128;0;0;52;60
3706	0
3706	
3246;0;0;52;60
3820	0
3820	
3360;0;0;52;60
3942	0
3942	
3474;0;0;52;60
4058	0
4058	
3598;0;0;52;60
4173	0
4173	
3713;0;0;52;60
4287	0
4287	
3827;0;0;52;60
4405	0
4405	
3945;0;0;52;60
4519	0
4519	
4059;0;0;52;60
4633	0
4633	
4173;0;0;52;60
4747	0
4747	
4287;0;0;52;60
4867	0
4867	
4402;0;0;52;60
4986	0
4986	
4526;0;0;52;60
5103	0
5103	
4640;0;0;52;60
5217	0
5217	
4757;0;0;52;60
5331	0
5331	
4871;0;0;52;60
5445	0
5445	
4985;0;0;52;60
5560	0
5560	
5100;0;0;52;60
5676	0
5676	
5216;0;0;52;60
5795	0
5795	
5330;0;0;52;60
5916	0
5916	
5456;0;0;52;60
6031	0
6031	
5571;0;0;52;60
6145	0
6145	
5685;0;0;52;60
6261	0
6261	
5801;0;0;52;60
6376	0
6376	
5916;0;0;52;60
6490	0
6490	
6030;0;0;52;60
6604	0
6604	
6144;0;0;52;60
6728	0
6728	
6258;0;0;52;60
6844	0
6844	
6384;0;0;52;60
6960	0
6960	
6500;0;0;52;60
7075	0
7075	
6615;0;0;52;60
7189	0
7189	
6729;0;0;52;60
7303	0
7303	
6843;0;0;52;60
7417	0
7417	
6957;0;0;52;60
7535	0
7535	
7074;0;0;52;60
7656	0
7656	
7190;0;0;52;60
7774	0
7774	
7314;0;0;52;60
7888	0
7888	
7428;0;0;52;60
8002	0
8002	
7542;0;0;52;60
8116	0
8116	
7656;0;0;52;60
8232	0
8232	
7771;0;0;52;60
8348	0
8348	
7889;0;0;52;60
8463	0
8463	
8003;0;0;52;60
8583	0
8583	
8118;0;0;52;60
8701	0
8701	
8241;0;0;52;60
8815	0
8815	
8355;0;0;52;60
8930	0
8930	
8470;0;0;52;60
9047	0
9047	
8584;0;0;52;60
9162	0
9162	
8702;0;0;52;60
9277	0
9277	
8817;0;0;52;60
9391	0
9391	
8931;0;0;52;60
9511	0
9511	
9046;0;0;52;60
9630	0
9630	
9170;0;0;52;60
9744	0
9744	
9284;0;0;52;60
9862	0
9862	
9403;0;0;52;60
9977	0
9977	
9517;0;0;52;60
10092	0
10092	
9631;0;0;52;60
10206	0
10206	
9746;0;0;52;60
10320	0
10320	
9860;0;0;52;60
10438	0
10438	
9974;0;0;52;60
10559	0
10559	
10099;0;0;52;60
10677	0
10677	
10217;0;0;52;60
10793	0
10793	
10333;0;0;52;60
10908	0
10908	
10448;0;0;52;60
11023	0
11023	
10563;0;0;52;60
11138	0
11138	
10678;0;0;52;60
11253	0
11253	
10793;0;0;52;60
11379	0
11379	
10909;0;0;52;60
11496	0
11496	
11036;0;0;52;60
11611	0
11611	
11151;0;0;52;60
11726	0
11726	
11266;0;0;52;60
11841	0
11841	
11381;0;0;52;60
11957	0
11957	
11497;0;0;52;60
12074	0
12074	
11612;0;0;52;60
12190	0
12190	
11731;0;0;52;60
12311	0
12311	
11845;0;0;52;60
12429	0
12429	
11969;0;0;52;60
12545	0
12545	
12085;0;0;52;60
12660	0
12660	
12201;0;0;52;60
12775	0
12775	
12315;0;0;52;60
12893	0
12893	
12432;0;0;52;60
13008	0
13008	
12548;0;0;52;60
13124	0
13124	
12664;0;0;52;60
13246	0
13246	
12779;0;0;52;60
13363	0
13363	
12904;0;0;52;60
13478	0
13478	
13018;0;0;52;60
13594	0
13594	
13133;0;0;52;60
13712	0
13712	
13252;0;0;52;60
13827	0
13827	
13367;0;0;52;60
13942	0
13942	
13482;0;0;52;60
14057	0
14057	
13597;0;0;52;60
14180	0
14180	
13712;0;0;52;60
14298	0
14298	
13837;0;0;52;60
14414	0
14414	
13955;0;0;52;60
14529	0
14529	
14069;0;0;52;60
14644	0
14644	
14184;0;0;52;60
14759	0
14759	
14299;0;0;52;60
14875	0
14875	
14414;0;0;52;60
14990	0
14990	
14530;0;0;52;60
15116	0
15116	
14645;0;0;52;60
15232	0
15232	
14772;0;0;52;60
15347	0
15347	
14887;0;0;52;60
15463	0
15463	
15003;0;0;52;60
15578	0
15578	
15118;0;0;52;60
15693	0
15693	
15233;0;0;52;60
15808	0
15808	
15348;0;0;52;60
15925	0
15925	
15465;0;0;52;60
16048	0
16048	
15581;0;0;52;60
16166	0
16166	
15706;0;0;52;60
16281	0
16281	
15821;0;0;52;60
16396	0
16396	
15936;0;0;52;60
16511	0
16511	
16051;0;0;52;60
16627	0
16627	
16166;0;0;52;60
16745	0
16745	
16285;0;0;52;60
16860	0
16860	
16400;0;0;52;60
16982	0
16982	
16515;0;0;52;60
17099	0
17099	
16639;0;0;52;60
17214	0
17214	
16754;0;0;52;60
17331	0
17331	
16870;0;0;52;60
17447	0
17447	
16988;0;0;52;60
17562	0
17562	
17102;0;0;52;60
17677	0
17677	
17217;0;0;52;60
17792	0
17792	
17332;0;0;52;60
17914	0
17914	
17448;0;0;52;60
18032	0
18032	
17572;0;0;52;60
18149	0
18149	
17689;0;0;52;60
18265	0
18265	
17806;0;0;52;60
18380	0
18380	
17920;0;0;52;60
18496	0
18496	
18036;0;0;52;60
18611	0
18611	
18151;0;0;52;60
18726	0
18726	
18266;0;0;52;60
18849	0
18849	
18381;0;0;52;60
18968	0
18968	
18508;0;0;52;60
19084	0
19084	
18624;0;0;52;60
19199	0
19199	
18739;0;0;52;60
19314	0
19314	
18854;0;0;52;60
19429	0
19429	
18969;0;0;52;60
19544	0
19544	
19084;0;0;52;60
19663	0
19663	
19200;0;0;52;60
19788	0
19788	
19328;0;0;52;60
19902	0
19902	
19442;0;0;52;60
20017	0
20017	
19557;0;0;52;60
20132	0
20132	
19672;0;0;52;60
20248	0
20248	
19788;0;0;52;60
20365	0
20365	
19903;0;0;52;60
20481	0
20481	
20021;0;0;52;60
20596	0
20596	
20136;0;0;52;60
20720	0
20720	
20260;0;0;52;60
20836	0
20836	
20376;0;0;52;60
20951	0
20951	
20491;0;0;52;60
21066	0
21066	
20607;0;0;52;60
21184	0
21184	
20724;0;0;52;60
21300	0
21300	
20840;0;0;52;60
21416	0
21416	
20956;0;0;52;60
21536	0
21536	
21071;0;0;52;60
21654	0
21654	
21194;0;0;52;60
21769	0
21769	
21310;0;0;52;60
21887	0
21887	
21424;0;0;52;60
22003	0
22003	
21543;0;0;52;60
22118	0
22118	
21658;0;0;52;60
22233	0
22233	
21773;0;0;52;60
22348	0
22348	
21888;0;0;52;60
22470	0
22470	
22003;0;0;52;60
22589	0
22589	
22127;0;0;52;60
22706	0
22706	
22246;0;0;52;60
22821	0
22821	
22361;0;0;52;60
22936	0
22936	
22476;0;0;52;60
23051	0
23051	
22591;0;0;52;60
23166	0
23166	
22706;0;0;52;60
23282	0
23282	
22822;0;0;52;60
23408	0
23408	
22937;0;0;52;60
23524	0
23524	
23064;0;0;52;60
23639	0
23639	
23179;0;0;52;60
23754	0
23754	
23294;0;0;52;60
23870	0
23870	
23411;0;0;52;60
23985	0
23985	
23525;0;0;52;60
24100	0
24100	
23640;0;0;52;60
24218	0
24218	
23757;0;0;52;60
24337	0
24337	
23873;0;0;52;60
24458	0
24458	
23998;0;0;52;60
24573	0
24573	
24113;0;0;52;60
24688	0
24688	
24228;0;0;52;60
24803	0
24803	
24343;0;0;52;60
24919	0
24919	
24458;0;0;52;60
25037	0
25037	
24577;0;0;52;60
25152	0
25152	
24692;0;0;52;60
25267	0
25267	
24807;0;0;52;60
25392	0
25392	
24932;0;0;52;60
25507	0
25507	
25047;0;0;52;60
25624	0
25624	
25163;0;0;52;60
25741	0
25741	
25281;0;0;52;60
25856	0
25856	
25396;0;0;52;60
25971	0
25971	
25512;0;0;52;60
26086	0
26086	
25626;0;0;52;60
26202	0
26202	
25742;0;0;52;60
26327	0
26327	
25867;0;0;52;60
26444	0
26444	
25983;0;0;52;60
26559	0
26559	
26099;0;0;52;60
26674	0
26674	
26214;0;0;52;60
26790	0
26790	
26330;0;0;52;60
26905	0
26905	
26445;0;0;52;60
27020	0
27020	
26560;0;0;52;60
27136	0
27136	
26675;0;0;52;60
27261	0
27261	
26791;0;0;52;60
27378	0
27378	
26918;0;0;52;60
27493	0
27493	
27033;0;0;52;60
27608	0
27608	
27148;0;0;52;60
27723	0
27723	
27263;0;0;52;60
27838	0
27838	
27378;0;0;52;60
27955	0
27955	
27495;0;0;52;60
28071	0
28071	
27612;0;0;52;60
28193	0
28193	
27726;0;0;52;60
28310	0
28310	
27850;0;0;52;60
28425	0
28425	
27965;0;0;52;60
28541	0
28541	
28081;0;0;52;60
28657	0
28657	
28196;0;0;52;60
28773	0
28773	
28313;0;0;52;60
28889	0
28889	
28429;0;0;52;60
29004	0
29004	
28544;0;0;52;60
29125	0
29125	
28660;0;0;52;60
29244	0
29244	
28784;0;0;52;60
29360	0
29360	
28899;0;0;52;60
29477	0
29477	
29016;0;0;52;60
29592	0
29592	
29132;0;0;52;60
29708	0
29708	
29247;0;0;52;60
29823	0
29823	
29363;0;0;52;60
29938	0
29938	
29478;0;0;52;60
30057	0
30057	
29593;0;0;52;60
30179	0
30179	
29719;0;0;52;60
30296	0
30296	
29835;0;0;52;60
30411	0
30411	
29951;0;0;52;60
30526	0
30526	
30066;0;0;52;60
30641	0
30641	
30181;0;0;52;60
30756	0
30756	
30296;0;0;52;60
30871	0
30871	
30411;0;0;52;60
30997	0
30997	
30529;0;0;52;60
31114	0
31114	
30654;0;0;52;60
31229	0
31229	
30769;0;0;52;60
31344	0
31344	
30884;0;0;52;60
31459	0
31459	
30999;0;0;52;60
31575	0
31575	
31116;0;0;52;60
31691	0
31691	
31232;0;0;52;60
31807	0
31807	
31346;0;0;52;60
31925	0
31925	
31462;0;0;52;60
32046	0
32046	
31586;0;0;52;60
32162	0
32162	
31702;0;0;52;60
32277	0
32277	
31817;0;0;52;60
32393	0
32393	
31932;0;0;52;60
32508	0
32508	
32048;0;0;52;60
32624	0
32624	
32164;0;0;52;60
32740	0
32740	
32280;0;0;52;60
32858	0
32858	
32395;0;0;52;60
32979	0
32979	
32519;0;0;52;60
33094	0
33094	
32634;0;0;52;60
33210	0
33210	
32751;0;0;52;60
33327	0
33327	
32868;0;0;52;60
33442	0
33442	
32982;0;0;52;60
33557	0
33557	
33097;0;0;52;60
33672	0
33672	
33212;0;0;52;60
33791	0
33791	
33327;0;0;52;60
33913	0
33913	
33452;0;0;52;60
34029	0
34029	
33568;0;0;52;60
34144	0
34144	
33684;0;0;52;60
34259	0
34259	
33799;0;0;52;60
34374	0
34374	
33915;0;0;52;60
34490	0
34490	
34030;0;0;52;60
34605	0
34605	
34145;0;0;52;60
34727	0
34727	
34260;0;0;52;60
34847	0
34847	
34387;0;0;52;60
34962	0
34962	
34502;0;0;52;60
35078	0
35078	
34618;0;0;52;60
35193	0
35193	
34733;0;0;52;60
35308	0
35308	
34848;0;0;52;60
35424	0
35424	
34963;0;0;52;60
35539	0
35539	
35079;0;0;52;60
35661	0
35661	
35196;0;0;52;60
35780	0
35780	
35320;0;0;52;60
35895	0
35895	
35435;0;0;52;60
36010	0
36010	
35550;0;0;52;60
36125	0
36125	
35665;0;0;52;60
36242	0
36242	
35782;0;0;52;60
36358	0
36358	
35897;0;0;52;60
36473	0
36473	
36013;0;0;52;60
36593	0
36593	
36128;0;0;52;60
36712	0
36712	
36252;0;0;52;60
36828	0
36828	
36368;0;0;52;60
36944	0
36944	
36483;0;0;52;60
37060	0
37060	
36599;0;0;52;60
37175	0
37175	
36716;0;0;52;60
37290	0
37290	
36830;0;0;52;60
37406	0
37406	
36945;0;0;52;60
37526	0
37526	
37061;0;0;52;60
37646	0
37646	
37185;0;0;52;60
37761	0
37761	
37301;0;0;52;60
37879	0
37879	
37419;0;0;52;60
37994	0
37994	
37534;0;0;52;60
38110	0
38110	
37650;0;0;52;60
38225	0
38225	
37765;0;0;52;60
38340	0
38340	
37880;0;0;52;60
38462	0
38462	
37995;0;0;52;60
38582	0
38582	
38121;0;0;52;60
38698	0
38698	
38238;0;0;52;60
38813	0
38813	
38353;0;0;52;60
38928	0
38928	
38468;0;0;52;60
39043	0
39043	
38583;0;0;52;60
39158	0
39158	
38698;0;0;52;60
39276	0
39276	
38817;0;0;52;60
39398	0
39398	
38934;0;0;52;60
39517	0
39517	
39057;0;0;52;60
39632	0
39632	
39172;0;0;52;60
39747	0
39747	
39287;0;0;52;60
39863	0
39863	
39403;0;0;52;60
39979	0
39979	
39519;0;0;52;60
40096	0
40096	
39635;0;0;52;60
40211	0
40211	
39751;0;0;52;60
40331	0
40331	
39866;0;0;52;60
40450	0
40450	
39990;0;0;52;60
40565	0
40565	
40105;0;0;52;60
40680	0
40680	
40220;0;0;52;60
40796	0
40796	
40336;0;0;52;60
40912	0
40912	
40452;0;0;52;60
41028	0
41028	
40568;0;0;52;60
41143	0
41143	
40683;0;0;52;60
41263	0
41263	
40798;0;0;52;60
41382	0
41382	
40922;0;0;52;60
41498	0
41498	
41037;0;0;52;60
41615	0
41615	
41156;0;0;52;60
41730	0
41730	
41270;0;0;52;60
41845	0
41845	
41385;0;0;52;60
41960	0
41960	
41500;0;0;52;60
42075	0
42075	
41615;0;0;52;60
42196	0
42196	
41731;0;0;52;60
42317	0
42317	
41856;0;0;52;60
42432	0
42432	
41972;0;0;52;60
42547	0
42547	
42087;0;0;52;60
42662	0
42662	
42202;0;0;52;60
42778	0
42778	
42319;0;0;52;60
42893	0
42893	
42433;0;0;52;60
43009	0
43009	
42548;0;0;52;60
43133	0
43133	
42664;0;0;52;60
43249	0
43249	
42789;0;0;52;60
43365	0
43365	
42905;0;0;52;60
43480	0
43480	
43021;0;0;52;60
43595	0
43595	
43135;0;0;52;60
43710	0
43710	
43250;0;0;52;60
43826	0
43826	
43367;0;0;52;60
43943	0
43943	
43482;0;0;52;60
44064	0
44064	
43598;0;0;52;60
44182	0
44182	
43722;0;0;52;60
44297	0
44297	
43837;0;0;52;60
44412	0
44412	
43952;0;0;52;60
44529	0
44529	
44067;0;0;52;60
44645	0
44645	
44184;0;0;52;60
44760	0
44760	
44300;0;0;52;60
44875	0
44875	
44415;0;0;52;60
44996	0
44996	
44530;0;0;52;60
45115	0
45115	
44654;0;0;52;60
45230	0
45230	
44770;0;0;52;60
45347	0
45347	
44887;0;0;52;60
45464	0
45464	
45005;0;0;52;60
45579	0
45579	
45120;0;0;52;60
45694	0
45694	
45234;0;0;52;60
45810	0
45810	
45350;0;0;52;60
45932	0
45932	
45465;0;0;52;60
46050	0
46050	
45591;0;0;52;60
46166	0
46166	
45705;0;0;52;60
46281	0
46281	
45822;0;0;52;60
46397	0
46397	
45937;0;0;52;60
46512	0
46512	
46052;0;0;52;60
46627	0
46627	
46167;0;0;52;60
46742	0
46742	
46282;0;0;52;60
46863	0
46863	
46399;0;0;52;60
46985	0
46985	
46525;0;0;52;60
47100	0
47100	
46640;0;0;52;60
47215	0
47215	
46755;0;0;52;60
47330	0
47330	
46870;0;0;52;60
47445	0
47445	
46985;0;0;52;60
47562	0
47562	
47101;0;0;52;60
47679	0
47679	
47217;0;0;52;60
47799	0
47799	
47334;0;0;52;60
47918	0
47918	
47458;0;0;52;60
48033	0
48033	
47573;0;0;52;60
48149	0
48149	
47689;0;0;52;60
48265	0
48265	
47804;0;0;52;60
48380	0
48380	
47920;0;0;52;60
48497	0
48497	
48037;0;0;52;60
48612	0
48612	
48152;0;0;52;60
48736	0
48736	
48268;0;0;52;60
48852	0
48852	
48392;0;0;52;60
48967	0
48967	
48507;0;0;52;60
49085	0
49085	
48625;0;0;52;60
49201	0
49201	
48742;0;0;52;60
49317	0
49317	
48857;0;0;52;60
49432	0
49432	
48972;0;0;52;60
49547	0
49547	
49087;0;0;52;60
49669	0
49669	
49202;0;0;52;60
49787	0
49787	
49326;0;0;52;60
49904	0
49904	
49443;0;0;52;60
50019	0
50019	
49559;0;0;52;60
50134	0
50134	
49674;0;0;52;60
50249	0
50249	
49789;0;0;52;60
50364	0
50364	
49904;0;0;52;60
50480	0
50480	
50020;0;0;52;60
50602	0
50602	
50135;0;0;52;60
50722	0
50722	
50262;0;0;52;60
50837	0
50837	
50377;0;0;52;60
50952	0
50952	
50492;0;0;52;60
51068	0
51068	
50608;0;0;52;60
51183	0
51183	
50723;0;0;52;60
51298	0
51298	
50838;0;0;52;60
51414	0
51414	
50954;0;0;52;60
51538	0
51538	
51070;0;0;52;60
51655	0
51655	
51195;0;0;52;60
51770	0
51770	
51310;0;0;52;60
51885	0
51885	
51426;0;0;52;60
52000	0
52000	
51540;0;0;52;60
52116	0
52116	
51655;0;0;52;60
52233	0
52233	
51771;0;0;52;60
52348	0
52348	
51888;0;0;52;60
52470	0
52470	
52003;0;0;52;60
52587	0
52587	
52128;0;0;52;60
52702	0
52702	
52242;0;0;52;60
52818	0
52818	
52357;0;0;52;60
52935	0
52935	
52474;0;0;52;60
53050	0
53050	
52590;0;0;52;60
53165	0
53165	
52705;0;0;52;60
53280	0
53280	
52820;0;0;52;60
53402	0
53402	
52935;0;0;52;60
53520	0
53520	
53060;0;0;52;60
53636	0
53636	
53177;0;0;52;60
53753	0
53753	
53293;0;0;52;60
53868	0
53868	
53408;0;0;52;60
53983	0
53983	
53523;0;0;52;60
54099	0
54099	
53639;0;0;52;60
54214	0
54214	
53754;0;0;52;60
54339	0
54339	
53869;0;0;52;60
54455	0
54455	
53994;0;0;52;60
54570	0
54570	
54110;0;0;52;60
54686	0
54686	
54226;0;0;52;60
54801	0
54801	
54341;0;0;52;60
54916	0
54916	
54456;0;0;52;60
55031	0
55031	
54571;0;0;52;60
55147	0
55147	
54686;0;0;52;60
55271	0
55271	
54803;0;0;52;60
55388	0
55388	
54929;0;0;52;60
55503	0
55503	
55043;0;0;52;60
55618	0
55618	
55158;0;0;52;60
55733	0
55733	
55273;0;0;52;60
55850	0
55850	
55389;0;0;52;60
55966	0
55966	
55505;0;0;52;60
56081	0
56081	
55621;0;0;52;60
56203	0
56203	
55736;0;0;52;60
56320	0
56320	
55860;0;0;52;60
56436	0
56436	
55976;0;0;52;60
56551	0
56551	
56091;0;0;52;60
56668	0
56668	
56209;0;0;52;60
56785	0
56785	
56326;0;0;52;60
56901	0
56901	
56441;0;0;52;60
57017	0
57017	
56557;0;0;52;60
57139	0
57139	
56672;0;0;52;60
57256	0
57256	
56796;0;0;52;60
57372	0
57372	
56911;0;0;52;60
57489	0
57489	
57027;0;0;52;60
57605	0
57605	
57145;0;0;52;60
57720	0
57720	
57260;0;0;52;60
57835	0
57835	
57375;0;0;52;60
57950	0
57950	
57490;0;0;52;60
58075	0
58075	
57605;0;0;52;60
58192	0
58192	
57732;0;0;52;60
58308	0
58308	
57848;0;0;52;60
58423	0
58423	
57963;0;0;52;60
58538	0
58538	
58078;0;0;52;60
58653	0
58653	
58193;0;0;52;60
58769	0
58769	
58309;0;0;52;60
58886	0
58886	
58424;0;0;52;60
59011	0
59011	
58541;0;0;52;60
59126	0
59126	
58666;0;0;52;60
59241	0
59241	
58781;0;0;52;60
59357	0
59357	
58896;0;0;52;60
59472	0
59472	
59012;0;0;52;60
59587	0
59587	
59127;0;0;52;60
59704	0
59704	
59244;0;0;52;60
59820	0
59820	
59361;0;0;52;60
59945	0
59945	
59475;0;0;52;60
60060	0
60060	
59600;0;0;52;60
60175	0
60175	
59715;0;0;52;60
60290	0
60290	
59830;0;0;52;60
60407	0
60407	
59945;0;0;52;60
60523	0
60523	
60062;0;0;52;60
60639	0
60639	
60179;0;0;52;60
60754	0
60754	
60294;0;0;52;60
60876	0
60876	
60409;0;0;52;60
60993	0
60993	
60534;0;0;52;60
61109	0
61109	
60648;0;0;52;60
61226	0
61226	
60765;0;0;52;60
61341	0
61341	
60881;0;0;52;60
61456	0
61456	
60996;0;0;52;60
61571	0
61571	
61111;0;0;52;60
61686	0
61686	
61226;0;0;52;60
61809	0
61809	
61342;0;0;52;60
61927	0
61927	
61467;0;0;52;60
62043	0
62043	
61584;0;0;52;60
62158	0
62158	
61698;0;0;52;60
62273	0
62273	
61813;0;0;52;60
62389	0
62389	
61929;0;0;52;60
62504	0
62504	
62044;0;0;52;60
62619	0
62619	
62159;0;0;52;60
62743	0
62743	
62275;0;0;52;60
62860	0
62860	
62400;0;0;52;60
62976	0
62976	
62516;0;0;52;60
63091	0
63091	
62631;0;0;52;60
63206	0
63206	
62746;0;0;52;60
63321	0
63321	
62861;0;0;52;60
63437	0
63437	
62976;0;0;52;60
63554	0
63554	
63093;0;0;52;60
63674	0
63674	
63209;0;0;52;60
63793	0
63793	
63333;0;0;52;60
63908	0
63908	
63448;0;0;52;60
64023	0
64023	
63563;0;0;52;60
64140	0
64140	
63679;0;0;52;60
64255	0
64255	
63795;0;0;52;60
64371	0
64371	
63911;0;0;52;60
64486	0
64486	
64026;0;0;52;60
64607	0
64607	
64141;0;0;52;60
64726	0
64726	
64266;0;0;52;60
64841	0
64841	
64381;0;0;52;60
64957	0
64957	
64498;0;0;52;60
65073	0
65073	
64612;0;0;52;60
65188	0
65188	
64728;0;0;52;60
65304	0
65304	
64844;0;0;52;60
65419	0
65419	
64959;0;0;52;60
65540	0
65540	
65074;0;0;52;60
65659	0
65659	
65198;0;0;52;60
65775	0
65775	
65314;0;0;52;60
65891	0
65891	
65431;0;0;52;60
66006	0
66006	
65546;0;0;52;60
66121	0
66121	
65661;0;0;52;60
66236	0
66236	
65776;0;0;52;60
66351	0
66351	
65891;0;0;52;60
66474	0
66474	
66007;0;0;52;60
66594	0
66594	
66134;0;0;52;60
66709	0
66709	
66249;0;0;52;60
66824	0
66824	
66364;0;0;52;60
66939	0
66939	
66479;0;0;52;60
67055	0
67055	
66594;0;0;52;60
67171	0
67171	
66710;0;0;52;60
67286	0
67286	
66826;0;0;52;60
67410	0
67410	
66943;0;0;52;60
67527	0
67527	
67067;0;0;52;60
67642	0
67642	
67182;0;0;52;60
67758	0
67758	
67298;0;0;52;60
67873	0
67873	
67413;0;0;52;60
67990	0
67990	
67531;0;0;52;60
68107	0
68107	
67648;0;0;52;60
68222	0
68222	
67762;0;0;52;60
68345	0
68345	
67878;0;0;52;60
68462	0
68462	
68002;0;0;52;60
68577	0
68577	
68117;0;0;52;60
68694	0
68694	
68232;0;0;52;60
68810	0
68810	
68349;0;0;52;60
68926	0
68926	
68466;0;0;52;60
69041	0
69041	
68581;0;0;52;60
69156	0
69156	
68696;0;0;52;60
69277	0
69277	
68811;0;0;52;60
69397	0
69397	
68935;0;0;52;60
69514	0
69514	
69053;0;0;52;60
69629	0
69629	
69169;0;0;52;60
69744	0
69744	
69284;0;0;52;60
69859	0
69859	
69399;0;0;52;60
69974	0
69974	
69514;0;0;52;60
70090	0
70090	
69630;0;0;52;60
70214	0
70214	
69745;0;0;52;60
70331	0
70331	
69872;0;0;52;60
70446	0
70446	
69986;0;0;52;60
70561	0
70561	
70101;0;0;52;60
70677	0
70677	
70217;0;0;52;60
70792	0
70792	
70332;0;0;52;60
70907	0
70907	
70447;0;0;52;60
71023	0
71023	
70564;0;0;52;60
71146	0
71146	
70680;0;0;52;60
71264	0
71264	
70804;0;0;52;60
71379	0
71379	
70919;0;0;52;60
71494	0
71494	
71034;0;0;52;60
71609	0
71609	
71149;0;0;52;60
71725	0
71725	
71264;0;0;52;60
71842	0
71842	
71381;0;0;52;60
71957	0
71957	
71497;0;0;52;60
72078	0
72078	
71612;0;0;52;60
72196	0
72196	
71736;0;0;52;60
72311	0
72311	
71851;0;0;52;60
72428	0
72428	
71967;0;0;52;60
72543	0
72543	
72083;0;0;52;60
72659	0
72659	
72199;0;0;52;60
72774	0
72774	
72314;0;0;52;60
72889	0
72889	
72429;0;0;52;60
73010	0
73010	
72546;0;0;52;60
73129	0
73129	
72669;0;0;52;60
73246	0
73246	
72787;0;0;52;60
73362	0
73362	
72903;0;0;52;60
73477	0
73477	
73017;0;0;52;60
73593	0
73593	
73133;0;0;52;60
73708	0
73708	
73248;0;0;52;60
73823	0
73823	
73363;0;0;52;60
73948	0
73948	
73478;0;0;52;60
74064	0
74064	
73603;0;0;52;60
74180	0
74180	
73719;0;0;52;60
74295	0
74295	
73835;0;0;52;60
74410	0
74410	
73950;0;0;52;60
74525	0
74525	
74065;0;0;52;60
74640	0
74640	
74180;0;0;52;60
74757	0
74757	
74295;0;0;52;60
74882	0
74882	
74412;0;0;52;60
74997	0
74997	
74537;0;0;52;60
75112	0
75112	
74652;0;0;52;60
75227	0
75227	
74767;0;0;52;60
75342	0
75342	
74882;0;0;52;60
75458	0
75458	
74998;0;0;52;60
75574	0
75574	
75114;0;0;52;60
75690	0
75690	
75231;0;0;52;60
75812	0
75812	
75346;0;0;52;60
75929	0
75929	
75469;0;0;52;60
76045	0
76045	
75585;0;0;52;60
76160	0
76160	
75700;0;0;52;60
76277	0
76277	
75815;0;0;52;60
76393	0
76393	
75932;0;0;52;60
76509	0
76509	
76049;0;0;52;60
76625	0
76625	
76165;0;0;52;60
76746	0
76746	
76280;0;0;52;60
76864	0
76864	
76404;0;0;52;60
76980	0
76980	
76519;0;0;52;60
77097	0
77097	
76636;0;0;52;60
77214	0
77214	
76754;0;0;52;60
77329	0
77329	
76869;0;0;52;60
77444	0
77444	
76984;0;0;52;60
77559	0
77559	
77099;0;0;52;60
77682	0
77682	
77214;0;0;52;60
77801	0
77801	
77341;0;0;52;60
77918	0
77918	
77458;0;0;52;60
78033	0
78033	
77573;0;0;52;60
78148	0
78148	
77688;0;0;52;60
78263	0
78263	
77803;0;0;52;60
78379	0
78379	
77919;0;0;52;60
78495	0
78495	
78034;0;0;52;60
78621	0
78621	
78151;0;0;52;60
78736	0
78736	
78276;0;0;52;60
78851	0
78851	
78391;0;0;52;60
78967	0
78967	
78507;0;0;52;60
79082	0
79082	
78622;0;0;52;60
79197	0
79197	
78737;0;0;52;60
79314	0
79314	
78854;0;0;52;60
79430	0
79430	
78971;0;0;52;60
79550	0
79550	
79086;0;0;52;60
79670	0
79670	
79210;0;0;52;60
79785	0
79785	
79325;0;0;52;60
79900	0
79900	
79440;0;0;52;60
80016	0
80016	
79555;0;0;52;60
80133	0
80133	
79672;0;0;52;60
80248	0
80248	
79788;0;0;52;60
80363	0
80363	
79903;0;0;52;60
80478	0
80478	
80018;0;0;52;60
80602	0
80602	
80143;0;0;52;60
80720	0
80720	
80259;0;0;52;60
80836	0
80836	
80375;0;0;52;60
80951	0
80951	
80491;0;0;52;60
81066	0
81066	
80606;0;0;52;60
81181	0
81181	
80721;0;0;52;60
81297	0
81297	
80837;0;0;52;60
81412	0
81412	
80952;0;0;52;60
81534	0
81534	
81067;0;0;52;60
81655	0
81655	
81196;0;0;52;60
81770	0
81770	
81310;0;0;52;60
81886	0
81886	
81425;0;0;52;60
82001	0
82001	
81541;0;0;52;60
82116	0
82116	
81656;0;0;52;60
82231	0
82231	
81771;0;0;52;60
82347	0
82347	
81887;0;0;52;60
82464	0
82464	
82005;0;0;52;60
82590	0
82590	
82130;0;0;52;60
82705	0
82705	
82245;0;0;52;60
82820	0
82820	
82360;0;0;52;60
82935	0
82935	
82475;0;0;52;60
83052	0
83052	
82593;0;0;52;60
83169	0
83169	
82710;0;0;52;60
83284	0
83284	
82824;0;0;52;60
83399	0
83399	
82939;0;0;52;60
83522	0
83522	
83054;0;0;52;60
83638	0
83638	
83178;0;0;52;60
83755	0
83755	
83294;0;0;52;60
83871	0
83871	
83410;0;0;52;60
83986	0
83986	
83526;0;0;52;60
84101	0
84101	
83641;0;0;52;60
84216	0
84216	
83756;0;0;52;60
84332	0
84332	
83872;0;0;52;60
84451	0
84451	
83987;0;0;52;60
84573	0
84573	
84113;0;0;52;60
84689	0
84689	
84229;0;0;52;60
84804	0
84804	
84344;0;0;52;60
84920	0
84920	
84460;0;0;52;60
85035	0
85035	
84575;0;0;52;60
85150	0
85150	
84690;0;0;52;60
85266	0
85266	
84805;0;0;52;60
85381	0
85381	
84921;0;0;49;59
