milliseconds	Werte
460	0
460	
3;0;0;44;44
577	0
577	
118;0;0;44;45
691	0
691	
232;0;0;44;45
805	0
805	
346;0;0;44;45
919	0
919	
460;0;0;44;45
1033	0
1033	
574;0;0;44;45
1148	0
1148	
689;0;0;44;45
1274	0
1274	
815;0;0;44;45
1388	0
1388	
929;0;0;44;45
1502	0
1502	
1043;0;0;44;45
1616	0
1616	
1157;0;0;44;45
1730	0
1730	
1271;0;0;44;45
1845	0
1845	
1386;0;0;44;45
1960	0
1960	
1501;0;0;44;45
2084	0
2084	
1620;0;0;44;45
2202	0
2202	
1743;0;0;44;45
2316	0
2316	
1857;0;0;44;45
2431	0
2431	
1972;0;0;45;45
2545	0
2545	
2086;0;0;45;45
2660	0
2660	
2201;0;0;45;45
2778	0
2778	
2316;0;0;45;45
2892	0
2892	
2433;0;0;45;45
3013	0
3013	
2547;0;0;45;45
3130	0
3130	
2671;0;0;45;45
3244	0
3244	
2785;0;0;45;45
3358	0
3358	
2900;0;0;45;45
3473	0
3473	
3014;0;0;45;45
3590	0
3590	
3128;0;0;45;45
3705	0
3705	
3246;0;0;45;45
3819	0
3819	
3360;0;0;45;45
3939	0
3939	
3474;0;0;45;45
4056	0
4056	
3597;0;0;45;45
4171	0
4171	
3712;0;0;45;45
4285	0
4285	
3826;0;0;45;45
4403	0
4403	
3945;0;0;44;45
4518	0
4518	
4059;0;0;45;45
4632	0
4632	
4173;0;0;44;45
4746	0
4746	
4287;0;0;45;45
4866	0
4866	
4401;0;0;45;45
4985	0
4985	
4526;0;0;45;45
5102	0
5102	
4640;0;0;45;45
5216	0
5216	
4757;0;0;45;45
5330	0
5330	
4871;0;0;44;45
5444	0
5444	
4985;0;0;45;45
5558	0
5558	
5099;0;0;45;45
5674	0
5674	
5215;0;0;44;45
5794	0
5794	
5329;0;0;45;45
5914	0
5914	
5452;0;0;44;45
6028	0
6028	
5569;0;0;45;45
6142	0
6142	
5683;0;0;44;45
6257	0
6257	
5798;0;0;45;45
6372	0
6372	
5913;0;0;44;45
6486	0
6486	
6027;0;0;44;45
6600	0
6600	
6141;0;0;44;45
6721	0
6721	
6255;0;0;44;45
6840	0
6840	
6381;0;0;44;45
6955	0
6955	
6496;0;0;44;45
7070	0
7070	
6611;0;0;44;45
7184	0
7184	
6725;0;0;44;45
7298	0
7298	
6839;0;0;44;45
7412	0
7412	
6953;0;0;44;45
7530	0
7530	
7068;0;0;44;45
7650	0
7650	
7186;0;0;44;45
7769	0
7769	
7310;0;0;44;45
7883	0
7883	
7424;0;0;45;45
7997	0
7997	
7538;0;0;45;45
8111	0
8111	
7652;0;0;44;45
8226	0
8226	
7767;0;0;44;45
8342	0
8342	
7883;0;0;44;45
8457	0
8457	
7998;0;0;44;45
8576	0
8576	
8113;0;0;44;45
8696	0
8696	
8237;0;0;44;45
8810	0
8810	
8351;0;0;44;45
8925	0
8925	
8466;0;0;44;45
9040	0
9040	
8580;0;0;44;45
9156	0
9156	
8697;0;0;44;45
9271	0
9271	
8812;0;0;44;45
9385	0
9385	
8926;0;0;44;45
9500	0
9500	
9041;0;0;44;45
9624	0
9624	
9165;0;0;44;45
9738	0
9738	
9279;0;0;44;45
9855	0
9855	
9393;0;0;44;45
9970	0
9970	
9511;0;0;44;45
10086	0
10086	
9626;0;0;44;45
10200	0
10200	
9741;0;0;44;45
10314	0
10314	
9855;0;0;44;45
10428	0
10428	
9969;0;0;44;45
10552	0
10552	
10093;0;0;44;45
10670	0
10670	
10212;0;0;44;45
10787	0
10787	
10328;0;0;44;45
10902	0
10902	
10443;0;0;44;45
11017	0
11017	
10558;0;0;44;45
11132	0
11132	
10673;0;0;44;45
11247	0
11247	
10788;0;0;44;45
11373	0
11373	
10904;0;0;44;45
11490	0
11490	
11031;0;0;44;45
11605	0
11605	
11146;0;0;44;45
11720	0
11720	
11261;0;0;44;45
11835	0
11835	
11376;0;0;44;45
11951	0
11951	
11492;0;0;44;45
12066	0
12066	
11607;0;0;44;45
12185	0
12185	
11723;0;0;44;45
12305	0
12305	
11841;0;0;44;45
12424	0
12424	
11965;0;0;44;45
12540	0
12540	
12081;0;0;44;45
12655	0
12655	
12196;0;0;44;45
12770	0
12770	
12312;0;0;44;45
12889	0
12889	
12427;0;0;44;45
13004	0
13004	
12545;0;0;44;45
13120	0
13120	
12661;0;0;44;45
13240	0
13240	
12776;0;0;44;45
13359	0
13359	
12900;0;0;44;45
13474	0
13474	
13015;0;0;44;45
13589	0
13589	
13130;0;0;44;45
13708	0
13708	
13249;0;0;44;45
13823	0
13823	
13364;0;0;44;45
13938	0
13938	
13479;0;0;44;45
14053	0
14053	
13594;0;0;44;45
14175	0
14175	
13709;0;0;44;45
14293	0
14293	
13834;0;0;44;45
14411	0
14411	
13953;0;0;44;45
14527	0
14527	
14068;0;0;44;45
14642	0
14642	
14183;0;0;44;45
14757	0
14757	
14298;0;0;44;45
14873	0
14873	
14414;0;0;44;45
14988	0
14988	
14529;0;0;44;45
15115	0
15115	
14644;0;0;44;45
15230	0
15230	
14771;0;0;44;45
15345	0
15345	
14886;0;0;44;45
15461	0
15461	
15001;0;0;44;45
15576	0
15576	
15117;0;0;44;45
15691	0
15691	
15232;0;0;44;45
15806	0
15806	
15347;0;0;44;45
15924	0
15924	
15462;0;0;44;45
16045	0
16045	
15580;0;0;44;45
16163	0
16163	
15704;0;0;44;45
16278	0
16278	
15819;0;0;44;45
16393	0
16393	
15934;0;0;44;45
16508	0
16508	
16049;0;0;44;45
16624	0
16624	
16164;0;0;44;45
16742	0
16742	
16283;0;0;44;45
16857	0
16857	
16398;0;0;44;45
16979	0
16979	
16513;0;0;44;45
17097	0
17097	
16638;0;0;44;45
17212	0
17212	
16753;0;0;44;45
17328	0
17328	
16869;0;0;44;45
17446	0
17446	
16987;0;0;44;45
17561	0
17561	
17102;0;0;44;45
17676	0
17676	
17218;0;0;44;45
17792	0
17792	
17333;0;0;44;45
17914	0
17914	
17449;0;0;44;45
18032	0
18032	
17573;0;0;44;45
18150	0
18150	
17692;0;0;44;45
18266	0
18266	
17807;0;0;44;45
18382	0
18382	
17923;0;0;44;45
18498	0
18498	
18039;0;0;44;45
18613	0
18613	
18154;0;0;44;45
18728	0
18728	
18269;0;0;44;45
18853	0
18853	
18384;0;0;44;45
18971	0
18971	
18511;0;0;44;45
19086	0
19086	
18627;0;0;44;45
19201	0
19201	
18742;0;0;44;45
19316	0
19316	
18857;0;0;44;45
19431	0
19431	
18972;0;0;44;45
19546	0
19546	
19087;0;0;44;45
19664	0
19664	
19205;0;0;44;45
19789	0
19789	
19331;0;0;44;45
19904	0
19904	
19445;0;0;44;45
20019	0
20019	
19560;0;0;44;45
20134	0
20134	
19675;0;0;44;45
20250	0
20250	
19791;0;0;44;45
20368	0
20368	
19906;0;0;44;45
20484	0
20484	
20025;0;0;44;45
20599	0
20599	
20140;0;0;44;45
20714	0
20714	
20255;0;0;44;45
20830	0
20830	
20371;0;0;44;45
20945	0
20945	
20486;0;0;44;45
21060	0
21060	
20601;0;0;44;45
21179	0
21179	
20716;0;0;44;45
21294	0
21294	
20835;0;0;44;45
21410	0
21410	
20951;0;0;44;45
21525	0
21525	
21066;0;0;44;45
21649	0
21649	
21191;0;0;44;45
21764	0
21764	
21305;0;0;44;45
21881	0
21881	
21421;0;0;44;45
21998	0
21998	
21539;0;0;44;45
22113	0
22113	
21654;0;0;44;45
22228	0
22228	
21769;0;0;44;45
22343	0
22343	
21884;0;0;44;45
22458	0
22458	
21999;0;0;44;45
22574	0
22574	
22114;0;0;44;45
22691	0
22691	
22230;0;0;44;45
22808	0
22808	
22350;0;0;44;45
22923	0
22923	
22464;0;0;44;45
23038	0
23038	
22579;0;0;44;45
23153	0
23153	
22694;0;0;44;45
23269	0
23269	
22810;0;0;44;45
23384	0
23384	
22925;0;0;44;45
23511	0
23511	
23051;0;0;44;45
23626	0
23626	
23167;0;0;44;45
23741	0
23741	
23282;0;0;44;45
23857	0
23857	
23398;0;0;44;45
23972	0
23972	
23513;0;0;44;45
24087	0
24087	
23628;0;0;44;45
24203	0
24203	
23743;0;0;44;45
24320	0
24320	
23860;0;0;44;45
24446	0
24446	
23987;0;0;44;45
24561	0
24561	
24102;0;0;44;45
24676	0
24676	
24217;0;0;44;45
24791	0
24791	
24332;0;0;44;45
24906	0
24906	
24447;0;0;44;45
25024	0
25024	
24564;0;0;44;45
25139	0
25139	
24680;0;0;44;45
25254	0
25254	
24795;0;0;44;45
25378	0
25378	
24920;0;0;44;45
25493	0
25493	
25034;0;0;44;45
25609	0
25609	
25150;0;0;44;45
25725	0
25725	
25265;0;0;44;45
25842	0
25842	
25383;0;0;44;45
25957	0
25957	
25498;0;0;44;45
26072	0
26072	
25613;0;0;44;45
26192	0
26192	
25729;0;0;44;45
26312	0
26312	
25853;0;0;44;45
26428	0
26428	
25968;0;0;44;45
26544	0
26544	
26084;0;0;44;45
26659	0
26659	
26200;0;0;44;45
26775	0
26775	
26316;0;0;44;45
26890	0
26890	
26431;0;0;44;45
27005	0
27005	
26546;0;0;44;45
27124	0
27124	
26661;0;0;44;45
27246	0
27246	
26787;0;0;44;45
27363	0
27363	
26904;0;0;44;45
27478	0
27478	
27019;0;0;44;45
27593	0
27593	
27134;0;0;44;45
27708	0
27708	
27249;0;0;44;45
27823	0
27823	
27364;0;0;44;45
27939	0
27939	
27480;0;0;44;45
28063	0
28063	
27596;0;0;44;45
28180	0
28180	
27722;0;0;44;45
28295	0
28295	
27836;0;0;44;45
28410	0
28410	
27951;0;0;44;45
28526	0
28526	
28067;0;0;44;45
28641	0
28641	
28182;0;0;44;45
28757	0
28757	
28297;0;0;44;45
28874	0
28874	
28413;0;0;44;45
28996	0
28996	
28530;0;0;44;45
29114	0
29114	
28655;0;0;44;45
29229	0
29229	
28770;0;0;44;45
29344	0
29344	
28885;0;0;44;45
29460	0
29460	
29000;0;0;44;45
29577	0
29577	
29116;0;0;44;45
29693	0
29693	
29233;0;0;44;45
29808	0
29808	
29349;0;0;44;45
29930	0
29930	
29464;0;0;44;45
30047	0
30047	
29588;0;0;44;45
30162	0
30162	
29703;0;0;44;45
30279	0
30279	
29819;0;0;44;45
30396	0
30396	
29937;0;0;44;45
30511	0
30511	
30052;0;0;44;45
30626	0
30626	
30167;0;0;44;45
30741	0
30741	
30282;0;0;44;45
30864	0
30864	
30397;0;0;44;45
30983	0
30983	
30525;0;0;44;45
31100	0
31100	
30642;0;0;44;45
31215	0
31215	
30756;0;0;44;45
31330	0
31330	
30871;0;0;44;45
31445	0
31445	
30986;0;0;44;45
31561	0
31561	
31102;0;0;44;45
31676	0
31676	
31217;0;0;45;45
31803	0
31803	
31334;0;0;44;45
31918	0
31918	
31459;0;0;44;45
32033	0
32033	
31574;0;0;44;45
32149	0
32149	
31690;0;0;44;45
32264	0
32264	
31805;0;0;44;45
32379	0
32379	
31920;0;0;44;45
32495	0
32495	
32035;0;0;44;45
32611	0
32611	
32151;0;0;44;45
32732	0
32732	
32268;0;0;44;45
32851	0
32851	
32392;0;0;44;45
32966	0
32966	
32507;0;0;44;45
33081	0
33081	
32622;0;0;44;45
33197	0
33197	
32737;0;0;44;45
33314	0
33314	
32854;0;0;44;45
33429	0
33429	
32970;0;0;44;45
33544	0
33544	
33085;0;0;45;45
33659	0
33659	
33200;0;0;44;45
33784	0
33784	
33325;0;0;44;45
33900	0
33900	
33441;0;0;44;45
34017	0
34017	
33558;0;0;44;45
34133	0
34133	
33675;0;0;44;45
34248	0
34248	
33789;0;0;44;45
34363	0
34363	
33904;0;0;44;45
34479	0
34479	
34020;0;0;44;45
34594	0
34594	
34135;0;0;44;45
34720	0
34720	
34250;0;0;44;45
34836	0
34836	
34376;0;0;44;45
34951	0
34951	
34492;0;0;45;45
35067	0
35067	
34608;0;0;44;45
35182	0
35182	
34723;0;0;44;45
35297	0
35297	
34838;0;0;44;45
35412	0
35412	
34953;0;0;44;45
35528	0
35528	
35068;0;0;44;45
35651	0
35651	
35185;0;0;44;45
35769	0
35769	
35310;0;0;44;45
35884	0
35884	
35425;0;0;44;45
35999	0
35999	
35540;0;0;44;45
36114	0
36114	
35655;0;0;44;45
36231	0
36231	
35771;0;0;44;45
36347	0
36347	
35887;0;0;44;45
36462	0
36462	
36003;0;0;44;45
36577	0
36577	
36118;0;0;44;45
36702	0
36702	
36243;0;0;44;45
36818	0
36818	
36359;0;0;44;45
36933	0
36933	
36474;0;0;44;45
37050	0
37050	
36592;0;0;44;45
37167	0
37167	
36708;0;0;44;45
37282	0
37282	
36823;0;0;44;45
37398	0
37398	
36938;0;0;44;45
37513	0
37513	
37054;0;0;44;45
37633	0
37633	
37169;0;0;45;45
37753	0
37753	
37293;0;0;45;45
37869	0
37869	
37409;0;0;44;45
37984	0
37984	
37525;0;0;44;45
38100	0
38100	
37641;0;0;44;45
38215	0
38215	
37756;0;0;45;45
38330	0
38330	
37871;0;0;45;45
38445	0
38445	
37986;0;0;44;45
38572	0
38572	
38101;0;0;44;45
38688	0
38688	
38229;0;0;44;45
38803	0
38803	
38344;0;0;45;45
38918	0
38918	
38459;0;0;45;45
39033	0
39033	
38574;0;0;44;45
39148	0
39148	
38689;0;0;44;45
39265	0
39265	
38805;0;0;44;45
39381	0
39381	
38921;0;0;44;45
39503	0
39503	
39038;0;0;45;45
39621	0
39621	
39162;0;0;45;45
39736	0
39736	
39277;0;0;44;45
39852	0
39852	
39393;0;0;44;45
39967	0
39967	
39508;0;0;44;45
40083	0
40083	
39624;0;0;45;45
40200	0
40200	
39741;0;0;45;45
40315	0
40315	
39856;0;0;44;45
40435	0
40435	
39972;0;0;44;45
40555	0
40555	
40096;0;0;44;45
40670	0
40670	
40211;0;0;45;45
40786	0
40786	
40328;0;0;44;45
40904	0
40904	
40446;0;0;44;45
41020	0
41020	
40561;0;0;44;45
41135	0
41135	
40676;0;0;44;45
41250	0
41250	
40791;0;0;44;45
41365	0
41365	
40906;0;0;45;45
41492	0
41492	
41031;0;0;45;45
41609	0
41609	
41151;0;0;44;45
41724	0
41724	
41265;0;0;44;45
41839	0
41839	
41380;0;0;44;45
41954	0
41954	
41495;0;0;45;45
42069	0
42069	
41610;0;0;45;45
42185	0
42185	
41726;0;0;45;45
42301	0
42301	
41841;0;0;44;45
42426	0
42426	
41968;0;0;44;45
42542	0
42542	
42083;0;0;44;45
42657	0
42657	
42198;0;0;44;45
42773	0
42773	
42314;0;0;45;45
42888	0
42888	
42429;0;0;44;45
43004	0
43004	
42544;0;0;44;45
43120	0
43120	
42660;0;0;45;45
43235	0
43235	
42776;0;0;44;45
43357	0
43357	
42892;0;0;45;45
43475	0
43475	
43016;0;0;45;45
43590	0
43590	
43131;0;0;44;45
43705	0
43705	
43246;0;0;44;45
43821	0
43821	
43363;0;0;45;45
43939	0
43939	
43480;0;0;44;45
44054	0
44054	
43595;0;0;45;45
44169	0
44169	
43710;0;0;45;45
44292	0
44292	
43825;0;0;44;45
44408	0
44408	
43949;0;0;44;45
44525	0
44525	
44064;0;0;45;45
44641	0
44641	
44181;0;0;45;45
44756	0
44756	
44297;0;0;44;45
44871	0
44871	
44412;0;0;44;45
44986	0
44986	
44527;0;0;44;45
45102	0
45102	
44642;0;0;45;45
45228	0
45228	
44758;0;0;45;45
45344	0
45344	
44884;0;0;45;45
45459	0
45459	
45000;0;0;44;45
45574	0
45574	
45115;0;0;44;45
45689	0
45689	
45230;0;0;44;45
45805	0
45805	
45346;0;0;44;45
45920	0
45920	
45461;0;0;44;45
46036	0
46036	
45576;0;0;44;45
46161	0
46161	
45693;0;0;44;45
46277	0
46277	
45818;0;0;44;45
46393	0
46393	
45934;0;0;45;45
46508	0
46508	
46049;0;0;45;45
46623	0
46623	
46164;0;0;45;45
46738	0
46738	
46279;0;0;44;45
46855	0
46855	
46397;0;0;44;45
46973	0
46973	
46515;0;0;45;45
47094	0
47094	
46629;0;0;45;45
47212	0
47212	
46753;0;0;45;45
47327	0
47327	
46868;0;0;44;45
47442	0
47442	
46983;0;0;44;45
47559	0
47559	
47099;0;0;44;45
47675	0
47675	
47215;0;0;45;45
47790	0
47790	
47331;0;0;45;45
47905	0
47905	
47446;0;0;45;45
48024	0
48024	
47561;0;0;45;45
48145	0
48145	
47686;0;0;44;45
48261	0
48261	
47801;0;0;45;45
48376	0
48376	
47917;0;0;45;45
48492	0
48492	
48033;0;0;45;45
48607	0
48607	
48148;0;0;44;45
48723	0
48723	
48264;0;0;45;45
48838	0
48838	
48379;0;0;44;45
48955	0
48955	
48494;0;0;45;45
49078	0
49078	
48620;0;0;45;45
49195	0
49195	
48734;0;0;45;45
49311	0
49311	
48852;0;0;44;45
49426	0
49426	
48967;0;0;44;45
49541	0
49541	
49082;0;0;44;45
49656	0
49656	
49197;0;0;45;45
49771	0
49771	
49312;0;0;45;45
49889	0
49889	
49431;0;0;44;45
50016	0
50016	
49557;0;0;44;45
50131	0
50131	
49672;0;0;44;45
50246	0
50246	
49787;0;0;45;45
50361	0
50361	
49902;0;0;45;45
50477	0
50477	
50018;0;0;45;45
50594	0
50594	
50133;0;0;44;45
50710	0
50710	
50250;0;0;44;45
50830	0
50830	
50366;0;0;45;45
50949	0
50949	
50490;0;0;45;45
51065	0
51065	
50606;0;0;45;45
51180	0
51180	
50721;0;0;45;45
51297	0
51297	
50836;0;0;44;45
51412	0
51412	
50953;0;0;44;45
51528	0
51528	
51069;0;0;45;45
51644	0
51644	
51185;0;0;45;45
51759	0
51759	
51300;0;0;45;45
51883	0
51883	
51424;0;0;44;45
51998	0
51998	
51539;0;0;44;45
52115	0
52115	
51656;0;0;44;45
52232	0
52232	
51773;0;0;45;45
52347	0
52347	
51888;0;0;45;45
52462	0
52462	
52003;0;0;45;45
52577	0
52577	
52118;0;0;45;45
52692	0
52692	
52233;0;0;44;45
52818	0
52818	
52358;0;0;45;45
52935	0
52935	
52475;0;0;45;45
53050	0
53050	
52591;0;0;44;45
53165	0
53165	
52706;0;0;44;45
53280	0
53280	
52821;0;0;44;45
53395	0
53395	
52936;0;0;45;45
53511	0
53511	
53052;0;0;44;45
53633	0
53633	
53167;0;0;44;45
53753	0
53753	
53294;0;0;44;45
53868	0
53868	
53409;0;0;45;45
53983	0
53983	
53524;0;0;44;45
54099	0
54099	
53640;0;0;45;45
54214	0
54214	
53755;0;0;45;45
54330	0
54330	
53870;0;0;45;45
54447	0
54447	
53987;0;0;44;45
54567	0
54567	
54103;0;0;44;45
54686	0
54686	
54227;0;0;44;45
54801	0
54801	
54342;0;0;45;45
54916	0
54916	
54457;0;0;45;45
55031	0
55031	
54572;0;0;44;45
55148	0
55148	
54689;0;0;44;45
55266	0
55266	
54808;0;0;44;45
55381	0
55381	
54922;0;0;45;45
55502	0
55502	
55037;0;0;45;45
55620	0
55620	
55161;0;0;45;45
55735	0
55735	
55276;0;0;44;45
55852	0
55852	
55394;0;0;44;45
55969	0
55969	
55509;0;0;45;45
56084	0
56084	
55625;0;0;45;45
56199	0
56199	
55740;0;0;45;45
56314	0
56314	
55855;0;0;45;45
56437	0
56437	
55971;0;0;45;45
56556	0
56556	
56095;0;0;44;45
56672	0
56672	
56212;0;0;45;45
56787	0
56787	
56328;0;0;45;45
56902	0
56902	
56443;0;0;45;45
57018	0
57018	
56559;0;0;44;45
57133	0
57133	
56674;0;0;44;45
57248	0
57248	
56789;0;0;44;45
57373	0
57373	
56904;0;0;44;45
57490	0
57490	
57031;0;0;45;45
57606	0
57606	
57148;0;0;45;45
57721	0
57721	
57262;0;0;44;45
57836	0
57836	
57377;0;0;44;45
57951	0
57951	
57492;0;0;45;45
58066	0
58066	
57607;0;0;45;45
58183	0
58183	
57724;0;0;44;45
58305	0
58305	
57840;0;0;45;45
58424	0
58424	
57965;0;0;44;45
58539	0
58539	
58080;0;0;45;45
58654	0
58654	
58195;0;0;45;45
58770	0
58770	
58311;0;0;45;45
58887	0
58887	
58429;0;0;44;45
59004	0
59004	
58546;0;0;44;45
59120	0
59120	
58661;0;0;45;45
59235	0
59235	
58776;0;0;45;45
59361	0
59361	
58901;0;0;45;45
59476	0
59476	
59017;0;0;45;45
59592	0
59592	
59134;0;0;44;45
59708	0
59708	
59249;0;0;45;45
59824	0
59824	
59365;0;0;45;45
59940	0
59940	
59480;0;0;45;45
60055	0
60055	
59596;0;0;45;45
60170	0
60170	
59711;0;0;44;45
60294	0
60294	
59826;0;0;45;45
60412	0
60412	
59952;0;0;45;45
60527	0
60527	
60068;0;0;45;45
60643	0
60643	
60184;0;0;45;45
60758	0
60758	
60299;0;0;45;45
60873	0
60873	
60414;0;0;44;45
60988	0
60988	
60529;0;0;44;45
61105	0
61105	
60644;0;0;44;45
61227	0
61227	
60762;0;0;45;45
61346	0
61346	
60887;0;0;45;45
61461	0
61461	
61002;0;0;44;45
61576	0
61576	
61117;0;0;44;45
61691	0
61691	
61232;0;0;44;45
61807	0
61807	
61348;0;0;45;45
61925	0
61925	
61465;0;0;45;45
62040	0
62040	
61581;0;0;45;45
62155	0
62155	
61696;0;0;45;45
62280	0
62280	
61821;0;0;44;45
62396	0
62396	
61937;0;0;45;45
62511	0
62511	
62053;0;0;45;45
62628	0
62628	
62170;0;0;45;45
62745	0
62745	
62286;0;0;44;45
62860	0
62860	
62401;0;0;45;45
62976	0
62976	
62517;0;0;44;45
63091	0
63091	
62632;0;0;45;45
63216	0
63216	
62757;0;0;45;45
63332	0
63332	
62872;0;0;45;45
63448	0
63448	
62988;0;0;44;45
63564	0
63564	
63105;0;0;44;45
63679	0
63679	
63220;0;0;45;45
63794	0
63794	
63335;0;0;45;45
63909	0
63909	
63451;0;0;45;45
64024	0
64024	
63565;0;0;45;45
64141	0
64141	
63681;0;0;44;45
64257	0
64257	
63797;0;0;45;45
64372	0
64372	
63913;0;0;45;45
64487	0
64487	
64028;0;0;45;45
64602	0
64602	
64143;0;0;45;45
64718	0
64718	
64259;0;0;45;45
64833	0
64833	
64374;0;0;44;45
64949	0
64949	
64489;0;0;44;45
65075	0
65075	
64616;0;0;45;45
65190	0
65190	
64731;0;0;45;45
65306	0
65306	
64847;0;0;45;45
65421	0
65421	
64962;0;0;44;45
65536	0
65536	
65077;0;0;44;45
65652	0
65652	
65192;0;0;45;45
65767	0
65767	
65308;0;0;45;45
65884	0
65884	
65425;0;0;45;45
66008	0
66008	
65550;0;0;45;45
66124	0
66124	
65665;0;0;44;45
66239	0
66239	
65780;0;0;45;45
66354	0
66354	
65895;0;0;45;45
66471	0
66471	
66012;0;0;45;45
66587	0
66587	
66127;0;0;44;45
66702	0
66702	
66243;0;0;45;45
66817	0
66817	
66358;0;0;44;45
66941	0
66941	
66483;0;0;45;45
67057	0
67057	
66597;0;0;45;45
67173	0
67173	
66715;0;0;45;45
67290	0
67290	
66830;0;0;44;45
67405	0
67405	
66946;0;0;45;45
67520	0
67520	
67061;0;0;45;45
67635	0
67635	
67176;0;0;45;45
67751	0
67751	
67292;0;0;45;45
67876	0
67876	
67416;0;0;44;45
67992	0
67992	
67533;0;0;44;45
68108	0
68108	
67649;0;0;45;45
68223	0
68223	
67764;0;0;45;45
68339	0
68339	
67880;0;0;45;45
68454	0
68454	
67995;0;0;44;45
68569	0
68569	
68110;0;0;44;45
68686	0
68686	
68225;0;0;44;45
68811	0
68811	
68353;0;0;45;45
68928	0
68928	
68469;0;0;45;45
69043	0
69043	
68584;0;0;45;45
69158	0
69158	
68699;0;0;45;45
69273	0
69273	
68814;0;0;44;45
69390	0
69390	
68929;0;0;45;45
69505	0
69505	
69046;0;0;45;45
69626	0
69626	
69163;0;0;45;45
69746	0
69746	
69287;0;0;45;45
69861	0
69861	
69402;0;0;45;45
69976	0
69976	
69517;0;0;44;45
70092	0
70092	
69633;0;0;45;45
70209	0
70209	
69750;0;0;45;45
70325	0
70325	
69865;0;0;45;45
70440	0
70440	
69981;0;0;45;45
70560	0
70560	
70096;0;0;45;45
70679	0
70679	
70220;0;0;45;45
70794	0
70794	
70335;0;0;45;45
70911	0
70911	
70450;0;0;45;45
71027	0
71027	
70567;0;0;45;45
71142	0
71142	
70683;0;0;45;45
71258	0
71258	
70799;0;0;45;45
71373	0
71373	
70914;0;0;45;45
71495	0
71495	
71029;0;0;45;45
71612	0
71612	
71153;0;0;45;45
71729	0
71729	
71270;0;0;44;45
71846	0
71846	
71388;0;0;45;45
71961	0
71961	
71502;0;0;45;45
72076	0
72076	
71617;0;0;45;45
72191	0
72191	
71732;0;0;45;45
72306	0
72306	
71847;0;0;44;45
72432	0
72432	
71963;0;0;44;45
72548	0
72548	
72088;0;0;44;45
72663	0
72663	
72204;0;0;45;45
72778	0
72778	
72319;0;0;45;45
72893	0
72893	
72434;0;0;45;45
73009	0
73009	
72550;0;0;45;45
73124	0
73124	
72665;0;0;44;45
73240	0
73240	
72780;0;0;45;45
73361	0
73361	
72896;0;0;45;45
73480	0
73480	
73021;0;0;45;45
73596	0
73596	
73137;0;0;44;45
73711	0
73711	
73252;0;0;45;45
73826	0
73826	
73367;0;0;45;45
73942	0
73942	
73482;0;0;45;45
74057	0
74057	
73598;0;0;45;45
74174	0
74174	
73714;0;0;45;45
74289	0
74289	
73830;0;0;45;45
74414	0
74414	
73955;0;0;44;45
74529	0
74529	
74070;0;0;44;45
74644	0
74644	
74185;0;0;45;45
74762	0
74762	
74303;0;0;45;45
74879	0
74879	
74421;0;0;45;45
74994	0
74994	
74535;0;0;44;45
75109	0
75109	
74650;0;0;45;45
75224	0
75224	
74765;0;0;45;45
75344	0
75344	
74880;0;0;45;45
75465	0
75465	
75005;0;0;45;45
75581	0
75581	
75121;0;0;45;45
75696	0
75696	
75237;0;0;45;45
75811	0
75811	
75352;0;0;45;45
75926	0
75926	
75467;0;0;45;45
76042	0
76042	
75583;0;0;45;45
76157	0
76157	
75698;0;0;45;45
76280	0
76280	
75813;0;0;45;45
76399	0
76399	
75940;0;0;44;45
76514	0
76514	
76055;0;0;45;45
76630	0
76630	
76171;0;0;45;45
76745	0
76745	
76286;0;0;45;45
76860	0
76860	
76401;0;0;45;45
76976	0
76976	
76516;0;0;44;45
77091	0
77091	
76632;0;0;45;45
77214	0
77214	
76749;0;0;45;45
77332	0
77332	
76873;0;0;45;45
77447	0
77447	
76988;0;0;45;45
77562	0
77562	
77103;0;0;45;45
77677	0
77677	
77218;0;0;45;45
77794	0
77794	
77335;0;0;45;45
77910	0
77910	
77452;0;0;45;45
78026	0
78026	
77567;0;0;45;45
78145	0
78145	
77682;0;0;45;45
78265	0
78265	
77806;0;0;45;45
78381	0
78381	
77922;0;0;45;45
78497	0
78497	
78037;0;0;45;45
78613	0
78613	
78153;0;0;45;45
78729	0
78729	
78270;0;0;45;45
78844	0
78844	
78385;0;0;45;45
78960	0
78960	
78501;0;0;45;45
79075	0
79075	
78616;0;0;45;45
79201	0
79201	
78741;0;0;44;45
79318	0
79318	
78857;0;0;45;45
79433	0
79433	
78974;0;0;45;45
79549	0
79549	
79090;0;0;45;45
79664	0
79664	
79205;0;0;45;45
79779	0
79779	
79320;0;0;45;45
79894	0
79894	
79435;0;0;45;45
80010	0
80010	
79550;0;0;45;45
80126	0
80126	
79668;0;0;45;45
80243	0
80243	
79784;0;0;45;45
80358	0
80358	
79899;0;0;45;45
80473	0
80473	
80014;0;0;45;45
80588	0
80588	
80129;0;0;45;45
80704	0
80704	
80245;0;0;44;45
80821	0
80821	
80360;0;0;45;45
80937	0
80937	
80477;0;0;45;45
81058	0
81058	
80593;0;0;45;45
81176	0
81176	
80717;0;0;45;45
81292	0
81292	
80833;0;0;44;45
81407	0
81407	
80948;0;0;44;45
81522	0
81522	
81063;0;0;45;45
81639	0
81639	
81180;0;0;45;45
81756	0
81756	
81298;0;0;44;45
81872	0
81872	
81412;0;0;44;45
81993	0
81993	
81528;0;0;44;45
82111	0
82111	
81652;0;0;44;45
82226	0
82226	
81768;0;0;45;45
82342	0
82342	
81884;0;0;45;45
82459	0
82459	
81999;0;0;44;45
82575	0
82575	
82116;0;0;44;45
82690	0
82690	
82231;0;0;44;45
82805	0
82805	
82346;0;0;44;45
82927	0
82927	
82461;0;0;45;45
83046	0
83046	
82585;0;0;45;45
83162	0
83162	
82702;0;0;44;45
83277	0
83277	
82818;0;0;44;45
83392	0
83392	
82933;0;0;44;45
83507	0
83507	
83048;0;0;45;45
83622	0
83622	
83163;0;0;45;45
83738	0
83738	
83279;0;0;44;45
83860	0
83860	
83394;0;0;44;45
83980	0
83980	
83521;0;0;44;45
84095	0
84095	
83636;0;0;45;45
84210	0
84210	
83751;0;0;45;45
84326	0
84326	
83868;0;0;45;45
84441	0
84441	
83982;0;0;44;45
84558	0
84558	
84097;0;0;44;45
84673	0
84673	
84214;0;0;44;45
84795	0
84795	
84330;0;0;45;45
84914	0
84914	
84455;0;0;45;45
85029	0
85029	
84571;0;0;44;45
85144	0
85144	
84685;0;0;44;45
85259	0
85259	
84800;0;0;44;45
85376	0
85376	
84918;0;0;44;45
85494	0
85494	
85036;0;0;45;45
85609	0
85609	
85150;0;0;45;45
85730	0
85730	
85265;0;0;44;45
85848	0
85848	
85389;0;0;44;45
85963	0
85963	
85504;0;0;44;45
86081	0
86081	
85620;0;0;44;45
86197	0
86197	
85737;0;0;45;45
86312	0
86312	
85853;0;0;45;45
86427	0
86427	
85968;0;0;44;45
86542	0
86542	
86083;0;0;44;45
86662	0
86662	
86199;0;0;44;45
86784	0
86784	
86323;0;0;45;45
86900	0
86900	
86440;0;0;45;45
87015	0
87015	
86556;0;0;44;45
87130	0
87130	
86672;0;0;44;45
87246	0
87246	
86787;0;0;44;45
87361	0
87361	
86902;0;0;44;45
87476	0
87476	
87017;0;0;45;45
87598	0
87598	
87132;0;0;45;45
87718	0
87718	
87259;0;0;44;45
87834	0
87834	
87375;0;0;44;45
87949	0
87949	
87490;0;0;44;45
88064	0
88064	
87605;0;0;44;45
88179	0
88179	
87720;0;0;45;45
88294	0
88294	
87835;0;0;45;45
88411	0
88411	
87952;0;0;44;45
88532	0
88532	
88068;0;0;44;45
88651	0
88651	
88192;0;0;44;45
88766	0
88766	
88307;0;0;45;45
88881	0
88881	
88422;0;0;45;45
88997	0
88997	
88537;0;0;44;45
89114	0
89114	
88655;0;0;44;45
89230	0
89230	
88772;0;0;44;45
89346	0
89346	
88887;0;0;45;45
89464	0
89464	
89002;0;0;45;45
89586	0
89586	
89126;0;0;44;45
89701	0
89701	
89242;0;0;44;45
89818	0
89818	
89357;0;0;44;45
89934	0
89934	
89475;0;0;44;45
90050	0
90050	
89591;0;0;45;45
90165	0
90165	
89706;0;0;45;45
90281	0
90281	
89822;0;0;44;45
90396	0
90396	
89937;0;0;44;45
90522	0
90522	
90061;0;0;44;45
90638	0
90638	
90178;0;0;44;45
90753	0
90753	
90294;0;0;44;45
90869	0
90869	
90410;0;0;45;45
90984	0
90984	
90525;0;0;44;45
91099	0
91099	
90640;0;0;44;45
91214	0
91214	
90755;0;0;45;45
91331	0
91331	
90870;0;0;45;45
91458	0
91458	
90999;0;0;45;45
91573	0
91573	
91114;0;0;44;45
91688	0
91688	
91229;0;0;44;45
91803	0
91803	
91344;0;0;44;45
91918	0
91918	
91459;0;0;44;45
92034	0
92034	
91576;0;0;44;45
92151	0
92151	
91692;0;0;44;45
92267	0
92267	
91808;0;0;44;45
92391	0
92391	
91932;0;0;44;45
92506	0
92506	
92047;0;0;44;45
92622	0
92622	
92163;0;0;44;45
92737	0
92737	
92278;0;0;45;45
92853	0
92853	
92395;0;0;44;45
92970	0
92970	
92512;0;0;45;45
93085	0
93085	
92626;0;0;44;45
93201	0
93201	
92742;0;0;45;45
93325	0
93325	
92866;0;0;45;45
93440	0
93440	
92981;0;0;45;45
93557	0
93557	
93096;0;0;44;45
93673	0
93673	
93213;0;0;44;45
93789	0
93789	
93330;0;0;44;45
93904	0
93904	
93445;0;0;45;45
94019	0
94019	
93560;0;0;45;45
94134	0
94134	
93675;0;0;44;45
94261	0
94261	
93800;0;0;44;45
94377	0
94377	
93917;0;0;45;45
94492	0
94492	
94033;0;0;44;45
94607	0
94607	
94148;0;0;45;45
94722	0
94722	
94263;0;0;44;45
94837	0
94837	
94379;0;0;44;45
94953	0
94953	
94494;0;0;44;45
95070	0
95070	
94609;0;0;44;45
95195	0
95195	
94737;0;0;44;45
95310	0
95310	
94851;0;0;44;45
95425	0
95425	
94966;0;0;44;45
95541	0
95541	
95082;0;0;44;45
95656	0
95656	
95197;0;0;44;45
95771	0
95771	
95312;0;0;44;45
95888	0
95888	
95430;0;0;45;45
96005	0
96005	
95546;0;0;44;45
96129	0
96129	
95670;0;0;45;45
96244	0
96244	
95785;0;0;44;45
96359	0
96359	
95900;0;0;44;45
96474	0
96474	
96015;0;0;44;45
96591	0
96591	
96130;0;0;45;45
96708	0
96708	
96247;0;0;44;45
96823	0
96823	
96364;0;0;44;45
96938	0
96938	
96480;0;0;44;45
97063	0
97063	
96604;0;0;44;44
97178	0
97178	
96719;0;0;44;45
97295	0
97295	
96834;0;0;44;44
97411	0
97411	
96951;0;0;28;28
