milliseconds	Werte
462	0
462	
3;0;0;49;52
577	0
577	
117;0;0;49;53
691	0
691	
231;0;0;49;53
805	0
805	
345;0;0;49;53
919	0
919	
459;0;0;50;53
1033	0
1033	
573;0;0;50;53
1148	0
1148	
688;0;0;50;53
1274	0
1274	
803;0;0;50;53
1389	0
1389	
929;0;0;49;53
1503	0
1503	
1043;0;0;50;53
1617	0
1617	
1157;0;0;50;53
1731	0
1731	
1271;0;0;50;53
1846	0
1846	
1386;0;0;50;53
1961	0
1961	
1501;0;0;50;53
2079	0
2079	
1619;0;0;50;53
2193	0
2193	
1733;0;0;50;53
2314	0
2314	
1847;0;0;50;53
2431	0
2431	
1971;0;0;50;53
2545	0
2545	
2085;0;0;50;53
2660	0
2660	
2200;0;0;50;53
2777	0
2777	
2314;0;0;50;53
2891	0
2891	
2431;0;0;50;53
3005	0
3005	
2545;0;0;50;53
3120	0
3120	
2660;0;0;50;53
3234	0
3234	
2774;0;0;50;53
3356	0
3356	
2888;0;0;50;53
3472	0
3472	
3012;0;0;50;53
3589	0
3589	
3126;0;0;50;53
3704	0
3704	
3244;0;0;50;53
3818	0
3818	
3358;0;0;50;53
3932	0
3932	
3472;0;0;50;53
4046	0
4046	
3586;0;0;50;53
4161	0
4161	
3701;0;0;50;53
4275	0
4275	
3815;0;0;50;53
4401	0
4401	
3930;0;0;50;53
4517	0
4517	
4057;0;0;50;53
4631	0
4631	
4171;0;0;50;53
4745	0
4745	
4285;0;0;50;53
4860	0
4860	
4400;0;0;50;53
4975	0
4975	
4515;0;0;50;53
5089	0
5089	
4629;0;0;50;53
5206	0
5206	
4743;0;0;50;53
5320	0
5320	
4860;0;0;50;53
5438	0
5438	
4974;0;0;50;53
5558	0
5558	
5098;0;0;50;53
5673	0
5673	
5213;0;0;50;53
5787	0
5787	
5327;0;0;50;53
5901	0
5901	
5441;0;0;50;53
6018	0
6018	
5555;0;0;50;53
6132	0
6132	
5672;0;0;50;53
6247	0
6247	
5787;0;0;50;53
6362	0
6362	
5902;0;0;50;53
6476	0
6476	
6016;0;0;50;53
6601	0
6601	
6141;0;0;50;53
6715	0
6715	
6255;0;0;50;53
6832	0
6832	
6373;0;0;50;53
6947	0
6947	
6487;0;0;50;53
7062	0
7062	
6602;0;0;50;53
7176	0
7176	
6716;0;0;50;53
7290	0
7290	
6830;0;0;50;53
7404	0
7404	
6944;0;0;50;53
7519	0
7519	
7059;0;0;50;53
7646	0
7646	
7186;0;0;50;53
7761	0
7761	
7301;0;0;50;53
7875	0
7875	
7415;0;0;50;53
7989	0
7989	
7529;0;0;50;53
8103	0
8103	
7643;0;0;50;53
8218	0
8218	
7758;0;0;50;53
8332	0
8332	
7872;0;0;50;53
8449	0
8449	
7990;0;0;50;53
8564	0
8564	
8104;0;0;50;53
8689	0
8689	
8229;0;0;50;53
8803	0
8803	
8342;0;0;50;53
8917	0
8917	
8457;0;0;50;53
9031	0
9031	
8571;0;0;50;53
9148	0
9148	
8685;0;0;50;53
9263	0
9263	
8803;0;0;50;53
9377	0
9377	
8917;0;0;50;53
9492	0
9492	
9032;0;0;50;53
9606	0
9606	
9146;0;0;50;53
9727	0
9727	
9260;0;0;50;53
9843	0
9843	
9383;0;0;50;53
9960	0
9960	
9498;0;0;50;53
10076	0
10076	
9615;0;0;50;53
10190	0
10190	
9730;0;0;50;53
10304	0
10304	
9844;0;0;50;53
10418	0
10418	
9958;0;0;50;53
10532	0
10532	
10072;0;0;50;53
10646	0
10646	
10186;0;0;50;53
10774	0
10774	
10302;0;0;50;53
10889	0
10889	
10429;0;0;50;53
11003	0
11003	
10543;0;0;50;53
11117	0
11117	
10657;0;0;50;53
11231	0
11231	
10771;0;0;50;53
11346	0
11346	
10886;0;0;50;53
11460	0
11460	
11001;0;0;50;53
11578	0
11578	
11115;0;0;50;53
11692	0
11692	
11232;0;0;50;53
11816	0
11816	
11356;0;0;50;53
11931	0
11931	
11471;0;0;50;53
12045	0
12045	
11585;0;0;50;53
12159	0
12159	
11699;0;0;50;53
12274	0
12274	
11814;0;0;50;53
12390	0
12390	
11930;0;0;50;53
12506	0
12506	
12046;0;0;50;53
12620	0
12620	
12160;0;0;50;53
12734	0
12734	
12274;0;0;50;53
12858	0
12858	
12398;0;0;50;53
12973	0
12973	
12513;0;0;50;53
13089	0
13089	
12628;0;0;50;53
13205	0
13205	
12745;0;0;50;53
13319	0
13319	
12859;0;0;50;53
13433	0
13433	
12973;0;0;50;53
13547	0
13547	
13087;0;0;50;53
13662	0
13662	
13203;0;0;50;53
13781	0
13781	
13317;0;0;50;53
13904	0
13904	
13441;0;0;50;53
14018	0
14018	
13558;0;0;50;53
14132	0
14132	
13672;0;0;50;53
14247	0
14247	
13787;0;0;50;53
14361	0
14361	
13901;0;0;50;53
14476	0
14476	
14016;0;0;50;53
14590	0
14590	
14130;0;0;50;53
14704	0
14704	
14244;0;0;50;53
14831	0
14831	
14362;0;0;50;53
14946	0
14946	
14486;0;0;50;53
15060	0
15060	
14600;0;0;50;53
15175	0
15175	
14715;0;0;50;53
15289	0
15289	
14829;0;0;50;53
15404	0
15404	
14943;0;0;50;53
15521	0
15521	
15058;0;0;50;53
15635	0
15635	
15175;0;0;50;53
15749	0
15749	
15289;0;0;50;53
15870	0
15870	
15403;0;0;50;53
15987	0
15987	
15527;0;0;50;53
16102	0
16102	
15642;0;0;50;53
16216	0
16216	
15756;0;0;50;53
16332	0
16332	
15872;0;0;50;53
16447	0
16447	
15987;0;0;50;53
16561	0
16561	
16101;0;0;50;53
16677	0
16677	
16217;0;0;50;53
16791	0
16791	
16331;0;0;50;53
16915	0
16915	
16455;0;0;50;53
17030	0
17030	
16569;0;0;50;53
17146	0
17146	
16686;0;0;50;53
17261	0
17261	
16801;0;0;50;53
17376	0
17376	
16916;0;0;50;53
17490	0
17490	
17030;0;0;50;53
17604	0
17604	
17144;0;0;50;53
17718	0
17718	
17258;0;0;50;53
17844	0
17844	
17373;0;0;50;53
17960	0
17960	
17500;0;0;50;53
18075	0
18075	
17615;0;0;50;53
18189	0
18189	
17729;0;0;50;53
18303	0
18303	
17843;0;0;50;53
18418	0
18418	
17958;0;0;50;53
18532	0
18532	
18072;0;0;50;53
18648	0
18648	
18186;0;0;50;53
18763	0
18763	
18304;0;0;50;53
18885	0
18885	
18418;0;0;50;53
19003	0
19003	
18543;0;0;50;53
19117	0
19117	
18657;0;0;50;53
19231	0
19231	
18771;0;0;50;53
19345	0
19345	
18885;0;0;50;53
19462	0
19462	
18999;0;0;50;53
19578	0
19578	
19118;0;0;50;53
19692	0
19692	
19232;0;0;50;53
19806	0
19806	
19346;0;0;50;53
19927	0
19927	
19460;0;0;50;53
20044	0
20044	
19584;0;0;50;53
20159	0
20159	
19699;0;0;50;53
20276	0
20276	
19816;0;0;50;53
20391	0
20391	
19931;0;0;50;53
20505	0
20505	
20045;0;0;50;53
20619	0
20619	
20159;0;0;50;53
20734	0
20734	
20274;0;0;50;53
20848	0
20848	
20388;0;0;50;53
20974	0
20974	
20513;0;0;50;53
21090	0
21090	
20630;0;0;50;53
21204	0
21204	
20744;0;0;50;53
21319	0
21319	
20859;0;0;50;53
21433	0
21433	
20973;0;0;50;53
21547	0
21547	
21087;0;0;50;53
21661	0
21661	
21201;0;0;50;53
21776	0
21776	
21316;0;0;50;53
21900	0
21900	
21435;0;0;50;53
22018	0
22018	
21558;0;0;50;53
22132	0
22132	
21672;0;0;50;53
22246	0
22246	
21786;0;0;50;53
22360	0
22360	
21900;0;0;50;53
22476	0
22476	
22015;0;0;50;53
22591	0
22591	
22130;0;0;50;53
22707	0
22707	
22247;0;0;50;53
22821	0
22821	
22361;0;0;50;53
22941	0
22941	
22475;0;0;50;53
23059	0
23059	
22599;0;0;50;53
23175	0
23175	
22715;0;0;50;53
23289	0
23289	
22829;0;0;50;53
23406	0
23406	
22943;0;0;50;53
23520	0
23520	
23060;0;0;50;53
23634	0
23634	
23174;0;0;50;53
23749	0
23749	
23289;0;0;50;53
23863	0
23863	
23403;0;0;50;53
23985	0
23985	
23518;0;0;50;53
24102	0
24102	
23642;0;0;50;53
24219	0
24219	
23760;0;0;50;53
24334	0
24334	
23874;0;0;50;53
24448	0
24448	
23988;0;0;50;53
24562	0
24562	
24102;0;0;50;53
24677	0
24677	
24217;0;0;50;53
24791	0
24791	
24331;0;0;50;53
24906	0
24906	
24446;0;0;50;53
25029	0
25029	
24560;0;0;50;53
25147	0
25147	
24687;0;0;50;53
25261	0
25261	
24801;0;0;50;53
25376	0
25376	
24916;0;0;50;53
25491	0
25491	
25031;0;0;50;53
25605	0
25605	
25145;0;0;50;53
25719	0
25719	
25259;0;0;50;53
25836	0
25836	
25375;0;0;50;53
25951	0
25951	
25491;0;0;50;53
26072	0
26072	
25606;0;0;50;53
26191	0
26191	
25731;0;0;50;53
26305	0
26305	
25845;0;0;50;53
26419	0
26419	
25959;0;0;50;53
26534	0
26534	
26073;0;0;50;53
26651	0
26651	
26191;0;0;50;53
26765	0
26765	
26305;0;0;50;53
26880	0
26880	
26420;0;0;50;53
26994	0
26994	
26534;0;0;50;53
27112	0
27112	
26648;0;0;50;53
27233	0
27233	
26773;0;0;50;53
27350	0
27350	
26890;0;0;50;53
27465	0
27465	
27005;0;0;50;53
27580	0
27580	
27120;0;0;50;53
27694	0
27694	
27234;0;0;50;53
27809	0
27809	
27349;0;0;50;53
27923	0
27923	
27463;0;0;50;53
28037	0
28037	
27577;0;0;50;53
28152	0
28152	
27691;0;0;50;53
28279	0
28279	
27819;0;0;50;53
28394	0
28394	
27934;0;0;50;53
28508	0
28508	
28048;0;0;50;53
28622	0
28622	
28162;0;0;50;53
28736	0
28736	
28276;0;0;50;53
28850	0
28850	
28390;0;0;50;53
28969	0
28969	
28508;0;0;50;53
29084	0
29084	
28624;0;0;50;53
29198	0
29198	
28738;0;0;50;53
29322	0
29322	
28862;0;0;50;53
29436	0
29436	
28976;0;0;50;53
29551	0
29551	
29090;0;0;50;53
29667	0
29667	
29205;0;0;50;53
29783	0
29783	
29323;0;0;50;53
29897	0
29897	
29437;0;0;50;53
30011	0
30011	
29551;0;0;50;53
30126	0
30126	
29665;0;0;50;53
30240	0
30240	
29780;0;0;50;53
30360	0
30360	
29894;0;0;50;53
30482	0
30482	
30019;0;0;50;53
30596	0
30596	
30136;0;0;50;53
30710	0
30710	
30250;0;0;50;53
30825	0
30825	
30365;0;0;50;53
30939	0
30939	
30479;0;0;50;53
31053	0
31053	
30593;0;0;50;53
31167	0
31167	
30707;0;0;50;53
31283	0
31283	
30822;0;0;50;53
31406	0
31406	
30940;0;0;50;53
31524	0
31524	
31064;0;0;50;53
31638	0
31638	
31178;0;0;50;53
31752	0
31752	
31292;0;0;50;53
31866	0
31866	
31406;0;0;50;53
31982	0
31982	
31522;0;0;50;53
32099	0
32099	
31636;0;0;50;53
32213	0
32213	
31753;0;0;50;53
32327	0
32327	
31867;0;0;50;53
32449	0
32449	
31981;0;0;50;53
32566	0
32566	
32106;0;0;50;53
32681	0
32681	
32221;0;0;50;53
32795	0
32795	
32335;0;0;50;53
32912	0
32912	
32453;0;0;50;53
33027	0
33027	
32567;0;0;50;53
33142	0
33142	
32682;0;0;50;53
33256	0
33256	
32796;0;0;50;53
33370	0
33370	
32910;0;0;50;53
33494	0
33494	
33025;0;0;50;53
33612	0
33612	
33149;0;0;50;53
33727	0
33727	
33267;0;0;50;53
33841	0
33841	
33381;0;0;50;53
33955	0
33955	
33495;0;0;50;53
34069	0
34069	
33609;0;0;50;53
34184	0
34184	
33724;0;0;50;53
34299	0
34299	
33839;0;0;50;53
34414	0
34414	
33953;0;0;50;53
34538	0
34538	
34071;0;0;50;53
34655	0
34655	
34195;0;0;50;53
34769	0
34769	
34309;0;0;50;53
34885	0
34885	
34425;0;0;50;53
34999	0
34999	
34539;0;0;50;53
35113	0
35113	
34653;0;0;50;53
35230	0
35230	
34767;0;0;50;53
35344	0
35344	
34884;0;0;50;53
35459	0
35459	
34999;0;0;50;53
35581	0
35581	
35113;0;0;50;53
35697	0
35697	
35237;0;0;50;53
35811	0
35811	
35351;0;0;50;53
35925	0
35925	
35465;0;0;50;53
36043	0
36043	
35584;0;0;50;53
36158	0
36158	
35698;0;0;50;53
36272	0
36272	
35812;0;0;50;53
36387	0
36387	
35927;0;0;50;53
36501	0
36501	
36041;0;0;50;53
36623	0
36623	
36156;0;0;50;53
36743	0
36743	
36280;0;0;50;53
36857	0
36857	
36397;0;0;50;53
36971	0
36971	
36511;0;0;50;53
37086	0
37086	
36626;0;0;50;53
37201	0
37201	
36740;0;0;50;53
37315	0
37315	
36855;0;0;50;53
37429	0
37429	
36969;0;0;50;53
37543	0
37543	
37083;0;0;50;53
37669	0
37669	
37202;0;0;50;53
37769	0
37769	
37309;0;0;50;53
37885	0
37885	
37425;0;0;50;53
37999	0
37999	
37539;0;0;50;53
38113	0
38113	
37653;0;0;50;53
38227	0
38227	
37767;0;0;50;53
38341	0
38341	
37881;0;0;50;53
38457	0
38457	
37996;0;0;50;53
38573	0
38573	
38113;0;0;50;53
38694	0
38694	
38228;0;0;50;53
38812	0
38812	
38352;0;0;50;53
38926	0
38926	
38466;0;0;50;53
39041	0
39041	
38581;0;0;50;53
39155	0
39155	
38695;0;0;50;53
39272	0
39272	
38809;0;0;50;53
39387	0
39387	
38927;0;0;50;53
39501	0
39501	
39041;0;0;50;53
39616	0
39616	
39156;0;0;50;53
39735	0
39735	
39270;0;0;50;53
39854	0
39854	
39394;0;0;50;53
39968	0
39968	
39508;0;0;50;53
40086	0
40086	
39627;0;0;50;53
40202	0
40202	
39742;0;0;50;53
40316	0
40316	
39856;0;0;50;53
40430	0
40430	
39970;0;0;50;53
40544	0
40544	
40084;0;0;50;53
40658	0
40658	
40198;0;0;50;53
40778	0
40778	
40313;0;0;50;53
40901	0
40901	
40441;0;0;50;53
41015	0
41015	
40555;0;0;50;53
41129	0
41129	
40669;0;0;50;53
41243	0
41243	
40783;0;0;50;53
41358	0
41358	
40898;0;0;50;53
41472	0
41472	
41012;0;0;50;53
41586	0
41586	
41127;0;0;50;53
41704	0
41704	
41241;0;0;50;53
41822	0
41822	
41358;0;0;50;53
41943	0
41943	
41483;0;0;50;53
42057	0
42057	
41597;0;0;50;53
42171	0
42171	
41711;0;0;50;53
42285	0
42285	
41825;0;0;50;53
42400	0
42400	
41940;0;0;50;53
42518	0
42518	
42058;0;0;50;53
42632	0
42632	
42172;0;0;50;53
42746	0
42746	
42286;0;0;50;53
42864	0
42864	
42400;0;0;50;53
42984	0
42984	
42524;0;0;50;53
43100	0
43100	
42640;0;0;50;53
43217	0
43217	
42754;0;0;50;53
43331	0
43331	
42871;0;0;50;53
43445	0
43445	
42985;0;0;50;53
43559	0
43559	
43099;0;0;50;53
43674	0
43674	
43214;0;0;50;53
43788	0
43788	
43329;0;0;50;53
43909	0
43909	
43443;0;0;50;53
44030	0
44030	
43570;0;0;50;53
44144	0
44144	
43684;0;0;50;53
44259	0
44259	
43798;0;0;50;53
44373	0
44373	
43913;0;0;50;53
44487	0
44487	
44027;0;0;50;53
44602	0
44602	
44142;0;0;50;53
44716	0
44716	
44256;0;0;50;53
44834	0
44834	
44370;0;0;50;53
44954	0
44954	
44488;0;0;50;53
45072	0
45072	
44612;0;0;50;53
45186	0
45186	
44726;0;0;50;53
45301	0
45301	
44841;0;0;50;53
45415	0
45415	
44955;0;0;50;53
45530	0
45530	
45070;0;0;50;53
45646	0
45646	
45186;0;0;50;53
45761	0
45761	
45301;0;0;50;53
45875	0
45875	
45415;0;0;50;53
45996	0
45996	
45529;0;0;50;53
46114	0
46114	
45654;0;0;50;53
46228	0
46228	
45768;0;0;50;53
46342	0
46342	
45882;0;0;50;53
46459	0
46459	
46000;0;0;50;53
46574	0
46574	
46114;0;0;50;53
46689	0
46689	
46229;0;0;50;53
46804	0
46804	
46344;0;0;50;53
46918	0
46918	
46458;0;0;50;53
47039	0
47039	
46572;0;0;50;53
47159	0
47159	
46696;0;0;50;53
47274	0
47274	
46814;0;0;50;53
47388	0
47388	
46928;0;0;50;53
47503	0
47503	
47043;0;0;50;53
47617	0
47617	
47157;0;0;50;53
47731	0
47731	
47271;0;0;50;53
47846	0
47846	
47386;0;0;50;53
47961	0
47961	
47500;0;0;50;53
48087	0
48087	
47617;0;0;50;53
48201	0
48201	
47741;0;0;50;53
48316	0
48316	
47856;0;0;50;53
48431	0
48431	
47971;0;0;50;53
48545	0
48545	
48085;0;0;50;53
48659	0
48659	
48199;0;0;50;53
48776	0
48776	
48313;0;0;50;53
48890	0
48890	
48430;0;0;50;53
49006	0
49006	
48546;0;0;50;53
49127	0
49127	
48660;0;0;50;53
49244	0
49244	
48784;0;0;50;53
49358	0
49358	
48898;0;0;50;53
49472	0
49472	
49012;0;0;50;53
49590	0
49590	
49131;0;0;50;53
49705	0
49705	
49245;0;0;50;53
49819	0
49819	
49359;0;0;50;53
49933	0
49933	
49473;0;0;50;53
50047	0
50047	
49587;0;0;50;53
50169	0
50169	
49702;0;0;50;53
50287	0
50287	
49826;0;0;50;53
50404	0
50404	
49944;0;0;50;53
50518	0
50518	
50058;0;0;50;53
50632	0
50632	
50172;0;0;50;53
50747	0
50747	
50287;0;0;50;53
50861	0
50861	
50401;0;0;50;53
50975	0
50975	
50515;0;0;50;53
51089	0
51089	
50629;0;0;50;53
51214	0
51214	
50746;0;0;50;53
51332	0
51332	
50872;0;0;50;53
51446	0
51446	
50986;0;0;50;53
51560	0
51560	
51100;0;0;50;53
51674	0
51674	
51214;0;0;50;53
51788	0
51788	
51328;0;0;50;53
51905	0
51905	
51443;0;0;50;53
52021	0
52021	
51561;0;0;50;53
52135	0
52135	
51675;0;0;50;53
52255	0
52255	
51789;0;0;50;53
52373	0
52373	
51913;0;0;50;53
52487	0
52487	
52027;0;0;50;53
52603	0
52603	
52143;0;0;50;53
52719	0
52719	
52259;0;0;50;53
52834	0
52834	
52374;0;0;50;53
52948	0
52948	
52488;0;0;50;53
53062	0
53062	
52602;0;0;50;53
53177	0
53177	
52717;0;0;50;53
53298	0
53298	
52831;0;0;50;53
53415	0
53415	
52955;0;0;50;53
53532	0
53532	
53071;0;0;50;53
53647	0
53647	
53187;0;0;50;53
53762	0
53762	
53302;0;0;50;53
53876	0
53876	
53416;0;0;50;53
53990	0
53990	
53530;0;0;50;53
54105	0
54105	
53645;0;0;50;53
54219	0
54219	
53759;0;0;50;53
54345	0
54345	
53876;0;0;50;53
54461	0
54461	
54001;0;0;50;53
54575	0
54575	
54115;0;0;50;53
54689	0
54689	
54229;0;0;50;53
54804	0
54804	
54344;0;0;50;53
54919	0
54919	
54459;0;0;50;53
55034	0
55034	
54573;0;0;50;53
55150	0
55150	
54689;0;0;50;53
55265	0
55265	
54805;0;0;50;53
55388	0
55388	
54929;0;0;50;53
55505	0
55505	
55045;0;0;50;53
55619	0
55619	
55159;0;0;50;53
55733	0
55733	
55273;0;0;50;53
55849	0
55849	
55388;0;0;50;53
55965	0
55965	
55506;0;0;50;53
56080	0
56080	
55620;0;0;50;53
56194	0
56194	
55734;0;0;50;53
56309	0
56309	
55849;0;0;50;53
56433	0
56433	
55973;0;0;50;53
56548	0
56548	
56088;0;0;50;53
56666	0
56666	
56205;0;0;50;53
56781	0
56781	
56321;0;0;50;53
56895	0
56895	
56435;0;0;50;53
57010	0
57010	
56550;0;0;50;53
57124	0
57124	
56664;0;0;50;53
57239	0
57239	
56779;0;0;50;53
57361	0
57361	
56894;0;0;50;53
57481	0
57481	
57022;0;0;50;53
57596	0
57596	
57136;0;0;50;53
57711	0
57711	
57251;0;0;50;53
57826	0
57826	
57366;0;0;50;53
57940	0
57940	
57480;0;0;50;53
58054	0
58054	
57594;0;0;50;53
58169	0
58169	
57708;0;0;50;53
58285	0
58285	
57824;0;0;50;53
58409	0
58409	
57941;0;0;50;53
58525	0
58525	
58065;0;0;50;53
58639	0
58639	
58179;0;0;50;53
58753	0
58753	
58293;0;0;50;53
58867	0
58867	
58407;0;0;50;53
58983	0
58983	
58521;0;0;50;53
59099	0
59099	
58639;0;0;50;53
59214	0
59214	
58754;0;0;50;53
59328	0
59328	
58868;0;0;50;53
59450	0
59450	
58982;0;0;50;53
59567	0
59567	
59106;0;0;50;53
59681	0
59681	
59221;0;0;50;53
59799	0
59799	
59338;0;0;50;53
59914	0
59914	
59454;0;0;50;53
60028	0
60028	
59568;0;0;50;53
60142	0
60142	
59682;0;0;50;53
60257	0
60257	
59797;0;0;50;53
60371	0
60371	
59911;0;0;50;53
60496	0
60496	
60035;0;0;50;53
60613	0
60613	
60153;0;0;50;53
60727	0
60727	
60267;0;0;50;53
60842	0
60842	
60382;0;0;50;53
60956	0
60956	
60496;0;0;50;53
61070	0
61070	
60610;0;0;50;53
61184	0
61184	
60724;0;0;50;53
61298	0
61298	
60838;0;0;50;53
61422	0
61422	
60955;0;0;50;53
61540	0
61540	
61080;0;0;50;53
61654	0
61654	
61194;0;0;50;53
61768	0
61768	
61308;0;0;50;53
61882	0
61882	
61422;0;0;50;53
61997	0
61997	
61537;0;0;50;53
62113	0
62113	
61652;0;0;50;53
62229	0
62229	
61770;0;0;50;53
62344	0
62344	
61884;0;0;50;53
62465	0
62465	
61998;0;0;50;53
62583	0
62583	
62123;0;0;50;53
62697	0
62697	
62237;0;0;50;53
62812	0
62812	
62352;0;0;50;53
62928	0
62928	
62468;0;0;50;53
63043	0
63043	
62583;0;0;50;53
63158	0
63158	
62698;0;0;50;53
63272	0
63272	
62812;0;0;50;53
63386	0
63386	
62926;0;0;50;53
63508	0
63508	
63040;0;0;50;53
63626	0
63626	
63165;0;0;50;53
63743	0
63743	
63284;0;0;50;53
63858	0
63858	
63398;0;0;50;53
63972	0
63972	
63512;0;0;50;53
64086	0
64086	
63626;0;0;50;53
64200	0
64200	
63740;0;0;50;53
64316	0
64316	
63856;0;0;50;53
64430	0
64430	
63970;0;0;50;53
64554	0
64554	
64087;0;0;50;53
64672	0
64672	
64212;0;0;50;53
64786	0
64786	
64326;0;0;50;53
64901	0
64901	
64441;0;0;50;53
65016	0
65016	
64556;0;0;50;53
65130	0
65130	
64670;0;0;50;53
65245	0
65245	
64784;0;0;50;53
65361	0
65361	
64902;0;0;50;53
65477	0
65477	
65017;0;0;50;53
65597	0
65597	
65131;0;0;50;53
65715	0
65715	
65255;0;0;50;53
65829	0
65829	
65369;0;0;50;53
65943	0
65943	
65483;0;0;50;53
66060	0
66060	
65600;0;0;50;53
66175	0
66175	
65715;0;0;50;53
66289	0
66289	
65829;0;0;50;53
66403	0
66403	
65943;0;0;50;53
66518	0
66518	
66058;0;0;50;53
66641	0
66641	
66172;0;0;50;53
66758	0
66758	
66297;0;0;50;53
66874	0
66874	
66415;0;0;50;53
66989	0
66989	
66529;0;0;50;53
67103	0
67103	
66643;0;0;50;53
67218	0
67218	
66758;0;0;50;53
67333	0
67333	
66873;0;0;50;53
67447	0
67447	
66987;0;0;50;53
67561	0
67561	
67101;0;0;50;53
67683	0
67683	
67217;0;0;50;53
67802	0
67802	
67342;0;0;50;53
67918	0
67918	
67458;0;0;50;53
68032	0
68032	
67572;0;0;50;53
68146	0
68146	
67686;0;0;50;53
68260	0
68260	
67800;0;0;50;53
68375	0
68375	
67914;0;0;50;53
68492	0
68492	
68033;0;0;50;53
68607	0
68607	
68147;0;0;50;53
68727	0
68727	
68262;0;0;50;53
68846	0
68846	
68386;0;0;50;53
68960	0
68960	
68500;0;0;50;53
69075	0
69075	
68615;0;0;50;53
69192	0
69192	
68729;0;0;50;53
69306	0
69306	
68846;0;0;50;53
69421	0
69421	
68961;0;0;50;53
69535	0
69535	
69075;0;0;50;53
69650	0
69650	
69190;0;0;50;53
69770	0
69770	
69304;0;0;50;53
69888	0
69888	
69428;0;0;50;53
70006	0
70006	
69544;0;0;50;53
70120	0
70120	
69660;0;0;50;53
70235	0
70235	
69775;0;0;50;53
70349	0
70349	
69889;0;0;50;53
70463	0
70463	
70003;0;0;50;53
70577	0
70577	
70117;0;0;50;53
70691	0
70691	
70231;0;0;50;53
70819	0
70819	
70346;0;0;50;53
70933	0
70933	
70473;0;0;50;53
71047	0
71047	
70587;0;0;50;53
71161	0
71161	
70701;0;0;50;53
71275	0
71275	
70815;0;0;50;53
71390	0
71390	
70930;0;0;50;53
71504	0
71504	
71044;0;0;50;53
71622	0
71622	
71161;0;0;50;53
71737	0
71737	
71277;0;0;50;53
71859	0
71859	
71391;0;0;50;53
71976	0
71976	
71516;0;0;50;53
72090	0
72090	
71630;0;0;50;53
72204	0
72204	
71744;0;0;50;53
72320	0
72320	
71859;0;0;50;53
72436	0
72436	
71977;0;0;50;53
72551	0
72551	
72091;0;0;50;53
72665	0
72665	
72205;0;0;50;53
72779	0
72779	
72319;0;0;50;53
72901	0
72901	
72433;0;0;50;53
73017	0
73017	
72557;0;0;50;53
73135	0
73135	
72672;0;0;50;53
73249	0
73249	
72789;0;0;50;53
73363	0
73363	
72903;0;0;50;53
73477	0
73477	
73017;0;0;50;53
73591	0
73591	
73131;0;0;50;53
73706	0
73706	
73245;0;0;50;53
73821	0
73821	
73361;0;0;50;53
73946	0
73946	
73475;0;0;50;53
74062	0
74062	
73602;0;0;50;53
74176	0
74176	
73716;0;0;50;53
74291	0
74291	
73830;0;0;50;53
74405	0
74405	
73945;0;0;50;53
74520	0
74520	
74060;0;0;50;53
74634	0
74634	
74174;0;0;50;53
74749	0
74749	
74288;0;0;50;53
74865	0
74865	
74405;0;0;50;53
74990	0
74990	
74530;0;0;50;53
75104	0
75104	
74644;0;0;50;53
75219	0
75219	
74759;0;0;50;53
75333	0
75333	
74873;0;0;50;53
75447	0
75447	
74987;0;0;50;53
75565	0
75565	
75105;0;0;50;53
75680	0
75680	
75220;0;0;50;53
75794	0
75794	
75334;0;0;50;53
75914	0
75914	
75448;0;0;50;53
76032	0
76032	
75572;0;0;50;53
76147	0
76147	
75687;0;0;50;53
76262	0
76262	
75801;0;0;50;53
76378	0
76378	
75919;0;0;50;53
76493	0
76493	
76033;0;0;50;53
76607	0
76607	
76147;0;0;50;53
76723	0
76723	
76263;0;0;50;53
76837	0
76837	
76377;0;0;50;53
76957	0
76957	
76491;0;0;50;53
77078	0
77078	
76615;0;0;50;53
77192	0
77192	
76732;0;0;50;53
77307	0
77307	
76847;0;0;50;53
77422	0
77422	
76962;0;0;50;53
77536	0
77536	
77076;0;0;50;53
77650	0
77650	
77190;0;0;50;53
77764	0
77764	
77304;0;0;50;53
77880	0
77880	
77419;0;0;50;53
78004	0
78004	
77537;0;0;50;53
78121	0
78121	
77661;0;0;50;53
78235	0
78235	
77775;0;0;50;53
78349	0
78349	
77889;0;0;50;53
78464	0
78464	
78004;0;0;50;53
78578	0
78578	
78118;0;0;50;53
78695	0
78695	
78232;0;0;50;53
78809	0
78809	
78349;0;0;50;53
78924	0
78924	
78464;0;0;50;53
79039	0
79039	
78579;0;0;50;53
79153	0
79153	
78693;0;0;50;53
79267	0
79267	
78807;0;0;50;53
79381	0
79381	
78921;0;0;50;53
79496	0
79496	
79035;0;0;50;53
79614	0
79614	
79152;0;0;50;53
79728	0
79728	
79268;0;0;50;53
79842	0
79842	
79382;0;0;50;53
79956	0
79956	
79496;0;0;50;53
80080	0
80080	
79620;0;0;50;53
80195	0
80195	
79735;0;0;50;53
80311	0
80311	
79849;0;0;50;53
80427	0
80427	
79968;0;0;50;53
80542	0
80542	
80082;0;0;50;53
80656	0
80656	
80196;0;0;50;53
80771	0
80771	
80311;0;0;50;53
80885	0
80885	
80425;0;0;50;53
81004	0
81004	
80539;0;0;50;53
81126	0
81126	
80665;0;0;50;53
81241	0
81241	
80781;0;0;50;53
81356	0
81356	
80895;0;0;50;53
81470	0
81470	
81010;0;0;50;53
81584	0
81584	
81124;0;0;50;53
81698	0
81698	
81238;0;0;50;53
81812	0
81812	
81352;0;0;50;53
81928	0
81928	
81467;0;0;50;53
82051	0
82051	
81585;0;0;50;53
82169	0
82169	
81709;0;0;50;53
82283	0
82283	
81823;0;0;50;53
82397	0
82397	
81937;0;0;50;53
82511	0
82511	
82051;0;0;50;53
82627	0
82627	
82167;0;0;50;53
82744	0
82744	
82283;0;0;50;53
82859	0
82859	
82399;0;0;50;53
82973	0
82973	
82513;0;0;50;53
83097	0
83097	
82637;0;0;50;53
83212	0
83212	
82752;0;0;50;53
83327	0
83327	
82867;0;0;50;53
83442	0
83442	
82981;0;0;50;53
83558	0
83558	
83099;0;0;50;53
83673	0
83673	
83213;0;0;50;53
83788	0
83788	
83328;0;0;50;53
83902	0
83902	
83442;0;0;50;53
84023	0
84023	
83556;0;0;50;53
84140	0
84140	
83680;0;0;50;53
84257	0
84257	
83797;0;0;50;53
84373	0
84373	
83913;0;0;50;53
84487	0
84487	
84027;0;0;50;53
84601	0
84601	
84141;0;0;50;53
84715	0
84715	
84255;0;0;50;53
84830	0
84830	
84370;0;0;50;53
84945	0
84945	
84485;0;0;50;53
85071	0
85071	
84599;0;0;50;53
85186	0
85186	
84726;0;0;50;53
85300	0
85300	
84840;0;0;50;53
85414	0
85414	
84954;0;0;50;53
85530	0
85530	
85070;0;0;50;53
85644	0
85644	
85184;0;0;50;53
85758	0
85758	
85298;0;0;50;53
85875	0
85875	
85414;0;0;50;53
85990	0
85990	
85530;0;0;50;53
86111	0
86111	
85645;0;0;50;53
86229	0
86229	
85769;0;0;50;53
86343	0
86343	
85883;0;0;50;53
86457	0
86457	
85997;0;0;50;53
86573	0
86573	
86111;0;0;50;53
86689	0
86689	
86230;0;0;50;53
86804	0
86804	
86344;0;0;50;53
86918	0
86918	
86458;0;0;50;53
87033	0
87033	
86573;0;0;50;53
87157	0
87157	
86697;0;0;50;53
87272	0
87272	
86812;0;0;50;53
87389	0
87389	
86929;0;0;50;53
87504	0
87504	
87044;0;0;50;53
87618	0
87618	
87158;0;0;50;53
87733	0
87733	
87273;0;0;50;53
87848	0
87848	
87388;0;0;50;53
87962	0
87962	
87502;0;0;50;53
88082	0
88082	
87617;0;0;50;53
88203	0
88203	
87742;0;0;50;53
88318	0
88318	
87858;0;0;50;53
88434	0
88434	
87973;0;0;50;53
88548	0
88548	
88088;0;0;50;53
88662	0
88662	
88202;0;0;50;53
88777	0
88777	
88317;0;0;50;53
88891	0
88891	
88431;0;0;50;53
89009	0
89009	
88547;0;0;50;53
89133	0
89133	
88674;0;0;50;53
89249	0
89249	
88789;0;0;50;53
89363	0
89363	
88903;0;0;50;53
89478	0
89478	
89018;0;0;50;53
89592	0
89592	
89132;0;0;50;53
89708	0
89708	
89247;0;0;50;53
89824	0
89824	
89365;0;0;50;53
89939	0
89939	
89479;0;0;50;53
90058	0
90058	
89593;0;0;50;53
90177	0
90177	
89717;0;0;50;53
90292	0
90292	
89832;0;0;50;53
90406	0
90406	
89946;0;0;50;53
90524	0
90524	
90062;0;0;50;53
90638	0
90638	
90178;0;0;50;53
90752	0
90752	
90292;0;0;50;53
90867	0
90867	
90407;0;0;50;53
90982	0
90982	
90522;0;0;50;53
91103	0
91103	
90636;0;0;50;53
91222	0
91222	
90760;0;0;50;53
91337	0
91337	
90878;0;0;50;53
91453	0
91453	
90993;0;0;50;53
91567	0
91567	
91107;0;0;50;53
91681	0
91681	
91221;0;0;50;53
91795	0
91795	
91335;0;0;50;53
91909	0
91909	
91449;0;0;50;53
92024	0
92024	
91565;0;0;50;53
92151	0
92151	
91680;0;0;50;53
92265	0
92265	
91805;0;0;50;53
92380	0
92380	
91920;0;0;50;53
92494	0
92494	
92034;0;0;50;53
92609	0
92609	
92149;0;0;50;53
92723	0
92723	
92263;0;0;50;53
92839	0
92839	
92378;0;0;50;53
92955	0
92955	
92494;0;0;50;53
93070	0
93070	
92610;0;0;50;53
93190	0
93190	
92725;0;0;50;53
93309	0
93309	
92849;0;0;50;53
93423	0
93423	
92963;0;0;50;53
93538	0
93538	
93078;0;0;50;53
93654	0
93654	
93195;0;0;50;53
93771	0
93771	
93311;0;0;50;53
93885	0
93885	
93425;0;0;50;53
93999	0
93999	
93539;0;0;50;53
94113	0
94113	
93653;0;0;50;53
94230	0
94230	
93768;0;0;50;53
94353	0
94353	
93892;0;0;50;53
94469	0
94469	
94008;0;0;50;53
94584	0
94584	
94124;0;0;50;53
94698	0
94698	
94238;0;0;50;53
94812	0
94812	
94352;0;0;50;53
94927	0
94927	
94468;0;0;50;53
95042	0
95042	
94582;0;0;50;53
95156	0
95156	
94696;0;0;50;53
95280	0
95280	
94812;0;0;50;53
95397	0
95397	
94937;0;0;50;53
95512	0
95512	
95052;0;0;50;53
95626	0
95626	
95166;0;0;50;53
95741	0
95741	
95281;0;0;50;53
95855	0
95855	
95395;0;0;50;53
95970	0
95970	
95509;0;0;50;53
96087	0
96087	
95625;0;0;50;53
96202	0
96202	
95742;0;0;50;53
96316	0
96316	
95856;0;0;50;53
96441	0
96441	
95981;0;0;50;53
96555	0
96555	
96095;0;0;50;53
96669	0
96669	
96209;0;0;50;53
96785	0
96785	
96326;0;0;50;53
96901	0
96901	
96440;0;0;50;53
97016	0
97016	
96556;0;0;50;53
97130	0
97130	
96671;0;0;50;53
97245	0
97245	
96785;0;0;50;53
97360	0
97360	
96900;0;0;50;53
97486	0
97486	
97025;0;0;50;53
97602	0
97602	
97141;0;0;50;53
97717	0
97717	
97257;0;0;50;53
97831	0
97831	
97372;0;0;50;53
97947	0
97947	
97487;0;0;50;53
98061	0
98061	
97601;0;0;50;53
98175	0
98175	
97715;0;0;50;53
98289	0
98289	
97829;0;0;50;53
98405	0
98405	
97945;0;0;50;53
98532	0
98532	
98073;0;0;50;53
98647	0
98647	
98187;0;0;50;53
98761	0
98761	
98301;0;0;50;53
98875	0
98875	
98415;0;0;50;53
98989	0
98989	
98529;0;0;50;53
99105	0
99105	
98644;0;0;50;53
99221	0
99221	
98760;0;0;50;53
99336	0
99336	
98876;0;0;50;53
99450	0
99450	
98990;0;0;50;53
99574	0
99574	
99114;0;0;50;53
99689	0
99689	
99229;0;0;50;53
99803	0
99803	
99343;0;0;50;53
99919	0
99919	
99460;0;0;50;53
100036	0
100036	
99576;0;0;50;53
100150	0
100150	
99690;0;0;50;53
100265	0
100265	
99805;0;0;50;53
100379	0
100379	
99919;0;0;50;53
100498	0
100498	
100033;0;0;50;53
100618	0
100618	
100157;0;0;50;53
100735	0
100735	
100273;0;0;50;53
100850	0
100850	
100390;0;0;50;53
100964	0
100964	
100504;0;0;50;53
101078	0
101078	
100618;0;0;50;53
101193	0
101193	
100733;0;0;48;52
101307	0
101307	
100847;0;0;44;50
101422	0
101422	
100962;0;0;41;46
