0.25
0.25
0.27
0.27
0.25
0.24
0.25
0.27
0.25
0.33
0.25
0.40
0.25
0.25
0.24
0.25
0.25
0.25
0.25
0.26
0.25
0.27
0.33
0.27
0.39
0.25
0.25
0.25
0.25
0.27
0.25
0.27
0.25
0.24
0.25
0.23
0.25
0.35
0.27
0.27
0.25
0.26
0.25
0.25
0.27
0.25
0.27
0.27
0.26
0.27
0.27
0.27
0.27
0.25
0.39
0.27
0.43
0.27
0.27
0.27
0.27
0.25
0.27
0.25
0.27
0.27
0.25
0.33
0.25
0.25
0.25
0.25
0.25
0.25
0.27
0.27
0.27
0.27
0.25
0.25
0.27
0.27
0.25
0.27
0.27
0.27
0.43
0.26
0.27
0.27
0.29
0.29
0.27
0.27
0.25
0.25
0.25
0.25
0.25
0.37
0.24
0.27
0.26
0.27
0.25
0.27
0.27
0.27
0.27
0.27
0.25
0.27
0.20
0.25
0.25
0.25
0.25
0.24
0.25
0.25
0.27
0.27
0.27
0.25
0.25
0.25
0.27
0.25
0.25
0.35
0.25
0.39
0.26
0.25
0.25
0.25
0.25
0.26
0.24
0.25
0.25
0.25
0.23
0.25
0.21
0.25
0.25
0.25
0.41
0.25
0.25
0.26
0.25
0.25
0.25
0.25
0.25
0.24
0.27
