0.18
0.25
0.27
0.25
0.25
0.25
0.26
0.24
0.25
0.25
0.24
0.25
0.25
0.25
0.25
0.25
0.25
0.25
0.25
0.31
0.27
0.24
0.25
0.27
0.25
0.25
0.24
0.25
0.25
0.27
0.23
0.25
0.23
0.25
0.25
0.25
0.25
0.25
0.38
0.25
0.25
0.25
0.25
0.25
0.25
0.25
0.25
0.25
0.25
0.25
0.25
0.31
0.25
0.25
0.25
0.27
0.25
0.26
0.25
0.25
0.25
0.25
0.27
0.25
0.27
0.25
0.27
0.24
0.25
0.25
0.38
0.25
0.25
0.25
0.25
0.25
0.25
0.25
0.24
0.25
0.25
0.27
0.25
0.18
0.25
0.25
0.25
0.25
0.25
0.26
0.24
0.25
0.25
0.25
0.25
0.25
0.25
0.25
0.25
0.25
0.26
0.27
0.31
0.24
0.25
0.25
0.25
0.25
0.27
0.25
0.25
0.24
0.25
0.25
0.25
0.21
0.24
0.25
0.25
0.36
0.25
0.26
0.25
0.25
0.25
0.27
0.25
0.25
0.24
0.25
0.25
0.25
0.18
0.25
0.28
0.24
0.25
0.25
0.26
0.25
0.25
0.24
0.27
0.25
0.25
0.25
0.25
0.23
0.25
0.25
0.25
0.29
0.25
0.37
0.25
0.25
0.25
0.25
0.25
0.25
0.24
0.25
0.25
0.25
0.20
0.25
0.28
0.25
0.25
0.25
0.26
0.25
0.25
0.25
0.25
0.25
0.25
0.24
0.25
0.27
0.23
0.25
0.25
0.27
0.24
0.31
0.25
0.25
0.27
0.25
0.25
0.25
0.25
0.25
0.27
0.25
0.25
0.25
0.25
0.25
0.25
0.24
0.31
0.25
0.24
0.25
0.25
0.25
0.25
0.24
