1.22
1.23
1.22
1.22
1.22
1.22
1.22
1.22
1.22
1.22
1.22
1.22
1.22
1.22
1.22
1.22
1.22
1.22
1.22
1.22
1.22
1.22
1.22
1.22
1.22
1.22
1.22
1.22
1.18
1.22
1.22
1.22
1.22
1.22
1.28
1.22
1.22
1.22
1.22
1.22
1.32
1.22
1.32
1.22
1.22
1.22
1.25
1.22
1.23
1.22
1.22
1.22
1.23
1.22
1.22
1.22
1.22
1.22
1.22
1.22
1.22
1.22
1.22
1.22
1.22
1.22
1.22
1.22
1.22
1.22
1.22
1.22
1.22
1.22
1.22
1.22
1.22
1.22
1.22
1.16
1.20
1.18
1.16
1.16
1.16
1.22
1.14
1.14
1.14
1.14
1.12
1.24
1.14
1.24
1.12
1.12
1.12
1.14
1.12
1.15
1.12
1.14
1.12
1.15
1.14
1.15
1.14
1.14
1.14
1.12
1.12
1.13
1.12
1.12
1.12
1.12
1.12
1.12
1.12
1.12
1.12
1.12
1.12
1.12
1.12
1.12
1.12
1.12
1.12
1.12
1.09
1.12
1.12
1.12
1.12
1.12
1.17
1.12
1.12
1.12
1.12
1.12
1.21
1.12
1.22
1.12
1.12
1.12
1.14
1.12
1.13
1.12
1.12
1.12
1.13
1.12
1.13
1.12
1.12
1.12
1.12
1.12
1.12
1.12
1.12
1.12
1.12
1.12
1.12
1.12
1.12
1.12
1.12
1.12
1.12
1.11
1.12
1.12
1.12
1.12
1.12
1.17
1.12
1.12
1.12
1.12
1.12
1.21
1.12
1.12
1.12
1.12
1.12
1.14
1.12
1.13
1.12
1.12
1.12
1.13
1.12
1.13
1.12
1.12
1.12
1.12
1.12
1.12
1.12
