0.73
0.73
0.75
0.73
0.80
0.73
0.75
0.73
0.73
0.73
0.82
0.73
0.73
0.73
0.73
0.73
0.74
0.73
0.73
0.73
0.73
0.73
0.73
0.73
0.73
0.73
0.73
0.73
0.73
0.73
0.73
0.73
0.73
0.73
0.73
0.73
0.73
0.72
0.73
0.73
0.73
0.68
0.73
0.76
0.73
0.71
0.71
0.78
0.70
0.80
0.71
0.71
0.71
0.71
0.69
0.72
0.70
0.71
0.69
0.69
0.68
0.69
0.68
0.69
0.69
0.69
0.69
0.69
0.68
0.69
0.69
0.68
0.68
0.69
0.68
0.68
0.69
0.69
0.71
0.69
0.69
0.68
0.68
0.71
0.69
0.69
0.65
0.69
0.64
0.68
0.68
0.69
0.72
0.68
0.77
0.69
0.69
0.69
0.78
0.68
0.70
0.68
0.69
0.68
0.69
0.69
0.69
0.69
0.69
0.69
0.69
0.69
0.69
0.68
0.69
0.69
0.68
0.69
0.69
0.68
0.69
0.68
0.71
0.68
0.69
0.68
0.68
0.69
0.68
0.69
0.68
0.64
0.68
0.68
0.69
0.68
0.69
0.72
0.68
0.76
0.69
0.68
0.68
0.71
0.69
0.69
0.68
0.69
0.69
0.69
0.68
0.69
0.68
0.69
0.68
0.69
