0.87
0.87
0.87
0.90
0.87
0.87
0.87
0.87
0.87
0.87
0.87
0.87
0.87
0.87
0.87
0.87
0.87
0.87
0.87
0.87
0.87
0.87
0.87
0.87
0.87
0.87
0.87
0.87
0.87
0.87
0.87
0.87
0.87
0.87
0.81
0.85
0.78
0.83
0.83
0.81
0.84
0.81
0.86
0.81
0.81
0.81
0.88
0.81
0.89
0.81
0.81
0.81
0.81
0.81
0.82
0.81
0.81
0.81
0.81
0.81
0.81
0.81
0.81
0.81
0.81
0.81
0.81
0.81
0.81
0.81
0.81
0.81
0.81
0.81
0.81
0.81
0.81
0.81
0.81
0.81
0.81
0.81
0.81
0.81
0.81
0.76
0.81
0.84
0.83
0.81
0.81
0.85
0.81
0.86
0.82
0.81
0.81
0.89
0.81
0.91
0.81
0.83
0.81
0.81
0.81
0.82
0.81
0.81
0.81
0.81
0.81
0.81
0.83
0.81
0.83
0.81
0.81
0.81
0.81
0.81
0.81
0.82
0.81
0.81
0.81
0.81
0.81
0.81
0.83
0.83
0.80
0.81
0.81
0.81
0.81
0.79
0.84
0.83
0.84
0.81
0.81
0.81
0.87
0.81
0.86
0.81
0.81
0.81
