0.53
0.53
0.53
0.53
0.53
0.53
0.53
0.53
0.53
0.53
0.48
0.53
0.55
0.53
0.53
0.53
0.53
0.53
0.54
0.53
0.53
0.53
0.53
0.53
0.53
0.53
0.53
0.53
0.53
0.53
0.53
0.53
0.53
0.53
0.53
0.53
0.51
0.53
0.51
0.51
0.51
0.51
0.51
0.52
0.51
0.51
0.51
0.51
0.51
0.51
0.51
0.51
0.51
0.51
0.51
0.51
0.51
0.51
0.51
0.51
0.51
0.51
0.45
0.51
0.51
0.51
0.51
0.51
0.52
0.51
0.52
0.51
0.51
0.51
0.51
0.51
0.51
0.51
0.51
0.51
0.51
0.51
0.51
0.51
0.51
0.51
0.51
0.46
0.51
0.54
0.51
0.51
0.51
0.52
0.51
0.51
0.51
0.51
0.51
0.51
0.51
0.51
0.51
0.51
0.51
0.51
0.51
