0.68
0.69
0.68
0.70
0.69
0.69
0.68
0.69
0.68
0.69
0.69
0.69
0.69
0.69
0.68
0.68
0.69
0.68
0.69
0.68
0.64
0.68
0.69
0.69
0.68
0.68
0.72
0.69
0.69
0.69
0.69
0.66
0.75
0.66
0.76
0.67
0.67
0.67
0.67
0.66
0.67
0.67
0.67
0.66
0.67
0.66
0.67
0.67
0.67
0.67
0.66
0.66
0.67
0.66
0.66
0.67
0.66
0.66
0.66
0.66
0.66
0.67
0.67
0.63
0.66
0.70
0.66
0.67
0.66
0.67
0.66
0.75
0.66
0.67
0.66
0.67
0.66
0.67
0.66
0.67
0.67
0.67
0.67
0.67
0.66
0.67
0.67
0.66
0.67
0.67
0.66
0.67
0.66
0.66
0.67
0.67
0.66
0.67
0.66
0.67
0.66
0.66
0.63
0.67
0.69
