0.31
0.37
0.37
0.37
0.35
0.37
0.45
0.37
0.36
0.34
0.35
0.37
0.35
0.35
0.37
0.37
0.37
0.37
0.37
0.37
0.37
0.31
0.34
0.35
0.37
0.41
0.35
0.45
0.37
0.37
0.35
0.35
0.35
0.35
0.34
0.35
0.35
0.35
0.37
0.35
0.35
0.35
0.35
0.35
0.35
0.35
0.39
0.34
0.35
0.35
0.35
0.35
0.35
0.35
0.35
0.35
0.35
0.35
0.35
0.37
0.34
0.35
0.35
0.34
0.35
0.29
0.35
0.35
0.35
0.35
0.35
0.36
0.35
0.35
0.35
0.35
0.35
0.35
0.34
0.35
0.35
0.35
0.35
0.35
0.31
0.34
0.34
0.35
0.35
0.35
0.39
0.35
0.35
0.35
0.35
0.35
0.35
0.34
0.34
0.35
0.35
0.35
0.35
0.35
0.35
0.35
