0.77
0.86
0.77
0.78
0.77
0.77
0.77
0.78
0.77
0.78
0.77
0.77
0.77
0.77
0.77
0.77
0.77
0.77
0.77
0.77
0.77
0.77
0.77
0.77
0.77
0.77
0.77
0.77
0.77
0.77
0.77
0.77
0.76
0.77
0.72
0.77
0.77
0.77
0.77
0.77
0.82
0.77
0.77
0.77
0.77
0.77
0.86
0.77
0.77
0.77
0.77
0.77
0.78
0.77
0.78
0.77
0.77
0.77
0.78
0.77
0.77
0.77
0.77
0.77
0.77
0.77
0.77
0.77
0.77
0.77
0.77
0.77
0.77
0.77
0.77
0.77
0.77
0.77
0.77
0.74
0.77
0.77
0.77
0.72
0.77
0.80
0.77
0.77
0.77
0.77
0.77
0.85
0.77
0.77
0.77
0.77
0.77
0.79
0.77
0.77
0.77
0.77
0.77
0.78
0.77
0.78
0.77
0.77
0.77
0.78
0.77
0.77
0.77
0.77
0.77
0.77
0.77
0.77
0.77
0.77
0.77
0.77
0.77
0.77
0.77
0.77
0.77
0.77
0.73
0.77
0.72
0.77
0.77
0.77
0.81
0.77
0.82
0.77
0.77
0.77
0.77
0.77
0.80
0.77
0.77
0.77
0.77
0.75
0.76
0.75
0.75
0.75
0.75
0.75
0.76
0.75
0.75
0.75
0.75
0.75
0.75
0.75
0.75
0.75
0.75
0.75
0.75
0.75
0.75
0.75
0.75
0.75
0.75
0.71
0.75
0.70
0.75
0.75
0.75
0.78
0.75
0.79
0.75
0.75
0.75
0.84
0.75
0.79
0.75
0.75
0.75
0.75
0.75
0.76
0.75
0.75
0.75
0.75
0.75
0.75
0.75
0.75
0.75
0.75
0.75
0.75
0.75
0.75
0.75
0.75
0.75
0.75
0.75
0.75
0.75
0.75
0.75
0.75
0.71
0.75
0.75
0.75
0.75
0.75
0.78
0.75
0.79
0.75
0.75
0.73
0.78
0.75
0.85
0.75
0.75
0.75
0.76
0.75
0.76
0.75
0.75
0.75
0.75
0.75
0.75
0.75
0.75
0.75
0.75
0.75
0.75
0.75
0.75
0.75
0.75
0.75
0.75
0.75
0.75
0.75
0.75
0.75
0.75
0.70
0.75
0.75
0.75
0.73
0.75
0.79
0.75
0.75
0.73
0.75
0.75
0.84
0.75
0.84
0.75
0.75
0.75
0.76
0.75
0.76
0.75
0.75
0.75
0.73
0.75
0.75
0.75
0.73
0.73
0.75
0.75
0.75
0.75
0.75
0.75
0.75
0.75
0.75
0.75
0.75
0.75
0.73
0.70
0.75
0.78
0.75
0.75
0.75
0.73
0.75
0.82
0.75
0.75
0.75
0.75
0.75
0.84
0.75
0.75
0.73
0.75
0.75
0.76
0.75
0.76
0.75
0.75
0.75
0.75
0.75
0.75
0.73
0.75
0.75
0.75
0.75
0.75
0.75
0.75
0.75
0.75
0.75
0.75
0.74
0.75
0.75
0.75
0.70
0.75
0.78
0.75
0.75
0.75
0.82
0.75
0.84
0.75
0.75
0.75
0.75
0.75
0.76
0.75
0.75
0.75
0.75
0.73
0.74
0.73
0.73
0.73
0.73
0.73
0.73
0.73
0.73
0.73
0.73
0.73
0.73
0.73
0.73
0.73
0.73
0.73
0.73
0.70
0.73
0.73
0.73
0.73
0.73
0.75
0.73
0.76
0.73
0.73
0.73
0.82
0.73
0.75
0.73
0.73
0.73
0.74
0.73
0.74
0.73
0.73
0.73
0.73
0.73
0.73
0.73
0.73
0.73
0.73
0.73
0.73
0.73
0.73
0.73
0.73
0.73
0.73
0.72
0.73
0.73
0.73
0.73
0.73
0.68
0.73
0.73
0.73
0.73
0.73
0.78
0.73
0.77
0.73
0.73
0.73
0.62
0.73
0.75
0.73
0.73
0.83
0.62
0.92
0.74
0.73
0.73
0.73
0.73
0.73
0.75
0.73
0.73
0.73
0.73
0.73
0.73
0.73
0.73
0.73
0.73
0.73
0.73
0.73
0.75
0.73
0.73
0.69
0.71
0.75
0.73
