0.52
0.49
0.49
0.49
0.58
0.49
0.50
0.49
0.49
0.49
0.49
0.49
0.51
0.51
0.49
0.51
0.51
0.49
0.49
0.49
0.49
0.49
0.49
0.47
0.49
0.43
0.49
0.49
0.49
0.54
0.49
0.57
0.49
0.49
0.49
0.49
0.49
0.49
0.49
0.49
0.49
0.49
0.49
0.49
0.49
0.49
0.49
0.49
0.49
0.49
0.49
0.49
0.49
0.49
0.49
0.49
0.51
0.49
0.49
0.49
0.49
0.49
0.50
0.49
0.49
0.49
0.49
0.49
0.49
0.49
0.49
0.49
0.49
0.49
0.49
0.49
0.49
0.49
0.49
0.49
0.49
0.49
0.49
0.49
0.49
0.49
0.49
0.49
0.49
0.56
0.49
0.49
0.49
0.48
0.49
0.49
0.49
0.49
0.49
0.49
0.49
0.49
0.49
0.49
0.49
0.47
0.49
0.49
0.49
0.47
0.49
0.49
0.43
0.48
0.52
0.49
0.49
0.49
0.57
0.49
0.50
0.49
0.49
0.47
0.49
0.47
0.49
0.49
0.49
