0.99
0.98
0.99
0.98
0.98
0.98
0.99
0.98
0.99
0.98
0.98
0.98
0.98
0.98
0.98
0.98
0.98
0.98
0.98
0.98
0.98
0.98
0.98
0.99
0.98
0.98
0.98
0.98
0.98
0.98
0.98
0.98
0.98
0.98
0.98
0.98
0.98
0.98
0.98
0.94
0.98
0.98
0.98
0.96
0.96
1.01
0.96
1.01
0.94
0.94
0.95
1.01
0.94
1.02
0.95
0.94
0.94
1.03
0.92
1.01
0.92
0.93
0.92
0.92
0.92
0.93
0.92
0.92
0.92
0.92
0.92
0.93
0.92
0.92
0.92
0.92
0.93
0.93
0.92
0.93
0.93
0.93
0.92
0.93
0.92
0.93
0.93
0.93
0.92
0.93
0.93
0.92
0.92
0.93
0.92
0.92
0.93
0.92
0.89
0.92
0.93
0.93
0.88
0.92
0.88
0.92
0.93
0.92
0.96
0.92
0.96
0.92
0.92
0.93
0.93
0.92
1.01
0.92
0.92
0.93
0.93
0.92
0.93
0.92
0.92
0.92
0.92
0.93
0.93
0.92
0.93
0.92
0.93
0.93
0.93
0.92
0.93
0.92
0.92
0.93
0.93
0.92
0.93
0.92
0.92
0.92
0.92
0.92
0.92
0.92
0.93
0.93
0.93
0.93
0.92
0.92
0.92
0.92
0.92
0.90
0.92
0.89
0.92
0.93
0.92
0.92
0.92
0.96
0.92
0.92
0.93
