0.49
0.47
0.49
0.49
0.49
0.49
0.47
0.49
0.44
0.49
0.51
0.49
0.49
0.49
0.49
0.49
0.58
0.49
0.49
0.49
0.49
0.47
0.47
0.47
0.47
0.47
0.47
0.47
0.47
0.47
0.47
0.47
0.47
0.47
0.47
0.42
0.47
0.47
0.47
0.47
0.47
0.55
0.47
0.47
0.47
0.47
0.47
0.47
0.47
0.47
0.47
0.47
0.47
0.47
0.47
0.47
0.47
0.47
0.47
0.47
0.42
0.47
0.47
0.47
0.47
0.47
0.55
0.47
0.48
0.47
0.47
0.47
0.47
0.47
0.47
0.47
0.47
0.47
0.47
0.47
0.47
0.47
0.47
0.47
0.47
0.42
0.47
0.49
0.47
0.47
0.47
0.55
0.47
0.48
0.47
0.47
0.47
0.47
0.47
0.47
0.47
0.47
0.47
0.47
0.47
0.47
0.47
0.47
