0.25
0.25
0.27
0.25
0.25
0.25
0.25
0.25
0.25
0.31
0.25
0.26
0.25
0.25
0.25
0.25
0.22
0.25
0.25
0.25
0.25
0.23
0.19
0.25
0.25
0.25
0.24
0.25
0.26
0.25
0.25
0.25
0.23
0.24
0.23
0.24
0.23
0.23
0.23
0.23
0.23
0.33
0.23
0.25
0.23
0.23
0.25
0.25
0.24
0.25
0.25
0.25
0.24
0.25
0.27
0.25
0.25
0.24
0.25
0.25
0.23
0.24
0.25
0.25
0.25
0.25
0.25
0.20
0.25
0.24
0.23
0.25
0.24
0.26
0.25
0.25
0.27
0.25
0.25
0.25
0.25
0.24
0.25
0.25
0.27
0.25
0.31
0.25
0.25
0.25
0.25
0.24
0.27
0.24
0.25
0.25
0.25
0.23
0.25
0.18
0.24
0.25
0.25
0.26
0.24
0.23
0.25
0.25
0.25
0.25
0.25
