0.43
0.43
0.43
0.43
0.43
0.43
0.43
0.43
0.38
0.43
0.45
0.43
0.43
0.43
0.51
0.43
0.44
0.43
0.43
0.43
0.43
0.43
0.44
0.43
0.43
0.43
0.43
0.43
0.43
0.43
0.43
0.43
0.43
0.38
0.43
0.48
0.43
0.43
0.43
0.43
0.43
0.47
0.43
0.43
0.43
0.43
0.43
0.43
0.43
0.41
0.43
0.43
0.42
0.41
0.41
0.41
0.43
0.42
0.41
0.41
0.44
0.43
0.42
0.41
0.42
0.42
0.53
0.43
0.43
0.43
0.43
0.41
0.42
0.43
0.43
0.43
0.43
0.43
0.43
0.41
0.43
0.41
0.43
0.41
0.43
0.44
0.41
0.41
0.42
0.41
0.41
0.43
0.43
0.43
0.43
0.41
0.41
0.42
0.41
0.41
0.43
0.42
0.42
0.41
0.41
0.41
0.41
0.41
0.41
0.41
0.44
0.41
0.46
0.41
0.41
0.42
0.43
0.41
0.42
0.41
0.41
0.42
0.42
0.41
0.41
0.41
0.41
0.41
0.41
0.43
0.42
0.36
0.42
0.41
0.41
0.44
0.41
0.46
0.41
0.43
0.41
0.44
