0.55
0.55
0.55
0.55
0.62
0.55
0.64
0.55
0.55
0.55
0.56
0.55
0.55
0.55
0.55
0.55
0.55
0.55
0.55
0.55
0.55
0.55
0.55
0.55
0.55
0.51
0.55
0.55
0.55
0.58
0.55
0.60
0.55
0.55
0.55
0.64
0.55
0.56
0.55
0.55
0.55
0.55
0.55
0.55
0.55
0.55
0.55
0.55
0.55
0.55
0.55
0.55
0.55
0.55
0.51
0.55
0.56
0.55
0.55
0.55
0.55
0.55
0.62
0.55
0.55
0.55
0.55
0.55
0.55
0.55
0.55
0.55
0.53
0.53
0.53
0.53
0.53
0.53
0.53
0.53
0.53
0.48
0.53
0.53
0.53
0.53
0.53
0.56
0.53
0.53
0.53
0.53
0.53
0.54
0.53
0.53
0.53
0.53
0.53
0.53
0.53
0.53
0.53
0.53
0.53
0.53
0.53
0.53
0.53
0.53
0.53
0.53
0.55
0.53
0.58
0.53
0.53
0.53
0.54
0.53
0.53
0.53
0.53
0.53
0.53
0.53
0.53
0.53
0.53
0.53
0.53
0.53
0.53
0.51
0.53
0.53
0.53
0.55
0.53
0.56
0.53
0.53
0.53
0.55
0.53
0.53
0.53
0.53
0.53
0.53
0.53
0.53
