0.27
0.27
0.23
0.26
0.27
0.27
0.27
0.27
0.40
0.27
0.26
0.27
0.27
0.27
0.27
0.27
0.27
0.27
0.27
0.27
0.27
0.22
0.27
0.27
0.27
0.27
0.27
0.40
0.27
0.27
0.26
0.27
0.27
0.27
0.26
0.27
0.27
0.26
0.27
0.27
0.32
0.27
0.27
0.27
0.27
0.27
0.28
0.26
0.27
0.27
0.27
0.26
0.27
0.26
0.27
0.27
0.27
0.25
0.24
0.33
0.27
0.27
0.29
0.29
0.24
0.25
0.24
0.27
0.27
0.27
0.27
0.27
0.29
0.27
0.27
0.27
0.27
0.27
0.33
0.27
0.27
0.27
0.27
0.26
0.27
0.27
0.26
0.27
0.26
0.27
0.27
0.26
0.26
0.27
0.27
0.27
0.26
0.39
0.26
0.27
0.27
0.27
0.27
0.27
0.29
0.26
0.29
0.27
0.63
0.27
0.23
0.34
0.27
0.27
0.19
0.26
0.72
0.28
0.27
0.27
0.29
0.42
0.27
0.28
0.31
0.53
0.29
0.15
0.54
0.29
0.29
0.29
0.29
0.29
0.79
0.28
0.28
0.29
0.27
0.27
0.26
0.25
0.26
0.26
0.27
0.26
0.27
0.39
0.26
0.27
0.27
0.26
0.26
0.27
