0.67
0.67
0.67
0.71
0.66
0.75
0.67
0.67
0.66
0.68
0.66
0.67
0.66
0.67
0.66
0.67
0.67
0.67
0.66
0.66
0.67
0.67
0.66
0.67
0.66
0.66
0.67
0.66
0.67
0.67
0.67
0.66
0.67
0.67
0.66
0.66
0.63
0.66
0.66
0.67
0.66
0.66
0.72
0.66
0.67
0.67
0.67
0.67
0.70
0.66
0.68
0.67
0.67
0.67
0.67
0.67
0.67
0.66
0.67
0.67
0.67
0.66
0.67
0.66
0.67
0.66
0.67
0.67
0.66
0.66
0.66
0.66
0.67
0.63
0.66
0.69
0.66
0.67
0.67
0.74
0.66
0.76
0.66
0.67
0.66
0.67
0.67
0.68
0.66
0.66
0.66
0.67
0.67
0.67
0.66
0.67
0.67
0.66
0.67
0.67
0.66
0.67
0.67
0.67
0.67
0.67
0.66
0.67
0.67
0.67
0.67
0.66
0.70
0.66
0.66
0.66
0.67
0.67
0.70
0.65
0.74
0.65
0.65
0.65
0.66
0.65
0.65
0.65
0.65
0.65
0.65
0.65
0.65
0.65
0.65
0.63
0.65
0.63
0.65
0.65
0.65
0.63
0.65
0.63
0.65
0.63
0.63
0.63
0.63
0.58
0.63
0.67
0.63
0.65
0.65
0.63
0.63
0.66
0.65
0.65
0.63
0.63
0.63
0.65
0.63
0.65
0.63
0.63
0.63
0.65
0.63
0.65
0.65
0.65
0.65
0.65
0.63
0.63
0.65
0.65
0.63
0.65
0.63
0.63
0.63
0.65
0.65
0.65
0.67
0.63
0.70
0.63
0.65
0.63
0.64
0.65
0.64
0.63
0.63
0.65
0.64
0.65
0.63
0.65
0.63
0.65
0.63
0.63
0.65
0.65
0.65
0.63
0.63
0.65
0.63
0.63
0.65
0.63
0.63
0.60
0.65
