0.29
0.29
0.29
0.29
0.48
0.29
0.29
0.29
0.29
0.29
0.29
0.29
0.29
0.29
0.29
0.29
0.29
0.29
0.29
0.29
0.29
0.29
0.29
0.27
0.29
0.29
0.29
0.29
0.29
0.44
0.29
0.50
0.29
0.29
0.29
0.31
0.29
0.30
0.29
0.29
0.29
0.29
0.29
0.29
0.31
0.29
0.29
0.29
0.31
0.29
0.29
0.31
0.29
0.29
0.29
0.29
0.23
0.29
0.31
0.29
0.43
0.29
0.46
0.29
0.31
0.29
0.29
0.29
0.29
0.29
0.29
0.29
0.29
0.29
0.29
0.29
0.29
0.29
0.29
0.29
0.29
0.29
0.29
0.29
0.29
0.29
0.29
0.44
0.29
0.29
0.29
0.29
0.29
0.51
0.29
0.29
0.29
0.29
0.29
0.30
0.29
0.29
0.29
0.29
0.29
0.29
0.29
0.31
