0.31
0.31
0.31
0.31
0.31
0.32
0.33
0.31
0.31
0.31
0.31
0.33
0.31
0.33
0.33
0.31
0.31
0.31
0.31
0.31
0.31
0.31
0.31
0.31
0.27
0.31
0.31
0.31
0.33
0.31
0.25
0.31
0.57
0.31
0.31
0.31
0.56
0.31
0.60
0.31
0.31
0.31
0.31
0.31
0.31
0.31
0.33
0.31
0.33
0.31
0.31
0.33
0.31
0.31
0.31
0.33
0.31
0.31
0.31
0.31
0.31
0.31
0.33
0.33
0.33
0.31
0.31
0.31
0.31
0.55
0.33
0.33
0.31
0.31
0.31
0.53
0.31
0.55
0.31
0.33
0.31
0.34
0.33
0.34
0.33
0.33
0.33
0.34
0.33
0.33
0.31
0.33
0.33
0.34
0.33
0.34
0.33
0.33
0.33
0.33
0.33
0.33
0.33
0.34
0.33
0.33
0.33
0.33
0.33
0.33
0.33
0.33
0.33
0.33
0.27
0.33
0.33
0.33
0.33
0.33
0.62
0.33
0.33
0.33
0.33
0.33
0.65
0.33
0.35
0.33
0.33
0.33
0.34
0.33
0.34
0.33
0.33
0.33
0.34
0.33
0.34
0.33
0.33
0.33
0.33
0.33
0.33
0.33
0.34
0.33
0.33
0.33
0.33
0.35
0.33
0.33
0.33
0.33
0.33
0.33
0.33
0.33
0.33
0.33
0.33
0.33
0.33
