0.29
0.31
0.29
0.29
0.29
0.29
0.31
0.29
0.29
0.31
0.29
0.29
0.26
0.29
0.29
0.29
0.43
0.29
0.44
0.29
0.31
0.29
0.50
0.29
0.30
0.29
0.29
0.29
0.29
0.29
0.31
0.31
0.29
0.29
0.29
0.29
0.31
0.29
0.29
0.29
0.29
0.23
0.29
0.41
0.29
0.29
0.29
0.31
0.29
0.47
0.29
0.29
0.29
0.29
0.29
0.29
0.29
0.29
0.29
0.29
0.29
0.29
0.29
0.29
0.29
0.29
0.29
0.29
0.28
0.29
0.29
0.31
0.29
0.29
0.41
0.29
0.29
0.31
0.29
0.29
0.30
0.31
0.30
0.29
0.29
0.29
0.29
0.29
0.29
0.29
0.29
0.29
0.31
0.31
0.29
0.29
0.31
0.29
0.31
0.40
0.29
0.42
0.29
0.29
0.29
0.49
0.29
0.30
0.31
0.31
0.29
0.31
0.29
0.29
0.29
0.29
0.29
0.29
0.29
0.29
0.29
0.29
0.29
0.31
0.25
0.31
0.39
0.29
0.29
0.29
0.46
0.29
0.49
0.29
0.29
0.29
0.29
0.29
0.29
0.29
0.29
0.29
0.29
0.31
0.29
0.29
0.29
0.29
0.29
0.28
0.28
0.23
0.29
0.29
0.29
0.29
0.29
0.46
0.29
0.29
0.29
0.29
0.29
0.29
0.29
0.29
0.29
0.29
0.29
0.29
0.29
0.29
0.29
0.29
0.29
0.29
0.29
0.29
0.29
0.29
0.29
0.29
0.41
0.29
0.29
0.29
0.29
0.29
0.48
0.29
0.30
0.29
0.29
0.29
0.29
0.29
0.29
0.29
0.29
0.29
0.29
0.29
0.29
0.29
0.29
0.29
0.29
0.24
0.29
0.23
0.29
0.29
0.31
0.43
0.29
0.48
0.29
0.29
0.29
0.30
0.29
0.29
0.29
0.29
0.29
0.29
0.29
0.29
0.29
0.29
0.29
0.29
0.29
0.29
0.29
0.29
0.29
0.29
0.23
0.29
0.42
0.29
0.29
0.29
0.29
0.29
0.48
0.29
0.29
0.29
0.29
0.29
0.29
0.29
0.29
0.29
0.29
0.29
0.29
0.29
0.29
0.29
0.29
0.29
0.29
0.28
0.28
0.29
0.29
0.29
0.29
0.42
0.29
0.29
0.29
0.29
0.29
0.48
0.29
0.30
0.29
0.29
0.29
0.29
0.29
0.29
0.29
0.29
0.29
0.29
0.29
0.29
0.29
0.29
0.29
0.29
0.27
0.29
