0.29
0.29
0.29
0.29
0.29
0.48
0.29
0.30
0.29
0.29
0.29
0.30
0.29
0.29
0.29
0.29
0.29
0.29
0.29
0.29
0.29
0.29
0.29
0.29
0.29
0.29
0.28
0.29
0.29
0.29
0.23
0.29
0.43
0.29
0.29
0.29
0.46
0.29
0.49
0.29
0.29
0.29
0.29
0.29
0.30
0.29
0.29
0.29
0.29
0.29
0.29
0.29
0.29
0.29
0.29
0.29
0.29
0.24
0.29
0.29
0.29
0.29
0.29
0.43
0.29
0.29
0.29
0.29
0.29
0.30
0.29
0.29
0.29
0.29
0.29
0.30
0.29
0.29
0.29
0.29
0.29
0.29
0.29
0.29
0.29
0.29
0.29
0.29
0.24
0.29
0.29
0.29
0.29
0.29
0.44
0.31
0.50
0.29
0.29
0.29
0.30
0.29
0.29
0.29
0.29
0.29
0.29
0.29
0.29
0.29
0.29
0.29
0.29
0.29
0.29
0.29
0.29
0.29
0.29
0.23
0.29
0.23
0.29
0.29
0.29
0.46
0.29
0.46
0.29
0.29
0.29
0.29
0.29
0.30
0.29
0.29
0.29
0.29
0.29
0.29
0.29
0.29
0.29
0.29
0.29
0.29
0.29
0.29
0.29
0.29
0.29
0.29
0.23
0.29
0.29
0.29
0.29
0.29
0.46
0.29
0.29
0.29
0.29
0.29
0.30
0.29
0.30
0.29
0.29
0.29
0.29
0.29
0.29
0.29
0.29
0.29
0.29
0.29
0.29
0.29
0.29
0.29
0.29
0.23
0.29
0.43
0.29
0.29
0.29
0.46
0.29
0.49
0.29
