528;0;0;17.0;17.0
1092	0
1092	
633;0;0;17.0;18.0
1197	0
1197	
738;0;0;17.0;17.0
1302	0
1302	
843;0;0;18.0;18.0
1407	0
1407	
948;0;0;17.0;17.0
1512	0
1512	
1053;0;0;17.0;17.0
1617	0
1617	
1158;0;0;16.0;18.0
1722	0
1722	
1263;0;0;17.0;17.0
1827	0
1827	
1368;0;0;17.0;18.0
1937	0
1937	
1473;0;0;17.0;17.0
2037	0
2037	
1578;0;0;17.0;17.0
2142	0
2142	
1683;0;0;17.0;18.0
2247	0
2247	
1788;0;0;17.0;17.0
2352	0
2352	
1893;0;0;17.0;17.0
2457	0
2457	
1998;0;0;17.0;17.0
2562	0
2562	
2104;0;0;17.0;18.0
2667	0
2667	
2208;0;0;17.0;17.0
2779	0
2779	
2313;0;0;17.0;17.0
2878	0
2878	
2418;0;0;17.0;18.0
2983	0
2983	
2523;0;0;17.0;17.0
3089	0
3089	
2628;0;0;17.0;17.0
3194	0
3194	
2735;0;0;17.0;36.0
3299	0
3299	
2840;0;0;17.0;16.0
3407	0
3407	
2945;0;0;17.0;18.0
3511	0
3511	
3050;0;0;17.0;17.0
3619	0
3619	
3155;0;0;17.0;17.0
3722	0
3722	
3262;0;0;16.0;18.0
3829	0
3829	
3370;0;0;18.0;17.0
3934	0
3934	
3475;0;0;16.0;17.0
4039	0
4039	
3580;0;0;17.0;18.0
4144	0
4144	
3685;0;0;17.0;17.0
4249	0
4249	
3790;0;0;17.0;17.0
4354	0
4354	
3895;0;0;17.0;17.0
4459	0
4459	
4000;0;0;16.0;17.0
4573	0
4573	
4112;0;0;17.0;18.0
4676	0
4676	
4217;0;0;17.0;17.0
4781	0
4781	
4322;0;0;17.0;17.0
4886	0
4886	
4427;0;0;17.0;17.0
4991	0
4991	
4532;0;0;17.0;18.0
5096	0
5096	
4637;0;0;17.0;17.0
5202	0
5202	
4742;0;0;17.0;17.0
5308	0
5308	
4847;0;0;17.0;18.0
5419	0
5419	
4952;0;0;16.0;17.0
5518	0
5518	
5059;0;0;17.0;34.0
5623	0
5623	
5164;0;0;17.0;18.0
5728	0
5728	
5269;0;0;17.0;17.0
5834	0
5834	
5374;0;0;17.0;17.0
5938	0
5938	
5479;0;0;17.0;17.0
6043	0
6043	
5584;0;0;16.0;17.0
6148	0
6148	
5689;0;0;17.0;18.0
6253	0
6253	
5794;0;0;17.0;17.0
6369	0
6369	
5899;0;0;17.0;17.0
6470	0
6470	
6009;0;0;17.0;17.0
6575	0
6575	
6114;0;0;17.0;17.0
6681	0
6681	
6219;0;0;16.0;18.0
6787	0
6787	
6328;0;0;17.0;17.0
6892	0
6892	
6433;0;0;17.0;17.0
6997	0
6997	
6538;0;0;17.0;17.0
7102	0
7102	
6643;0;0;17.0;17.0
7211	0
7211	
6748;0;0;17.0;18.0
7312	0
7312	
6853;0;0;16.0;17.0
7417	0
7417	
6958;0;0;17.0;17.0
7522	0
7522	
7063;0;0;17.0;18.0
7628	0
7628	
7168;0;0;17.0;17.0
7733	0
7733	
7273;0;0;17.0;17.0
7839	0
7839	
7378;0;0;17.0;17.0
7944	0
7944	
7485;0;0;17.0;35.0
8049	0
8049	
7590;0;0;17.0;16.0
8163	0
8163	
7695;0;0;16.0;17.0
8265	0
8265	
7806;0;0;17.0;17.0
8370	0
8370	
7912;0;0;17.0;17.0
8475	0
8475	
8016;0;0;17.0;18.0
8580	0
8580	
8121;0;0;17.0;16.0
8685	0
8685	
8226;0;0;16.0;18.0
8790	0
8790	
8331;0;0;17.0;17.0
8895	0
8895	
8436;0;0;17.0;17.0
9004	0
9004	
8541;0;0;17.0;17.0
9105	0
9105	
8646;0;0;17.0;17.0
9210	0
9210	
8751;0;0;16.0;18.0
9315	0
9315	
8856;0;0;17.0;17.0
9420	0
9420	
8961;0;0;17.0;17.0
9528	0
9528	
9066;0;0;17.0;18.0
9632	0
9632	
9171;0;0;17.0;17.0
9738	0
9738	
9276;0;0;16.0;17.0
9844	0
9844	
9385;0;0;17.0;17.0
9959	0
9959	
9490;0;0;17.0;18.0
10059	0
10059	
9599;0;0;17.0;17.0
10165	0
10165	
9704;0;0;17.0;18.0
10270	0
10270	
9811;0;0;17.0;34.0
10375	0
10375	
9917;0;0;16.0;17.0
10480	0
10480	
10021;0;0;17.0;17.0
10585	0
10585	
10126;0;0;17.0;18.0
10690	0
10690	
10231;0;0;17.0;17.0
10798	0
10798	
10336;0;0;16.0;17.0
10900	0
10900	
10441;0;0;17.0;17.0
11005	0
11005	
10546;0;0;17.0;17.0
11110	0
11110	
10651;0;0;17.0;17.0
11215	0
11215	
10756;0;0;17.0;17.0
11320	0
11320	
10861;0;0;17.0;17.0
11425	0
11425	
10966;0;0;16.0;17.0
11530	0
11530	
11071;0;0;17.0;17.0
11636	0
11636	
11176;0;0;17.0;18.0
11747	0
11747	
11281;0;0;17.0;17.0
11849	0
11849	
11390;0;0;17.0;17.0
11954	0
11954	
11495;0;0;16.0;17.0
12059	0
12059	
11600;0;0;17.0;17.0
12164	0
12164	
11705;0;0;17.0;18.0
12269	0
12269	
11810;0;0;17.0;17.0
12374	0
12374	
11915;0;0;17.0;17.0
12479	0
12479	
12021;0;0;16.0;17.0
12592	0
12592	
12125;0;0;17.0;17.0
12694	0
12694	
12230;0;0;17.0;17.0
12799	0
12799	
12336;0;0;17.0;18.0
12904	0
12904	
12442;0;0;17.0;17.0
13008	0
13008	
12547;0;0;17.0;17.0
13114	0
13114	
12654;0;0;16.0;18.0
13220	0
13220	
12761;0;0;17.0;17.0
13325	0
13325	
12866;0;0;17.0;17.0
13430	0
13430	
12971;0;0;17.0;17.0
13544	0
13544	
13080;0;0;17.0;17.0
13646	0
13646	
13187;0;0;16.0;18.0
13751	0
13751	
13292;0;0;17.0;17.0
13856	0
13856	
13397;0;0;17.0;17.0
13961	0
13961	
13502;0;0;17.0;17.0
14066	0
14066	
13607;0;0;16.0;17.0
14171	0
14171	
13712;0;0;17.0;17.0
14276	0
14276	
13817;0;0;17.0;17.0
14389	0
14389	
13923;0;0;17.0;18.0
14486	0
14486	
14027;0;0;17.0;17.0
14591	0
14591	
14132;0;0;16.0;17.0
14696	0
14696	
14237;0;0;17.0;17.0
14801	0
14801	
14342;0;0;17.0;17.0
14906	0
14906	
14447;0;0;17.0;18.0
15012	0
15012	
14552;0;0;16.0;17.0
15118	0
15118	
14657;0;0;17.0;17.0
15223	0
15223	
14764;0;0;17.0;17.0
15337	0
15337	
14875;0;0;17.0;18.0
15441	0
15441	
14982;0;0;17.0;18.0
15546	0
15546	
15087;0;0;17.0;17.0
15653	0
15653	
15192;0;0;17.0;17.0
15758	0
15758	
15297;0;0;17.0;17.0
15864	0
15864	
15404;0;0;16.0;17.0
15971	0
15971	
15512;0;0;17.0;18.0
16076	0
16076	
15617;0;0;17.0;17.0
16189	0
16189	
15722;0;0;17.0;17.0
16286	0
16286	
15827;0;0;16.0;17.0
16391	0
16391	
15932;0;0;17.0;17.0
16496	0
16496	
16037;0;0;17.0;17.0
16601	0
16601	
16142;0;0;17.0;17.0
16706	0
16706	
16247;0;0;16.0;18.0
16811	0
16811	
16352;0;0;17.0;17.0
16916	0
16916	
16457;0;0;17.0;17.0
17021	0
17021	
16562;0;0;17.0;17.0
17126	0
17126	
16667;0;0;16.0;17.0
17231	0
17231	
16772;0;0;17.0;17.0
17336	0
17336	
16877;0;0;17.0;17.0
17442	0
17442	
16982;0;0;17.0;17.0
17547	0
17547	
17087;0;0;16.0;18.0
17653	0
17653	
17192;0;0;17.0;17.0
17758	0
17758	
17299;0;0;17.0;18.0
17863	0
17863	
17404;0;0;17.0;17.0
17975	0
17975	
17509;0;0;17.0;17.0
18073	0
18073	
17614;0;0;17.0;17.0
18178	0
18178	
17719;0;0;16.0;18.0
18283	0
18283	
17824;0;0;17.0;17.0
18388	0
18388	
17930;0;0;17.0;17.0
18493	0
18493	
18034;0;0;16.0;17.0
18598	0
18598	
18139;0;0;16.0;18.0
18703	0
18703	
18244;0;0;17.0;17.0
18808	0
18808	
18349;0;0;17.0;17.0
18913	0
18913	
18454;0;0;17.0;17.0
19018	0
19018	
18559;0;0;16.0;17.0
19125	0
19125	
18664;0;0;17.0;17.0
19231	0
19231	
18769;0;0;17.0;18.0
19335	0
19335	
18874;0;0;17.0;17.0
19440	0
19440	
18981;0;0;17.0;17.0
19545	0
19545	
19086;0;0;16.0;18.0
19650	0
19650	
19191;0;0;17.0;17.0
19764	0
19764	
19296;0;0;17.0;17.0
19860	0
19860	
19401;0;0;17.0;18.0
19965	0
19965	
19506;0;0;16.0;17.0
20072	0
20072	
19611;0;0;17.0;17.0
20176	0
20176	
19716;0;0;17.0;18.0
20282	0
20282	
19821;0;0;17.0;17.0
20387	0
20387	
19928;0;0;17.0;34.0
20492	0
20492	
20033;0;0;16.0;18.0
20597	0
20597	
20138;0;0;17.0;17.0
20702	0
20702	
20243;0;0;17.0;17.0
20807	0
20807	
20348;0;0;17.0;18.0
20912	0
20912	
20453;0;0;17.0;17.0
21017	0
21017	
20558;0;0;16.0;17.0
21122	0
21122	
20663;0;0;17.0;18.0
21227	0
21227	
20768;0;0;17.0;17.0
21332	0
21332	
20873;0;0;16.0;17.0
21437	0
21437	
20978;0;0;17.0;17.0
21551	0
21551	
21083;0;0;17.0;18.0
21651	0
21651	
21192;0;0;17.0;17.0
21756	0
21756	
21297;0;0;17.0;17.0
21861	0
21861	
21402;0;0;16.0;18.0
21966	0
21966	
21507;0;0;17.0;17.0
22071	0
22071	
21612;0;0;17.0;17.0
22176	0
22176	
21717;0;0;17.0;18.0
22285	0
22285	
21822;0;0;16.0;17.0
22394	0
22394	
21927;0;0;17.0;17.0
22493	0
22493	
22033;0;0;17.0;17.0
22599	0
22599	
22139;0;0;17.0;18.0
22706	0
22706	
22246;0;0;17.0;17.0
22811	0
22811	
22351;0;0;17.0;18.0
22917	0
22917	
22457;0;0;17.0;17.0
23022	0
23022	
22563;0;0;17.0;18.0
23127	0
23127	
22668;0;0;17.0;17.0
23232	0
23232	
22773;0;0;16.0;18.0
23346	0
23346	
22885;0;0;17.0;17.0
23449	0
23449	
22990;0;0;17.0;17.0
23554	0
23554	
23095;0;0;16.0;17.0
23659	0
23659	
23200;0;0;17.0;18.0
23764	0
23764	
23305;0;0;17.0;17.0
23869	0
23869	
23410;0;0;17.0;17.0
23974	0
23974	
23515;0;0;16.0;18.0
24079	0
24079	
23620;0;0;16.0;17.0
24192	0
24192	
23725;0;0;17.0;17.0
24289	0
24289	
23830;0;0;17.0;18.0
24394	0
24394	
23936;0;0;17.0;17.0
24499	0
24499	
24040;0;0;17.0;17.0
24604	0
24604	
24145;0;0;16.0;17.0
24709	0
24709	
24250;0;0;17.0;18.0
24814	0
24814	
24355;0;0;17.0;17.0
24919	0
24919	
24460;0;0;16.0;17.0
25025	0
25025	
24565;0;0;17.0;17.0
25129	0
25129	
24670;0;0;17.0;17.0
25235	0
25235	
24775;0;0;17.0;18.0
25340	0
25340	
24880;0;0;17.0;17.0
25446	0
25446	
24985;0;0;16.0;17.0
25551	0
25551	
25092;0;0;16.0;35.0
25658	0
25658	
25197;0;0;17.0;17.0
25763	0
25763	
25302;0;0;17.0;17.0
25869	0
25869	
25407;0;0;16.0;17.0
25986	0
25986	
25516;0;0;17.0;18.0
26087	0
26087	
25628;0;0;17.0;17.0
26192	0
26192	
25733;0;0;16.0;17.0
26297	0
26297	
25838;0;0;17.0;18.0
26402	0
26402	
25943;0;0;17.0;17.0
26507	0
26507	
26048;0;0;17.0;17.0
26612	0
26612	
26153;0;0;16.0;17.0
26717	0
26717	
26258;0;0;17.0;17.0
26827	0
26827	
26363;0;0;17.0;18.0
26927	0
26927	
26468;0;0;17.0;17.0
27032	0
27032	
26573;0;0;16.0;17.0
27137	0
27137	
26678;0;0;17.0;17.0
27242	0
27242	
26783;0;0;17.0;18.0
27347	0
27347	
26888;0;0;17.0;17.0
27452	0
27452	
26993;0;0;17.0;17.0
27557	0
27557	
27098;0;0;16.0;17.0
27663	0
27663	
27203;0;0;17.0;18.0
27778	0
27778	
27316;0;0;17.0;17.0
27883	0
27883	
27424;0;0;17.0;19.0
27988	0
27988	
27529;0;0;17.0;17.0
28093	0
28093	
27634;0;0;17.0;17.0
28198	0
28198	
27740;0;0;16.0;17.0
28303	0
28303	
27844;0;0;17.0;18.0
28408	0
28408	
27949;0;0;17.0;17.0
28514	0
28514	
28054;0;0;17.0;17.0
28630	0
28630	
28159;0;0;17.0;18.0
28723	0
28723	
28264;0;0;16.0;17.0
28828	0
28828	
28369;0;0;17.0;17.0
28935	0
28935	
28474;0;0;17.0;17.0
29041	0
29041	
28579;0;0;16.0;18.0
29145	0
29145	
28684;0;0;17.0;17.0
29250	0
29250	
28791;0;0;17.0;17.0
29355	0
29355	
28896;0;0;17.0;17.0
29464	0
29464	
29001;0;0;16.0;18.0
29565	0
29565	
29106;0;0;17.0;17.0
29670	0
29670	
29211;0;0;17.0;17.0
29775	0
29775	
29316;0;0;17.0;17.0
29880	0
29880	
29421;0;0;16.0;17.0
29985	0
29985	
29526;0;0;17.0;18.0
30090	0
30090	
29631;0;0;17.0;17.0
30197	0
30197	
29736;0;0;17.0;17.0
30302	0
30302	
29842;0;0;16.0;18.0
30416	0
30416	
29948;0;0;17.0;17.0
30518	0
30518	
30059;0;0;17.0;18.0
30623	0
30623	
30164;0;0;17.0;18.0
30728	0
30728	
30269;0;0;17.0;17.0
30833	0
30833	
30374;0;0;17.0;17.0
30938	0
30938	
30479;0;0;17.0;17.0
31043	0
31043	
30584;0;0;16.0;18.0
31148	0
31148	
30689;0;0;17.0;17.0
31259	0
31259	
30794;0;0;17.0;17.0
31358	0
31358	
30899;0;0;16.0;18.0
31463	0
31463	
31004;0;0;17.0;17.0
31568	0
31568	
31109;0;0;17.0;17.0
31673	0
31673	
31214;0;0;17.0;17.0
31778	0
31778	
31319;0;0;17.0;17.0
31886	0
31886	
31424;0;0;16.0;17.0
31990	0
31990	
31529;0;0;17.0;17.0
32100	0
32100	
31634;0;0;17.0;17.0
32202	0
32202	
31741;0;0;16.0;17.0
32307	0
32307	
31848;0;0;17.0;17.0
32412	0
32412	
31953;0;0;17.0;18.0
32517	0
32517	
32058;0;0;16.0;17.0
32622	0
32622	
32163;0;0;17.0;17.0
32728	0
32728	
32268;0;0;17.0;18.0
32833	0
32833	
32373;0;0;17.0;17.0
32939	0
32939	
32479;0;0;17.0;17.0
33053	0
33053	
32592;0;0;18.0;17.0
33156	0
33156	
32697;0;0;16.0;18.0
33261	0
33261	
32802;0;0;17.0;17.0
33366	0
33366	
32907;0;0;17.0;17.0
33472	0
33472	
33012;0;0;17.0;18.0
33576	0
33576	
33117;0;0;16.0;17.0
33681	0
33681	
33222;0;0;17.0;17.0
33786	0
33786	
33327;0;0;17.0;18.0
33900	0
33900	
33432;0;0;17.0;17.0
34000	0
34000	
33541;0;0;16.0;17.0
34105	0
34105	
33647;0;0;17.0;17.0
34210	0
34210	
33751;0;0;17.0;17.0
34315	0
34315	
33856;0;0;16.0;18.0
34420	0
34420	
33961;0;0;17.0;17.0
34525	0
34525	
34066;0;0;17.0;17.0
34630	0
34630	
34171;0;0;16.0;18.0
34741	0
34741	
34276;0;0;17.0;17.0
34840	0
34840	
34381;0;0;17.0;17.0
34945	0
34945	
34486;0;0;16.0;18.0
35052	0
35052	
34591;0;0;17.0;17.0
35158	0
35158	
34696;0;0;17.0;17.0
35265	0
35265	
34801;0;0;17.0;18.0
35373	0
35373	
34912;0;0;17.0;17.0
35480	0
35480	
35021;0;0;17.0;18.0
35589	0
35589	
35126;0;0;17.0;17.0
35690	0
35690	
35231;0;0;16.0;18.0
35795	0
35795	
35336;0;0;17.0;17.0
35900	0
