318;0;0;70.0;71.0
882	0
882	
423;0;0;71.0;74.0
987	0
987	
529;0;0;71.0;75.0
1092	0
1092	
633;0;0;71.0;75.0
1197	0
1197	
738;0;0;71.0;76.0
1302	0
1302	
843;0;0;71.0;75.0
1407	0
1407	
948;0;0;71.0;75.0
1512	0
1512	
1053;0;0;71.0;75.0
1617	0
1617	
1158;0;0;71.0;75.0
1722	0
1722	
1263;0;0;71.0;76.0
1827	0
1827	
1368;0;0;71.0;75.0
1937	0
1937	
1473;0;0;71.0;75.0
2037	0
2037	
1578;0;0;71.0;75.0
2142	0
2142	
1683;0;0;72.0;76.0
2247	0
2247	
1788;0;0;71.0;75.0
2352	0
2352	
1893;0;0;71.0;75.0
2457	0
2457	
1998;0;0;71.0;75.0
2562	0
2562	
2103;0;0;71.0;75.0
2667	0
2667	
2208;0;0;71.0;75.0
2778	0
2778	
2313;0;0;71.0;75.0
2878	0
2878	
2418;0;0;72.0;75.0
2985	0
2985	
2523;0;0;71.0;76.0
3089	0
3089	
2631;0;0;73.0;77.0
3194	0
3194	
2735;0;0;71.0;75.0
3299	0
3299	
2840;0;0;71.0;75.0
3404	0
3404	
2945;0;0;71.0;75.0
3509	0
3509	
3050;0;0;72.0;76.0
3614	0
3614	
3155;0;0;71.0;75.0
3719	0
3719	
3260;0;0;71.0;75.0
3824	0
3824	
3365;0;0;71.0;75.0
3929	0
3929	
3470;0;0;71.0;76.0
4034	0
4034	
3575;0;0;71.0;75.0
4139	0
4139	
3680;0;0;71.0;75.0
4244	0
4244	
3785;0;0;71.0;75.0
4349	0
4349	
3890;0;0;71.0;75.0
4454	0
4454	
3995;0;0;71.0;76.0
4568	0
4568	
4107;0;0;71.0;75.0
4671	0
4671	
4212;0;0;72.0;75.0
4776	0
4776	
4317;0;0;71.0;75.0
4885	0
4885	
4422;0;0;71.0;75.0
4990	0
4990	
4527;0;0;71.0;75.0
5095	0
5095	
4633;0;0;71.0;75.0
5201	0
5201	
4737;0;0;72.0;76.0
5307	0
5307	
4842;0;0;71.0;75.0
5422	0
5422	
4963;0;0;143.0;76.0
5527	0
5527	
5068;0;0;74.0;79.0
5632	0
5632	
5173;0;0;71.0;75.0
5737	0
5737	
5278;0;0;71.0;75.0
5843	0
5843	
5383;0;0;72.0;75.0
5947	0
5947	
5488;0;0;71.0;75.0
6052	0
6052	
5593;0;0;71.0;75.0
6157	0
6157	
5698;0;0;71.0;75.0
6271	0
6271	
5810;0;0;71.0;76.0
6375	0
6375	
5915;0;0;71.0;75.0
6479	0
6479	
6020;0;0;71.0;75.0
6584	0
6584	
6125;0;0;71.0;75.0
6689	0
6689	
6230;0;0;71.0;75.0
6794	0
6794	
6336;0;0;71.0;75.0
6899	0
6899	
6440;0;0;71.0;75.0
7004	0
7004	
6545;0;0;71.0;76.0
7118	0
7118	
6657;0;0;71.0;75.0
7221	0
7221	
6762;0;0;71.0;75.0
7327	0
7327	
6867;0;0;71.0;75.0
7432	0
7432	
6972;0;0;71.0;75.0
7538	0
7538	
7077;0;0;71.0;75.0
7643	0
7643	
7184;0;0;71.0;151.0
7748	0
7748	
7289;0;0;71.0;75.0
7853	0
7853	
7394;0;0;71.0;75.0
7967	0
7967	
7503;0;0;71.0;75.0
8067	0
8067	
7608;0;0;71.0;75.0
8172	0
8172	
7713;0;0;71.0;75.0
8277	0
8277	
7818;0;0;71.0;75.0
8382	0
8382	
7923;0;0;71.0;76.0
8487	0
8487	
8028;0;0;71.0;75.0
8592	0
8592	
8133;0;0;71.0;75.0
8697	0
8697	
8239;0;0;71.0;75.0
8813	0
8813	
8343;0;0;71.0;75.0
8907	0
8907	
8448;0;0;72.0;75.0
9012	0
9012	
8553;0;0;70.0;75.0
9117	0
9117	
8658;0;0;71.0;76.0
9225	0
9225	
8763;0;0;71.0;75.0
9330	0
9330	
8868;0;0;71.0;75.0
9435	0
9435	
8973;0;0;71.0;75.0
9540	0
9540	
9078;0;0;71.0;75.0
9645	0
9645	
9183;0;0;71.0;76.0
9763	0
9763	
9292;0;0;71.0;74.0
9863	0
9863	
9402;0;0;71.0;75.0
9968	0
9968	
9509;0;0;71.0;152.0
10073	0
10073	
9614;0;0;71.0;74.0
10178	0
10178	
9719;0;0;71.0;76.0
10283	0
10283	
9824;0;0;71.0;76.0
10388	0
10388	
9929;0;0;72.0;74.0
10493	0
10493	
10034;0;0;71.0;76.0
10603	0
10603	
10140;0;0;71.0;74.0
10703	0
10703	
10244;0;0;71.0;76.0
10808	0
10808	
10349;0;0;71.0;75.0
10913	0
10913	
10454;0;0;71.0;75.0
11018	0
11018	
10559;0;0;71.0;75.0
11123	0
11123	
10664;0;0;71.0;75.0
11228	0
11228	
10769;0;0;71.0;75.0
11333	0
11333	
10874;0;0;71.0;75.0
11438	0
11438	
10979;0;0;71.0;74.0
11552	0
11552	
11084;0;0;71.0;75.0
11652	0
11652	
11193;0;0;71.0;75.0
11757	0
11757	
11298;0;0;71.0;75.0
11862	0
11862	
11403;0;0;71.0;75.0
11967	0
11967	
11508;0;0;71.0;75.0
12072	0
12072	
11613;0;0;71.0;74.0
12177	0
12177	
11718;0;0;71.0;75.0
12283	0
12283	
11823;0;0;72.0;76.0
12393	0
12393	
11928;0;0;71.0;75.0
12495	0
12495	
12033;0;0;71.0;76.0
12599	0
12599	
12141;0;0;72.0;77.0
12704	0
12704	
12245;0;0;71.0;75.0
12809	0
12809	
12350;0;0;71.0;75.0
12914	0
12914	
12455;0;0;71.0;75.0
13019	0
13019	
12560;0;0;71.0;75.0
13124	0
13124	
12665;0;0;71.0;75.0
13229	0
13229	
12770;0;0;71.0;75.0
13343	0
13343	
12875;0;0;71.0;75.0
13445	0
13445	
12986;0;0;71.0;76.0
13550	0
13550	
13091;0;0;71.0;75.0
13655	0
13655	
13196;0;0;71.0;75.0
13763	0
13763	
13301;0;0;71.0;75.0
13868	0
13868	
13406;0;0;71.0;75.0
13973	0
13973	
13511;0;0;71.0;75.0
14078	0
14078	
13616;0;0;71.0;75.0
14189	0
14189	
13721;0;0;71.0;75.0
14290	0
14290	
13830;0;0;71.0;75.0
14398	0
14398	
13938;0;0;71.0;75.0
14503	0
14503	
14044;0;0;71.0;75.0
14609	0
14609	
14148;0;0;70.0;76.0
14713	0
14713	
14253;0;0;71.0;75.0
14819	0
14819	
14358;0;0;71.0;75.0
14924	0
14924	
14465;0;0;71.0;152.0
15029	0
15029	
14570;0;0;71.0;75.0
15143	0
15143	
14679;0;0;71.0;75.0
15245	0
15245	
14786;0;0;71.0;75.0
15350	0
15350	
14891;0;0;71.0;75.0
15455	0
15455	
14996;0;0;72.0;76.0
15560	0
15560	
15101;0;0;71.0;75.0
15665	0
15665	
15206;0;0;70.0;75.0
15770	0
15770	
15311;0;0;71.0;76.0
15875	0
15875	
15416;0;0;70.0;75.0
15986	0
15986	
15521;0;0;71.0;75.0
16085	0
16085	
15626;0;0;70.0;75.0
16190	0
16190	
15731;0;0;71.0;76.0
16295	0
16295	
15836;0;0;70.0;75.0
16400	0
16400	
15941;0;0;71.0;75.0
16505	0
16505	
16047;0;0;71.0;75.0
16610	0
16610	
16151;0;0;71.0;75.0
16715	0
16715	
16256;0;0;71.0;76.0
16820	0
16820	
16361;0;0;71.0;75.0
16925	0
16925	
16466;0;0;71.0;75.0
17030	0
17030	
16571;0;0;71.0;75.0
17136	0
17136	
16676;0;0;72.0;76.0
17241	0
17241	
16781;0;0;71.0;75.0
17347	0
17347	
16886;0;0;71.0;76.0
17452	0
17452	
16993;0;0;71.0;150.0
17557	0
17557	
17098;0;0;70.0;75.0
17662	0
17662	
17203;0;0;72.0;76.0
17774	0
17774	
17308;0;0;70.0;75.0
17872	0
17872	
17413;0;0;71.0;75.0
17977	0
17977	
17518;0;0;71.0;76.0
18083	0
18083	
17623;0;0;71.0;75.0
18187	0
18187	
17728;0;0;71.0;75.0
18292	0
18292	
17833;0;0;71.0;76.0
18397	0
18397	
17938;0;0;71.0;75.0
18502	0
18502	
18043;0;0;71.0;75.0
18607	0
18607	
18149;0;0;71.0;76.0
18712	0
18712	
18253;0;0;71.0;75.0
18817	0
18817	
18358;0;0;71.0;75.0
18922	0
18922	
18463;0;0;71.0;76.0
19030	0
19030	
18568;0;0;71.0;75.0
19135	0
19135	
18673;0;0;71.0;75.0
19240	0
19240	
18778;0;0;71.0;76.0
19345	0
19345	
18883;0;0;71.0;75.0
19450	0
19450	
18988;0;0;71.0;75.0
19568	0
19568	
19097;0;0;71.0;76.0
19667	0
19667	
19207;0;0;71.0;75.0
19773	0
19773	
19312;0;0;71.0;76.0
19878	0
19878	
19419;0;0;71.0;151.0
19983	0
19983	
19524;0;0;71.0;76.0
20088	0
20088	
19629;0;0;71.0;75.0
20193	0
20193	
19734;0;0;71.0;75.0
20298	0
20298	
19839;0;0;71.0;76.0
20409	0
20409	
19944;0;0;71.0;75.0
20508	0
20508	
20050;0;0;71.0;75.0
20613	0
20613	
20154;0;0;71.0;76.0
20718	0
20718	
20259;0;0;71.0;75.0
20823	0
20823	
20364;0;0;71.0;75.0
20928	0
20928	
20469;0;0;71.0;76.0
21033	0
21033	
20574;0;0;71.0;75.0
21138	0
21138	
20679;0;0;71.0;75.0
21243	0
21243	
20784;0;0;71.0;75.0
21357	0
21357	
20889;0;0;71.0;75.0
21458	0
21458	
20999;0;0;71.0;76.0
21563	0
21563	
21104;0;0;71.0;75.0
21668	0
21668	
21209;0;0;71.0;75.0
21773	0
21773	
21314;0;0;71.0;75.0
21878	0
21878	
21419;0;0;71.0;75.0
21983	0
21983	
21524;0;0;71.0;75.0
22090	0
22090	
21629;0;0;71.0;75.0
22200	0
22200	
21734;0;0;71.0;75.0
22300	0
22300	
21839;0;0;71.0;75.0
22406	0
22406	
21946;0;0;72.0;151.0
22510	0
22510	
22051;0;0;70.0;76.0
22615	0
22615	
22156;0;0;72.0;75.0
22720	0
22720	
22261;0;0;70.0;75.0
22825	0
22825	
22366;0;0;71.0;75.0
22930	0
22930	
22471;0;0;71.0;76.0
23036	0
23036	
22576;0;0;71.0;75.0
23149	0
23149	
22688;0;0;71.0;75.0
23252	0
23252	
22793;0;0;72.0;75.0
23357	0
23357	
22898;0;0;70.0;75.0
23465	0
23465	
23003;0;0;71.0;75.0
23570	0
23570	
23108;0;0;71.0;76.0
23675	0
23675	
23213;0;0;71.0;75.0
23780	0
23780	
23318;0;0;71.0;75.0
23885	0
23885	
23423;0;0;71.0;75.0
24000	0
24000	
23532;0;0;71.0;75.0
24099	0
24099	
23640;0;0;71.0;75.0
24205	0
24205	
23745;0;0;71.0;75.0
24309	0
24309	
23850;0;0;71.0;76.0
24416	0
24416	
23956;0;0;72.0;76.0
24520	0
24520	
24060;0;0;71.0;75.0
24626	0
24626	
24165;0;0;71.0;75.0
24731	0
24731	
24272;0;0;70.0;151.0
24836	0
24836	
24377;0;0;71.0;75.0
24941	0
24941	
24482;0;0;70.0;75.0
25046	0
25046	
24587;0;0;72.0;76.0
25151	0
25151	
24692;0;0;71.0;75.0
25256	0
25256	
24797;0;0;71.0;75.0
25361	0
25361	
24902;0;0;71.0;75.0
25466	0
25466	
25007;0;0;71.0;75.0
25571	0
25571	
25112;0;0;71.0;75.0
25676	0
25676	
25217;0;0;71.0;75.0
25788	0
25788	
25322;0;0;71.0;76.0
25886	0
25886	
25427;0;0;71.0;75.0
25991	0
25991	
25532;0;0;71.0;74.0
26096	0
26096	
25637;0;0;71.0;75.0
26201	0
26201	
25742;0;0;71.0;75.0
26307	0
26307	
25847;0;0;71.0;75.0
26411	0
26411	
25952;0;0;71.0;75.0
26516	0
26516	
26058;0;0;71.0;75.0
26625	0
26625	
26162;0;0;71.0;75.0
26726	0
26726	
26267;0;0;71.0;75.0
26831	0
26831	
26372;0;0;71.0;75.0
26936	0
26936	
26477;0;0;71.0;75.0
27041	0
27041	
26582;0;0;71.0;75.0
27147	0
27147	
26687;0;0;72.0;76.0
27252	0
27252	
26792;0;0;71.0;75.0
27358	0
27358	
26897;0;0;71.0;75.0
27463	0
27463	
27004;0;0;73.0;77.0
27577	0
27577	
27109;0;0;71.0;75.0
27678	0
27678	
27219;0;0;71.0;75.0
27783	0
27783	
27324;0;0;71.0;74.0
27888	0
27888	
27429;0;0;71.0;76.0
27994	0
27994	
27534;0;0;71.0;74.0
28098	0
28098	
27639;0;0;71.0;75.0
28203	0
28203	
27744;0;0;71.0;75.0
28308	0
28308	
27849;0;0;70.0;75.0
28426	0
28426	
27954;0;0;71.0;75.0
28518	0
28518	
28060;0;0;70.0;74.0
28623	0
28623	
28164;0;0;71.0;75.0
28728	0
28728	
28269;0;0;71.0;75.0
28833	0
28833	
28374;0;0;71.0;74.0
28941	0
28941	
28479;0;0;70.0;75.0
29046	0
29046	
28584;0;0;71.0;75.0
29151	0
29151	
28689;0;0;70.0;75.0
29256	0
29256	
28794;0;0;71.0;74.0
29372	0
29372	
28911;0;0;71.0;75.0
29478	0
29478	
29017;0;0;72.0;75.0
29583	0
29583	
29122;0;0;72.0;75.0
29688	0
29688	
29229;0;0;144.0;75.0
29793	0
29793	
29334;0;0;71.0;75.0
29898	0
29898	
29439;0;0;71.0;75.0
30003	0
30003	
29544;0;0;71.0;75.0
30108	0
30108	
29649;0;0;71.0;75.0
30222	0
30222	
29754;0;0;71.0;74.0
30324	0
30324	
29865;0;0;71.0;75.0
30429	0
30429	
29970;0;0;71.0;75.0
30534	0
30534	
30075;0;0;70.0;75.0
30639	0
30639	
30180;0;0;71.0;75.0
30744	0
30744	
30285;0;0;71.0;75.0
30849	0
30849	
30390;0;0;71.0;75.0
30954	0
30954	
30495;0;0;71.0;75.0
31065	0
31065	
30600;0;0;71.0;75.0
31164	0
31164	
30705;0;0;71.0;75.0
31269	0
31269	
30810;0;0;70.0;74.0
31374	0
31374	
30915;0;0;72.0;76.0
31480	0
31480	
31020;0;0;71.0;75.0
31584	0
31584	
31125;0;0;71.0;75.0
31689	0
31689	
31230;0;0;70.0;75.0
31794	0
31794	
31335;0;0;71.0;74.0
31903	0
31903	
31440;0;0;71.0;75.0
32005	0
32005	
31545;0;0;71.0;75.0
32110	0
32110	
31650;0;0;72.0;76.0
32217	0
32217	
31755;0;0;71.0;75.0
32321	0
32321	
31862;0;0;73.0;77.0
32426	0
32426	
31967;0;0;71.0;75.0
32531	0
32531	
32072;0;0;71.0;74.0
32636	0
32636	
32177;0;0;70.0;75.0
32741	0
32741	
32282;0;0;71.0;75.0
32855	0
32855	
32387;0;0;71.0;74.0
32955	0
32955	
32496;0;0;71.0;76.0
33060	0
33060	
32601;0;0;71.0;74.0
33165	0
33165	
32706;0;0;71.0;75.0
33270	0
33270	
32811;0;0;71.0;75.0
33375	0
33375	
32916;0;0;71.0;74.0
33480	0
33480	
33021;0;0;71.0;75.0
33588	0
33588	
33126;0;0;71.0;75.0
33702	0
33702	
33231;0;0;71.0;75.0
33798	0
33798	
33336;0;0;71.0;75.0
33903	0
33903	
33441;0;0;71.0;74.0
34008	0
34008	
33546;0;0;71.0;75.0
34113	0
34113	
33651;0;0;71.0;75.0
34219	0
34219	
33756;0;0;71.0;75.0
34326	0
34326	
33865;0;0;71.0;75.0
34434	0
34434	
33973;0;0;71.0;74.0
34543	0
34543	
34078;0;0;70.0;75.0
34644	0
34644	
34183;0;0;72.0;75.0
34749	0
34749	
34290;0;0;72.0;76.0
34854	0
34854	
34395;0;0;71.0;75.0
34959	0
34959	
34500;0;0;72.0;75.0
35064	0
35064	
34605;0;0;71.0;75.0
35169	0
35169	
34710;0;0;71.0;74.0
35274	0
35274	
34815;0;0;71.0;74.0
35379	0
