983	0
983	
524;0;0;7.0;8.0
1087	0
1087	
628;0;0;8.0;7.0
1200	0
1200	
736;0;0;7.0;7.0
1302	0
1302	
843;0;0;8.0;8.0
1406	0
1406	
947;0;0;7.0;7.0
1511	0
1511	
1051;0;0;8.0;7.0
1615	0
1615	
1155;0;0;7.0;8.0
1719	0
1719	
1259;0;0;8.0;7.0
1823	0
1823	
1363;0;0;7.0;8.0
1927	0
1927	
1467;0;0;7.0;7.0
2039	0
2039	
1571;0;0;8.0;7.0
2140	0
2140	
1680;0;0;7.0;8.0
2244	0
2244	
1784;0;0;7.0;7.0
2349	0
2349	
1889;0;0;8.0;7.0
2453	0
2453	
1993;0;0;7.0;8.0
2557	0
2557	
2097;0;0;7.0;7.0
2661	0
2661	
2201;0;0;8.0;8.0
2765	0
2765	
2305;0;0;7.0;7.0
2869	0
2869	
2409;0;0;8.0;7.0
2983	0
2983	
2518;0;0;7.0;8.0
3089	0
3089	
2628;0;0;7.0;8.0
3194	0
3194	
2734;0;0;7.0;7.0
3298	0
3298	
2838;0;0;8.0;8.0
3402	0
3402	
2942;0;0;7.0;7.0
3506	0
3506	
3046;0;0;7.0;7.0
3610	0
3610	
3150;0;0;8.0;8.0
3714	0
3714	
3254;0;0;7.0;7.0
3827	0
3827	
3358;0;0;8.0;7.0
3922	0
3922	
3462;0;0;7.0;8.0
4026	0
4026	
3566;0;0;8.0;8.0
4130	0
4130	
3670;0;0;7.0;7.0
4235	0
4235	
3774;0;0;8.0;8.0
4340	0
4340	
3878;0;0;7.0;7.0
4444	0
4444	
3982;0;0;7.0;7.0
4549	0
4549	
4086;0;0;8.0;7.0
4655	0
4655	
4194;0;0;7.0;8.0
4768	0
4768	
4301;0;0;7.0;7.0
4870	0
4870	
4410;0;0;8.0;7.0
4974	0
4974	
4514;0;0;7.0;8.0
5078	0
5078	
4618;0;0;8.0;7.0
5182	0
5182	
4722;0;0;7.0;8.0
5286	0
5286	
4826;0;0;8.0;7.0
5390	0
5390	
4930;0;0;7.0;8.0
5494	0
5494	
5034;0;0;7.0;7.0
5598	0
5598	
5138;0;0;8.0;7.0
5712	0
5712	
5247;0;0;7.0;7.0
5816	0
5816	
5354;0;0;8.0;7.0
5920	0
5920	
5461;0;0;7.0;15.0
6025	0
6025	
5565;0;0;8.0;7.0
6129	0
6129	
5669;0;0;7.0;8.0
6233	0
6233	
5773;0;0;8.0;7.0
6337	0
6337	
5877;0;0;7.0;7.0
6441	0
6441	
5981;0;0;8.0;8.0
6549	0
6549	
6085;0;0;7.0;7.0
6649	0
6649	
6189;0;0;7.0;8.0
6754	0
6754	
6294;0;0;7.0;7.0
6858	0
6858	
6398;0;0;8.0;7.0
6962	0
6962	
6502;0;0;7.0;7.0
7066	0
7066	
6606;0;0;7.0;8.0
7170	0
7170	
6710;0;0;7.0;7.0
7274	0
7274	
6814;0;0;7.0;7.0
7378	0
7378	
6918;0;0;8.0;7.0
7489	0
7489	
7022;0;0;7.0;7.0
7591	0
7591	
7131;0;0;7.0;7.0
7695	0
7695	
7235;0;0;8.0;8.0
7799	0
7799	
7339;0;0;7.0;7.0
7903	0
7903	
7443;0;0;7.0;7.0
8007	0
8007	
7547;0;0;8.0;8.0
8111	0
8111	
7651;0;0;7.0;7.0
8215	0
8215	
7755;0;0;7.0;7.0
8322	0
8322	
7859;0;0;8.0;7.0
8435	0
8435	
7968;0;0;7.0;7.0
8542	0
8542	
8080;0;0;7.0;8.0
8647	0
8647	
8185;0;0;8.0;7.0
8752	0
8752	
8292;0;0;8.0;15.0
8857	0
8857	
8397;0;0;7.0;7.0
8961	0
8961	
8501;0;0;8.0;7.0
9065	0
9065	
8605;0;0;7.0;8.0
9169	0
9169	
8709;0;0;7.0;7.0
9278	0
9278	
8813;0;0;8.0;7.0
9377	0
9377	
8917;0;0;7.0;7.0
9481	0
9481	
9021;0;0;7.0;7.0
9585	0
9585	
9125;0;0;8.0;8.0
9689	0
9689	
9229;0;0;7.0;7.0
9793	0
9793	
9333;0;0;7.0;7.0
9897	0
9897	
9437;0;0;8.0;8.0
10001	0
10001	
9541;0;0;7.0;7.0
10105	0
10105	
9645;0;0;7.0;7.0
10217	0
10217	
9749;0;0;8.0;8.0
10317	0
10317	
9857;0;0;7.0;7.0
10421	0
10421	
9961;0;0;7.0;7.0
10525	0
10525	
10065;0;0;8.0;8.0
10629	0
10629	
10169;0;0;7.0;7.0
10733	0
10733	
10273;0;0;7.0;7.0
10837	0
10837	
10377;0;0;7.0;7.0
10941	0
10941	
10481;0;0;8.0;7.0
11050	0
11050	
10585;0;0;7.0;8.0
11149	0
11149	
10689;0;0;8.0;7.0
11253	0
11253	
10793;0;0;7.0;7.0
11358	0
11358	
10898;0;0;7.0;7.0
11462	0
11462	
11002;0;0;8.0;8.0
11566	0
11566	
11106;0;0;7.0;7.0
11670	0
11670	
11210;0;0;7.0;7.0
11775	0
11775	
11314;0;0;7.0;8.0
11879	0
11879	
11418;0;0;7.0;7.0
11994	0
11994	
11522;0;0;8.0;7.0
12094	0
12094	
11632;0;0;14.0;14.0
12199	0
12199	
11737;0;0;7.0;7.0
12303	0
12303	
11841;0;0;8.0;8.0
12408	0
12408	
11948;0;0;7.0;7.0
12512	0
12512	
12052;0;0;7.0;7.0
12616	0
12616	
12156;0;0;7.0;8.0
12720	0
12720	
12260;0;0;8.0;7.0
12828	0
12828	
12364;0;0;7.0;7.0
12928	0
12928	
12468;0;0;7.0;7.0
13032	0
13032	
12572;0;0;8.0;7.0
13136	0
13136	
12676;0;0;7.0;7.0
13240	0
13240	
12780;0;0;7.0;7.0
13344	0
13344	
12884;0;0;7.0;8.0
13448	0
13448	
12988;0;0;7.0;7.0
13552	0
13552	
13092;0;0;8.0;7.0
13657	0
13657	
13197;0;0;7.0;7.0
13768	0
13768	
13301;0;0;7.0;7.0
13865	0
13865	
13405;0;0;8.0;7.0
13969	0
13969	
13509;0;0;8.0;8.0
14073	0
14073	
13613;0;0;7.0;7.0
14177	0
14177	
13717;0;0;7.0;7.0
14281	0
14281	
13821;0;0;8.0;7.0
14385	0
14385	
13925;0;0;7.0;8.0
14489	0
14489	
14029;0;0;7.0;6.0
14593	0
14593	
14133;0;0;7.0;8.0
14707	0
14707	
14243;0;0;7.0;7.0
14809	0
14809	
14348;0;0;8.0;7.0
14913	0
14913	
14452;0;0;7.0;7.0
15017	0
15017	
14556;0;0;7.0;7.0
15122	0
15122	
14663;0;0;7.0;15.0
15227	0
15227	
14767;0;0;8.0;7.0
15331	0
15331	
14871;0;0;7.0;8.0
15435	0
15435	
14975;0;0;7.0;7.0
15544	0
15544	
15079;0;0;7.0;7.0
15643	0
15643	
15183;0;0;8.0;7.0
15747	0
15747	
15287;0;0;7.0;7.0
15851	0
15851	
15391;0;0;7.0;7.0
15955	0
15955	
15495;0;0;7.0;7.0
16060	0
16060	
15600;0;0;7.0;7.0
16167	0
16167	
15704;0;0;8.0;7.0
16270	0
16270	
15808;0;0;7.0;7.0
16375	0
16375	
15912;0;0;8.0;7.0
16488	0
16488	
16023;0;0;7.0;8.0
16593	0
16593	
16133;0;0;7.0;7.0
16697	0
16697	
16237;0;0;7.0;7.0
16801	0
16801	
16341;0;0;8.0;8.0
16905	0
16905	
16445;0;0;7.0;7.0
17009	0
17009	
16549;0;0;7.0;7.0
17113	0
17113	
16653;0;0;7.0;7.0
17217	0
17217	
16757;0;0;7.0;7.0
17326	0
17326	
16861;0;0;7.0;7.0
17425	0
17425	
16965;0;0;7.0;7.0
17529	0
17529	
17069;0;0;8.0;8.0
17633	0
17633	
17173;0;0;7.0;7.0
17737	0
17737	
17277;0;0;7.0;7.0
17842	0
17842	
17381;0;0;8.0;7.0
17946	0
17946	
17485;0;0;7.0;8.0
18051	0
18051	
17589;0;0;7.0;7.0
18155	0
18155	
17693;0;0;7.0;8.0
18269	0
18269	
17800;0;0;7.0;14.0
18370	0
18370	
17910;0;0;7.0;7.0
18474	0
18474	
18014;0;0;7.0;7.0
18578	0
18578	
18118;0;0;8.0;7.0
18682	0
18682	
18222;0;0;7.0;7.0
18786	0
18786	
18326;0;0;7.0;8.0
18890	0
18890	
18430;0;0;8.0;7.0
18994	0
18994	
18534;0;0;7.0;7.0
19105	0
19105	
18638;0;0;7.0;7.0
19202	0
19202	
18742;0;0;8.0;8.0
19306	0
19306	
18846;0;0;7.0;7.0
19410	0
19410	
18950;0;0;7.0;7.0
19514	0
19514	
19054;0;0;7.0;7.0
19618	0
19618	
19158;0;0;7.0;7.0
19722	0
19722	
19262;0;0;8.0;8.0
19826	0
19826	
19366;0;0;7.0;7.0
19930	0
19930	
19470;0;0;7.0;7.0
20045	0
20045	
19574;0;0;8.0;8.0
20144	0
20144	
19682;0;0;7.0;7.0
20248	0
20248	
19786;0;0;7.0;7.0
20354	0
20354	
19894;0;0;8.0;7.0
20459	0
20459	
19999;0;0;7.0;8.0
20564	0
20564	
20104;0;0;7.0;7.0
20668	0
20668	
20208;0;0;7.0;7.0
20772	0
20772	
20312;0;0;7.0;7.0
20881	0
20881	
20416;0;0;8.0;7.0
20981	0
20981	
20520;0;0;7.0;8.0
21085	0
21085	
20624;0;0;7.0;7.0
21189	0
21189	
20728;0;0;8.0;7.0
21293	0
21293	
20832;0;0;7.0;7.0
21398	0
21398	
20939;0;0;8.0;15.0
21503	0
21503	
21043;0;0;7.0;7.0
21607	0
21607	
21147;0;0;7.0;7.0
21711	0
21711	
21251;0;0;7.0;8.0
21823	0
21823	
21355;0;0;7.0;7.0
21925	0
21925	
21465;0;0;8.0;7.0
22029	0
22029	
21569;0;0;6.0;7.0
22133	0
22133	
21673;0;0;7.0;7.0
22237	0
22237	
21777;0;0;8.0;7.0
22341	0
22341	
21881;0;0;7.0;7.0
22445	0
22445	
21985;0;0;7.0;8.0
22549	0
22549	
22089;0;0;7.0;7.0
22657	0
22657	
22193;0;0;8.0;7.0
22757	0
22757	
22297;0;0;7.0;7.0
22861	0
22861	
22401;0;0;7.0;7.0
22966	0
22966	
22506;0;0;7.0;8.0
23070	0
23070	
22610;0;0;7.0;7.0
23174	0
23174	
22714;0;0;8.0;7.0
23278	0
23278	
22818;0;0;7.0;7.0
23382	0
23382	
22922;0;0;7.0;7.0
23486	0
23486	
23026;0;0;7.0;7.0
23599	0
23599	
23135;0;0;7.0;7.0
23702	0
23702	
23242;0;0;8.0;8.0
23806	0
23806	
23346;0;0;7.0;7.0
23913	0
23913	
23450;0;0;7.0;7.0
24018	0
24018	
23554;0;0;8.0;7.0
24122	0
24122	
23658;0;0;7.0;7.0
24226	0
24226	
23762;0;0;7.0;8.0
24329	0
24329	
23866;0;0;8.0;7.0
24444	0
24444	
23975;0;0;7.0;15.0
24545	0
24545	
24085;0;0;7.0;6.0
24650	0
24650	
24190;0;0;7.0;8.0
24755	0
24755	
24295;0;0;8.0;7.0
24859	0
24859	
24399;0;0;7.0;7.0
24963	0
24963	
24503;0;0;7.0;8.0
25068	0
25068	
24608;0;0;8.0;7.0
25172	0
25172	
24712;0;0;7.0;7.0
25276	0
25276	
24816;0;0;7.0;8.0
25389	0
25389	
24924;0;0;8.0;7.0
25489	0
25489	
25029;0;0;7.0;7.0
25593	0
25593	
25133;0;0;7.0;8.0
25697	0
25697	
25237;0;0;7.0;7.0
25801	0
25801	
25341;0;0;7.0;7.0
25905	0
25905	
25445;0;0;7.0;7.0
26009	0
26009	
25549;0;0;8.0;7.0
26113	0
26113	
25653;0;0;7.0;8.0
26221	0
26221	
25757;0;0;7.0;7.0
26321	0
26321	
25861;0;0;7.0;7.0
26425	0
26425	
25965;0;0;8.0;7.0
26529	0
26529	
26069;0;0;7.0;8.0
26633	0
26633	
26173;0;0;7.0;7.0
26737	0
26737	
26277;0;0;8.0;7.0
26841	0
26841	
26381;0;0;7.0;8.0
26945	0
26945	
26485;0;0;7.0;7.0
27050	0
27050	
26589;0;0;7.0;7.0
27162	0
27162	
26693;0;0;7.0;7.0
27259	0
27259	
26797;0;0;7.0;7.0
27363	0
27363	
26901;0;0;7.0;8.0
27468	0
27468	
27008;0;0;7.0;14.0
27573	0
27573	
27113;0;0;7.0;8.0
27677	0
27677	
27217;0;0;7.0;7.0
27781	0
27781	
27321;0;0;7.0;7.0
27885	0
27885	
27425;0;0;8.0;8.0
27989	0
27989	
27529;0;0;7.0;7.0
28102	0
28102	
27633;0;0;7.0;7.0
28203	0
28203	
27743;0;0;7.0;7.0
28307	0
28307	
27847;0;0;7.0;7.0
28411	0
28411	
27951;0;0;7.0;7.0
28517	0
28517	
28055;0;0;8.0;8.0
28621	0
28621	
28159;0;0;7.0;7.0
28725	0
28725	
28263;0;0;7.0;7.0
28829	0
28829	
28367;0;0;7.0;7.0
28934	0
28934	
28474;0;0;8.0;8.0
29038	0
29038	
28578;0;0;7.0;7.0
29142	0
29142	
28682;0;0;8.0;8.0
29246	0
29246	
28786;0;0;7.0;7.0
29350	0
29350	
28890;0;0;7.0;7.0
29454	0
29454	
28994;0;0;8.0;8.0
29558	0
29558	
29098;0;0;7.0;7.0
29662	0
29662	
29202;0;0;7.0;7.0
29766	0
29766	
29306;0;0;7.0;7.0
29876	0
29876	
29411;0;0;7.0;8.0
29975	0
29975	
29515;0;0;7.0;7.0
30079	0
30079	
29619;0;0;8.0;7.0
30183	0
30183	
29723;0;0;7.0;8.0
30287	0
30287	
29827;0;0;8.0;7.0
30391	0
30391	
29931;0;0;7.0;8.0
30496	0
30496	
30035;0;0;7.0;7.0
30600	0
30600	
30139;0;0;7.0;7.0
30704	0
30704	
30243;0;0;8.0;8.0
30816	0
30816	
30347;0;0;7.0;7.0
30913	0
30913	
30454;0;0;7.0;14.0
31018	0
31018	
30558;0;0;7.0;7.0
31122	0
31122	
30662;0;0;8.0;8.0
31226	0
31226	
30766;0;0;7.0;7.0
31330	0
31330	
30870;0;0;8.0;7.0
31434	0
31434	
30974;0;0;7.0;8.0
31538	0
31538	
31078;0;0;7.0;7.0
31642	0
31642	
31182;0;0;7.0;7.0
31755	0
31755	
31286;0;0;8.0;8.0
31856	0
31856	
31396;0;0;6.0;7.0
31960	0
31960	
31500;0;0;8.0;7.0
32064	0
32064	
31604;0;0;7.0;7.0
32168	0
32168	
31708;0;0;7.0;7.0
32273	0
32273	
31813;0;0;7.0;8.0
32380	0
32380	
31917;0;0;7.0;7.0
32483	0
32483	
32021;0;0;7.0;7.0
32588	0
32588	
32125;0;0;7.0;8.0
32692	0
32692	
32229;0;0;8.0;7.0
32795	0
32795	
32333;0;0;7.0;7.0
32901	0
32901	
32437;0;0;7.0;8.0
33003	0
33003	
32541;0;0;7.0;7.0
33107	0
33107	
32645;0;0;7.0;7.0
33212	0
33212	
32752;0;0;8.0;8.0
33316	0
33316	
32856;0;0;7.0;7.0
33420	0
33420	
32960;0;0;7.0;7.0
33532	0
33532	
33064;0;0;7.0;7.0
33628	0
33628	
33168;0;0;7.0;7.0
33733	0
33733	
33272;0;0;7.0;8.0
33837	0
33837	
33376;0;0;8.0;7.0
33941	0
33941	
33480;0;0;7.0;7.0
34045	0
34045	
33584;0;0;8.0;8.0
34150	0
34150	
33691;0;0;7.0;14.0
34255	0
34255	
33795;0;0;8.0;8.0
34359	0
34359	
33899;0;0;7.0;7.0
34472	0
34472	
34003;0;0;7.0;7.0
34574	0
34574	
34114;0;0;7.0;7.0
34678	0
34678	
34218;0;0;7.0;7.0
34782	0
34782	
34322;0;0;7.0;8.0
34886	0
34886	
34426;0;0;7.0;7.0
34990	0
34990	
34530;0;0;7.0;7.0
35094	0
35094	
34634;0;0;7.0;7.0
35198	0
35198	
34738;0;0;7.0;8.0
35302	0
35302	
34842;0;0;8.0;7.0
35406	0
35406	
34946;0;0;7.0;7.0
35510	0
35510	
35050;0;0;7.0;7.0
35614	0
35614	
35154;0;0;7.0;8.0
35718	0
35718	
35258;0;0;8.0;7.0
35822	0
35822	
35362;0;0;7.0;7.0
35926	0
35926	
35466;0;0;7.0;7.0
36030	0
36030	
35570;0;0;7.0;7.0
36134	0
36134	
35674;0;0;7.0;7.0
36243	0
36243	
35778;0;0;8.0;7.0
36342	0
36342	
35882;0;0;7.0;7.0
36446	0
36446	
35986;0;0;7.0;8.0
36550	0
36550	
36090;0;0;8.0;7.0
36654	0
36654	
36194;0;0;7.0;7.0
36758	0
36758	
36298;0;0;7.0;8.0
36862	0
36862	
36402;0;0;7.0;7.0
36966	0
36966	
36506;0;0;8.0;8.0
37072	0
37072	
36610;0;0;7.0;7.0
37188	0
37188	
36715;0;0;7.0;7.0
37291	0
37291	
36831;0;0;7.0;14.0
37395	0
37395	
36935;0;0;7.0;8.0
