213;0;0;33.0;31.0
778	0
778	
318;0;0;34.0;35.0
883	0
883	
423;0;0;36.0;36.0
988	0
988	
528;0;0;35.0;36.0
1093	0
1093	
633;0;0;35.0;36.0
1198	0
1198	
738;0;0;35.0;37.0
1303	0
1303	
843;0;0;35.0;37.0
1408	0
1408	
948;0;0;36.0;36.0
1513	0
1513	
1053;0;0;35.0;37.0
1618	0
1618	
1158;0;0;35.0;36.0
1723	0
1723	
1263;0;0;35.0;37.0
1828	0
1828	
1368;0;0;35.0;36.0
1939	0
1939	
1473;0;0;35.0;37.0
2038	0
2038	
1578;0;0;35.0;37.0
2143	0
2143	
1683;0;0;36.0;37.0
2248	0
2248	
1789;0;0;35.0;37.0
2353	0
2353	
1893;0;0;35.0;36.0
2458	0
2458	
1998;0;0;35.0;37.0
2563	0
2563	
2103;0;0;35.0;37.0
2668	0
2668	
2208;0;0;35.0;37.0
2779	0
2779	
2313;0;0;36.0;37.0
2879	0
2879	
2418;0;0;35.0;36.0
2985	0
2985	
2523;0;0;35.0;37.0
3090	0
3090	
2630;0;0;36.0;37.0
3195	0
3195	
2735;0;0;35.0;37.0
3300	0
3300	
2840;0;0;35.0;37.0
3405	0
3405	
2945;0;0;35.0;36.0
3510	0
3510	
3050;0;0;35.0;37.0
3615	0
3615	
3155;0;0;35.0;37.0
3720	0
3720	
3260;0;0;35.0;37.0
3825	0
3825	
3365;0;0;35.0;36.0
3930	0
3930	
3470;0;0;36.0;37.0
4035	0
4035	
3575;0;0;35.0;37.0
4140	0
4140	
3680;0;0;35.0;37.0
4245	0
4245	
3785;0;0;35.0;36.0
4350	0
4350	
3890;0;0;35.0;37.0
4455	0
4455	
3995;0;0;35.0;37.0
4572	0
4572	
4100;0;0;35.0;37.0
4670	0
4670	
4210;0;0;35.0;36.0
4778	0
4778	
4315;0;0;35.0;37.0
4883	0
4883	
4420;0;0;35.0;36.0
4988	0
4988	
4525;0;0;35.0;37.0
5093	0
5093	
4630;0;0;35.0;37.0
5197	0
5197	
4735;0;0;36.0;36.0
5305	0
5305	
4843;0;0;35.0;37.0
5414	0
5414	
4948;0;0;35.0;37.0
5515	0
5515	
5053;0;0;36.0;37.0
5620	0
5620	
5160;0;0;36.0;38.0
5725	0
5725	
5265;0;0;35.0;36.0
5831	0
5831	
5370;0;0;35.0;37.0
5935	0
5935	
5475;0;0;35.0;37.0
6040	0
6040	
5580;0;0;35.0;37.0
6145	0
6145	
5685;0;0;35.0;36.0
6250	0
6250	
5790;0;0;35.0;37.0
6363	0
6363	
5896;0;0;35.0;37.0
6460	0
6460	
6000;0;0;35.0;36.0
6565	0
6565	
6105;0;0;35.0;37.0
6670	0
6670	
6210;0;0;35.0;37.0
6775	0
6775	
6315;0;0;35.0;37.0
6880	0
6880	
6420;0;0;35.0;36.0
6985	0
6985	
6525;0;0;35.0;37.0
7090	0
7090	
6630;0;0;35.0;37.0
7195	0
7195	
6735;0;0;35.0;36.0
7300	0
7300	
6840;0;0;35.0;37.0
7405	0
7405	
6945;0;0;35.0;37.0
7510	0
7510	
7050;0;0;35.0;36.0
7615	0
7615	
7155;0;0;36.0;37.0
7720	0
7720	
7260;0;0;35.0;37.0
7825	0
7825	
7365;0;0;35.0;36.0
7930	0
7930	
7470;0;0;35.0;37.0
8036	0
8036	
7575;0;0;35.0;37.0
8151	0
8151	
7680;0;0;35.0;36.0
8250	0
8250	
7790;0;0;71.0;74.0
8355	0
8355	
7896;0;0;35.0;36.0
8460	0
8460	
8000;0;0;35.0;37.0
8565	0
8565	
8105;0;0;35.0;36.0
8670	0
8670	
8210;0;0;35.0;37.0
8775	0
8775	
8315;0;0;35.0;36.0
8880	0
8880	
8420;0;0;35.0;36.0
8990	0
8990	
8525;0;0;35.0;37.0
9090	0
9090	
8630;0;0;35.0;36.0
9195	0
9195	
8735;0;0;35.0;37.0
9300	0
9300	
8840;0;0;35.0;36.0
9405	0
9405	
8945;0;0;36.0;36.0
9510	0
9510	
9050;0;0;35.0;37.0
9615	0
9615	
9155;0;0;35.0;37.0
9720	0
9720	
9260;0;0;35.0;36.0
9828	0
9828	
9365;0;0;35.0;36.0
9933	0
9933	
9470;0;0;35.0;36.0
10038	0
10038	
9575;0;0;36.0;38.0
10143	0
10143	
9680;0;0;35.0;36.0
10249	0
10249	
9785;0;0;35.0;36.0
10354	0
10354	
9894;0;0;36.0;36.0
10459	0
10459	
10000;0;0;35.0;36.0
10565	0
10565	
10104;0;0;35.0;37.0
10671	0
10671	
10209;0;0;35.0;36.0
10784	0
10784	
10322;0;0;70.0;36.0
10887	0
10887	
10427;0;0;36.0;37.0
10992	0
10992	
10532;0;0;35.0;36.0
11097	0
11097	
10637;0;0;35.0;36.0
11202	0
11202	
10742;0;0;35.0;36.0
11307	0
11307	
10847;0;0;35.0;36.0
11412	0
11412	
10952;0;0;35.0;36.0
11517	0
11517	
11057;0;0;35.0;36.0
11631	0
11631	
11169;0;0;35.0;35.0
11734	0
11734	
11274;0;0;35.0;36.0
11839	0
11839	
11379;0;0;35.0;35.0
11944	0
11944	
11484;0;0;35.0;37.0
12049	0
12049	
11589;0;0;35.0;36.0
12154	0
12154	
11694;0;0;35.0;37.0
12259	0
12259	
11800;0;0;35.0;36.0
12368	0
12368	
11904;0;0;35.0;37.0
12469	0
12469	
12009;0;0;35.0;36.0
12574	0
12574	
12114;0;0;35.0;37.0
12679	0
12679	
12219;0;0;35.0;36.0
12784	0
12784	
12324;0;0;36.0;36.0
12889	0
12889	
12429;0;0;34.0;36.0
12995	0
12995	
12534;0;0;36.0;36.0
13100	0
13100	
12639;0;0;35.0;36.0
13210	0
13210	
12744;0;0;35.0;37.0
13311	0
13311	
12851;0;0;36.0;36.0
13416	0
13416	
12956;0;0;35.0;36.0
13521	0
13521	
13061;0;0;36.0;36.0
13626	0
13626	
13166;0;0;34.0;36.0
13731	0
13731	
13271;0;0;36.0;36.0
13839	0
13839	
13376;0;0;35.0;36.0
13944	0
13944	
13481;0;0;35.0;36.0
14053	0
14053	
13586;0;0;35.0;35.0
14155	0
14155	
13691;0;0;35.0;36.0
14260	0
14260	
13801;0;0;35.0;35.0
14365	0
14365	
13905;0;0;35.0;36.0
14470	0
14470	
14010;0;0;35.0;35.0
14575	0
14575	
14115;0;0;35.0;36.0
14680	0
14680	
14220;0;0;35.0;35.0
14785	0
14785	
14325;0;0;35.0;36.0
14895	0
14895	
14430;0;0;35.0;35.0
14995	0
14995	
14535;0;0;35.0;36.0
15101	0
15101	
14640;0;0;35.0;36.0
15205	0
15205	
14745;0;0;35.0;36.0
15310	0
15310	
14850;0;0;35.0;36.0
15415	0
15415	
14955;0;0;35.0;36.0
15521	0
15521	
15060;0;0;35.0;37.0
15626	0
15626	
15165;0;0;36.0;37.0
15737	0
15737	
15270;0;0;35.0;36.0
15837	0
15837	
15377;0;0;35.0;73.0
15942	0
15942	
15482;0;0;35.0;37.0
16047	0
16047	
15587;0;0;35.0;36.0
16152	0
16152	
15692;0;0;36.0;36.0
16257	0
16257	
15797;0;0;34.0;36.0
16362	0
16362	
15903;0;0;35.0;36.0
16467	0
16467	
16007;0;0;35.0;37.0
16577	0
16577	
16112;0;0;36.0;36.0
16677	0
16677	
16217;0;0;34.0;37.0
16782	0
16782	
16322;0;0;36.0;36.0
16887	0
16887	
16427;0;0;35.0;37.0
16992	0
16992	
16532;0;0;35.0;36.0
17097	0
17097	
16637;0;0;35.0;36.0
17202	0
17202	
16742;0;0;35.0;37.0
17307	0
17307	
16847;0;0;35.0;37.0
17417	0
17417	
16952;0;0;35.0;36.0
17517	0
17517	
17057;0;0;35.0;37.0
17622	0
17622	
17162;0;0;35.0;36.0
17727	0
17727	
17267;0;0;35.0;37.0
17832	0
17832	
17372;0;0;35.0;36.0
17937	0
17937	
17477;0;0;35.0;37.0
18042	0
18042	
17582;0;0;35.0;36.0
18147	0
18147	
17687;0;0;36.0;37.0
18266	0
18266	
17792;0;0;35.0;37.0
18359	0
18359	
17897;0;0;35.0;37.0
18468	0
18468	
18002;0;0;35.0;36.0
18573	0
18573	
18110;0;0;36.0;37.0
18678	0
18678	
18215;0;0;36.0;37.0
18783	0
18783	
18320;0;0;35.0;37.0
18888	0
18888	
18425;0;0;35.0;36.0
18995	0
18995	
18534;0;0;35.0;36.0
19107	0
19107	
18642;0;0;35.0;37.0
19207	0
19207	
18747;0;0;35.0;37.0
19312	0
19312	
18852;0;0;35.0;36.0
19417	0
19417	
18957;0;0;35.0;36.0
19522	0
19522	
19062;0;0;35.0;37.0
19627	0
19627	
19167;0;0;35.0;36.0
19732	0
19732	
19272;0;0;35.0;37.0
19837	0
19837	
19377;0;0;35.0;36.0
19947	0
19947	
19482;0;0;35.0;36.0
20048	0
20048	
19587;0;0;35.0;36.0
20152	0
20152	
19692;0;0;35.0;36.0
20257	0
20257	
19797;0;0;35.0;36.0
20362	0
20362	
19902;0;0;35.0;36.0
20467	0
20467	
20008;0;0;35.0;36.0
20572	0
20572	
20112;0;0;35.0;36.0
20677	0
20677	
20217;0;0;35.0;36.0
20789	0
20789	
20322;0;0;35.0;37.0
20888	0
20888	
20427;0;0;35.0;35.0
20994	0
20994	
20532;0;0;36.0;37.0
21099	0
21099	
20639;0;0;35.0;71.0
21204	0
21204	
20744;0;0;35.0;36.0
21309	0
21309	
20849;0;0;35.0;36.0
21414	0
21414	
20954;0;0;35.0;36.0
21519	0
21519	
21059;0;0;35.0;35.0
21629	0
21629	
21164;0;0;35.0;36.0
21729	0
21729	
21269;0;0;35.0;36.0
21834	0
21834	
21374;0;0;35.0;35.0
21939	0
21939	
21479;0;0;35.0;36.0
22044	0
22044	
21584;0;0;35.0;36.0
22149	0
22149	
21689;0;0;35.0;36.0
22254	0
22254	
21794;0;0;35.0;37.0
22359	0
22359	
21899;0;0;35.0;35.0
22470	0
22470	
22004;0;0;35.0;36.0
22569	0
22569	
22109;0;0;35.0;37.0
22674	0
22674	
22214;0;0;35.0;35.0
22779	0
22779	
22319;0;0;35.0;36.0
22884	0
22884	
22424;0;0;35.0;37.0
22989	0
22989	
22529;0;0;35.0;36.0
23097	0
23097	
22634;0;0;35.0;37.0
23202	0
23202	
22739;0;0;35.0;37.0
23317	0
23317	
22844;0;0;35.0;37.0
23412	0
23412	
22949;0;0;36.0;36.0
23519	0
23519	
23056;0;0;35.0;37.0
23626	0
23626	
23166;0;0;70.0;37.0
23731	0
23731	
23271;0;0;36.0;37.0
23836	0
23836	
23376;0;0;34.0;36.0
23941	0
23941	
23481;0;0;36.0;36.0
24046	0
24046	
23586;0;0;35.0;36.0
24151	0
24151	
23691;0;0;35.0;37.0
24265	0
24265	
23802;0;0;35.0;36.0
24367	0
24367	
23907;0;0;35.0;36.0
24472	0
24472	
24013;0;0;35.0;36.0
24577	0
24577	
24117;0;0;35.0;36.0
24682	0
24682	
24222;0;0;35.0;36.0
24787	0
24787	
24327;0;0;35.0;36.0
24892	0
24892	
24432;0;0;35.0;35.0
24998	0
24998	
24537;0;0;35.0;37.0
25110	0
25110	
24642;0;0;35.0;35.0
25207	0
25207	
24747;0;0;35.0;36.0
25312	0
25312	
24852;0;0;35.0;36.0
25417	0
25417	
24957;0;0;35.0;36.0
25522	0
25522	
25062;0;0;35.0;35.0
25627	0
25627	
25167;0;0;35.0;36.0
25732	0
25732	
25272;0;0;35.0;35.0
25838	0
25838	
25377;0;0;35.0;37.0
25943	0
25943	
25482;0;0;36.0;35.0
26057	0
26057	
25596;0;0;70.0;72.0
26161	0
26161	
25701;0;0;36.0;36.0
26266	0
26266	
25806;0;0;35.0;35.0
26371	0
26371	
25911;0;0;35.0;36.0
26476	0
26476	
26017;0;0;35.0;36.0
26581	0
26581	
26121;0;0;35.0;35.0
26686	0
26686	
26226;0;0;35.0;35.0
26794	0
26794	
26331;0;0;35.0;36.0
26907	0
26907	
26436;0;0;35.0;36.0
27003	0
27003	
26541;0;0;35.0;35.0
27109	0
27109	
26648;0;0;35.0;36.0
27216	0
27216	
26756;0;0;35.0;36.0
27321	0
27321	
26861;0;0;35.0;37.0
27426	0
27426	
26966;0;0;35.0;36.0
27531	0
27531	
27071;0;0;35.0;36.0
27636	0
27636	
27176;0;0;35.0;37.0
27741	0
27741	
27281;0;0;35.0;36.0
27846	0
27846	
27386;0;0;35.0;37.0
27951	0
27951	
27491;0;0;35.0;35.0
28056	0
28056	
27596;0;0;35.0;36.0
28161	0
28161	
27701;0;0;35.0;36.0
28268	0
28268	
27806;0;0;35.0;36.0
28373	0
28373	
27911;0;0;36.0;35.0
28480	0
28480	
28016;0;0;35.0;36.0
28584	0
28584	
28124;0;0;36.0;36.0
28696	0
28696	
28229;0;0;34.0;36.0
28794	0
28794	
28334;0;0;36.0;35.0
28899	0
28899	
28439;0;0;35.0;36.0
29004	0
29004	
28544;0;0;35.0;35.0
29109	0
29109	
28649;0;0;35.0;36.0
29214	0
29214	
28754;0;0;35.0;36.0
29319	0
29319	
28859;0;0;35.0;37.0
29424	0
29424	
28964;0;0;35.0;36.0
29529	0
29529	
29069;0;0;35.0;36.0
29634	0
29634	
29174;0;0;35.0;36.0
29739	0
29739	
29279;0;0;36.0;37.0
29844	0
29844	
29384;0;0;35.0;36.0
29949	0
29949	
29489;0;0;35.0;36.0
30054	0
30054	
29594;0;0;35.0;35.0
30159	0
30159	
29699;0;0;35.0;36.0
30264	0
30264	
29804;0;0;36.0;35.0
30369	0
30369	
29909;0;0;34.0;36.0
30482	0
30482	
30014;0;0;36.0;36.0
30584	0
30584	
30124;0;0;34.0;36.0
30689	0
30689	
30229;0;0;36.0;36.0
30794	0
30794	
30334;0;0;34.0;36.0
30900	0
30900	
30439;0;0;35.0;36.0
31005	0
31005	
30544;0;0;35.0;36.0
31111	0
31111	
30649;0;0;35.0;36.0
31216	0
31216	
30756;0;0;36.0;37.0
31333	0
31333	
30861;0;0;35.0;37.0
31426	0
31426	
30966;0;0;35.0;36.0
31531	0
31531	
31071;0;0;35.0;36.0
31636	0
31636	
31176;0;0;35.0;37.0
31744	0
31744	
31281;0;0;35.0;36.0
31849	0
31849	
31386;0;0;35.0;37.0
31954	0
31954	
31491;0;0;35.0;36.0
32059	0
32059	
31596;0;0;35.0;37.0
32164	0
32164	
31701;0;0;35.0;37.0
32281	0
32281	
31821;0;0;35.0;36.0
32388	0
32388	
31928;0;0;35.0;37.0
32493	0
32493	
32033;0;0;35.0;36.0
32598	0
32598	
32138;0;0;35.0;37.0
32703	0
32703	
32243;0;0;35.0;36.0
32808	0
32808	
32348;0;0;35.0;37.0
32913	0
32913	
32453;0;0;35.0;36.0
33018	0
33018	
32558;0;0;35.0;37.0
33133	0
33133	
32663;0;0;36.0;36.0
33233	0
33233	
32772;0;0;35.0;37.0
33339	0
33339	
32877;0;0;35.0;37.0
33445	0
33445	
32984;0;0;36.0;38.0
33549	0
33549	
33089;0;0;34.0;36.0
33654	0
33654	
33194;0;0;36.0;36.0
33759	0
33759	
33299;0;0;34.0;36.0
33864	0
33864	
33404;0;0;36.0;35.0
33975	0
33975	
33509;0;0;34.0;36.0
34074	0
34074	
33614;0;0;35.0;35.0
34179	0
34179	
33719;0;0;35.0;36.0
34284	0
34284	
33824;0;0;35.0;36.0
34389	0
34389	
33929;0;0;35.0;36.0
34494	0
34494	
34034;0;0;35.0;35.0
34599	0
34599	
34139;0;0;35.0;35.0
34704	0
34704	
34244;0;0;35.0;35.0
34809	0
34809	
34349;0;0;35.0;36.0
34914	0
34914	
34454;0;0;35.0;35.0
35019	0
35019	
34559;0;0;35.0;36.0
35124	0
35124	
34664;0;0;35.0;35.0
35229	0
35229	
34769;0;0;35.0;36.0
35334	0
35334	
34874;0;0;35.0;36.0
35439	0
35439	
34979;0;0;35.0;36.0
35544	0
35544	
35084;0;0;35.0;36.0
35649	0
35649	
35189;0;0;35.0;36.0
35764	0
35764	
35294;0;0;35.0;37.0
35866	0
35866	
35404;0;0;35.0;36.0
35971	0
35971	
35511;0;0;35.0;73.0
36076	0
36076	
35616;0;0;35.0;36.0
36185	0
36185	
35721;0;0;35.0;37.0
36289	0
36289	
35826;0;0;35.0;36.0
36394	0
36394	
35931;0;0;35.0;36.0
36499	0
36499	
36036;0;0;35.0;36.0
36613	0
36613	
36141;0;0;35.0;36.0
36713	0
36713	
36253;0;0;35.0;35.0
36818	0
36818	
36358;0;0;35.0;36.0
36923	0
36923	
36463;0;0;35.0;36.0
37028	0
37028	
36568;0;0;35.0;37.0
37133	0
37133	
36673;0;0;35.0;36.0
37238	0
37238	
36778;0;0;35.0;37.0
37343	0
