milliseconds	Werte
462	0
462	
3;0;0;0.0;0.0
568	0
568	
108;0;0;38.0;36.0
673	0
673	
213;0;0;80.0;80.0
778	0
778	
318;0;0;88.0;92.0
883	0
883	
423;0;0;89.0;94.0
988	0
988	
528;0;0;89.0;95.0
1093	0
1093	
633;0;0;89.0;95.0
1198	0
1198	
738;0;0;89.0;96.0
1303	0
1303	
843;0;0;89.0;95.0
1408	0
1408	
948;0;0;89.0;95.0
1513	0
1513	
1053;0;0;89.0;96.0
1618	0
1618	
1158;0;0;90.0;95.0
1723	0
1723	
1263;0;0;89.0;95.0
1828	0
1828	
1368;0;0;90.0;95.0
1938	0
1938	
1473;0;0;89.0;96.0
2038	0
2038	
1578;0;0;89.0;95.0
2143	0
2143	
1683;0;0;89.0;95.0
2248	0
2248	
1788;0;0;90.0;96.0
2353	0
2353	
1894;0;0;89.0;95.0
2458	0
2458	
1998;0;0;90.0;96.0
2563	0
2563	
2103;0;0;89.0;95.0
2668	0
2668	
2208;0;0;90.0;96.0
2778	0
2778	
2313;0;0;90.0;96.0
2879	0
2879	
2418;0;0;90.0;96.0
2985	0
2985	
2523;0;0;89.0;95.0
3090	0
3090	
2630;0;0;91.0;98.0
3195	0
3195	
2735;0;0;89.0;95.0
3300	0
3300	
2840;0;0;90.0;96.0
3405	0
3405	
2945;0;0;90.0;95.0
3510	0
3510	
3050;0;0;89.0;95.0
3618	0
3618	
3155;0;0;90.0;96.0
3720	0
3720	
3260;0;0;89.0;95.0
3825	0
3825	
3365;0;0;90.0;96.0
3930	0
3930	
3470;0;0;90.0;95.0
4035	0
4035	
3575;0;0;89.0;96.0
4140	0
4140	
3680;0;0;90.0;95.0
4245	0
4245	
3785;0;0;89.0;95.0
4350	0
4350	
3890;0;0;90.0;96.0
4455	0
4455	
3996;0;0;89.0;95.0
4572	0
4572	
4106;0;0;90.0;96.0
4674	0
4674	
4211;0;0;89.0;95.0
4779	0
4779	
4316;0;0;90.0;96.0
4884	0
4884	
4421;0;0;89.0;95.0
4989	0
4989	
4526;0;0;90.0;95.0
5096	0
5096	
4635;0;0;89.0;96.0
5205	0
5205	
4743;0;0;91.0;96.0
5311	0
5311	
4848;0;0;89.0;95.0
5424	0
5424	
4959;0;0;91.0;96.0
5526	0
5526	
5066;0;0;92.0;98.0
5631	0
5631	
5171;0;0;89.0;95.0
5736	0
5736	
5276;0;0;90.0;96.0
5842	0
5842	
5381;0;0;91.0;96.0
5946	0
5946	
5486;0;0;89.0;95.0
6051	0
6051	
5591;0;0;89.0;95.0
6156	0
6156	
5696;0;0;90.0;95.0
6269	0
6269	
5801;0;0;90.0;95.0
6369	0
6369	
5909;0;0;89.0;95.0
6474	0
6474	
6014;0;0;90.0;95.0
6579	0
6579	
6119;0;0;89.0;96.0
6684	0
6684	
6224;0;0;90.0;95.0
6789	0
6789	
6329;0;0;90.0;95.0
6894	0
6894	
6434;0;0;89.0;96.0
6999	0
6999	
6539;0;0;90.0;95.0
7104	0
7104	
6644;0;0;89.0;95.0
7218	0
7218	
6755;0;0;90.0;96.0
7320	0
7320	
6860;0;0;89.0;95.0
7425	0
7425	
6965;0;0;90.0;95.0
7531	0
7531	
7070;0;0;90.0;95.0
7636	0
7636	
7175;0;0;89.0;95.0
7742	0
7742	
7280;0;0;90.0;96.0
7847	0
7847	
7387;0;0;91.0;96.0
7952	0
7952	
7492;0;0;88.0;96.0
8063	0
8063	
7597;0;0;90.0;95.0
8162	0
8162	
7702;0;0;90.0;95.0
8267	0
8267	
7807;0;0;90.0;95.0
8372	0
8372	
7912;0;0;89.0;95.0
8477	0
8477	
8017;0;0;89.0;96.0
8582	0
8582	
8122;0;0;90.0;95.0
8687	0
8687	
8227;0;0;90.0;95.0
8792	0
8792	
8332;0;0;89.0;95.0
8897	0
8897	
8437;0;0;89.0;95.0
9014	0
9014	
8542;0;0;89.0;96.0
9114	0
9114	
8651;0;0;90.0;95.0
9219	0
9219	
8756;0;0;89.0;95.0
9324	0
9324	
8861;0;0;90.0;95.0
9429	0
9429	
8966;0;0;89.0;95.0
9534	0
9534	
9071;0;0;90.0;96.0
9641	0
9641	
9180;0;0;90.0;95.0
9748	0
9748	
9288;0;0;90.0;95.0
9860	0
9860	
9393;0;0;90.0;96.0
9960	0
9960	
9498;0;0;89.0;95.0
10064	0
10064	
9603;0;0;91.0;97.0
10170	0
10170	
9708;0;0;90.0;95.0
10275	0
10275	
9815;0;0;90.0;191.0
10380	0
10380	
9920;0;0;89.0;95.0
10485	0
10485	
10025;0;0;90.0;95.0
10590	0
10590	
10130;0;0;90.0;95.0
10695	0
10695	
10235;0;0;89.0;96.0
10809	0
10809	
10340;0;0;91.0;96.0
10911	0
10911	
10451;0;0;89.0;95.0
11016	0
11016	
10556;0;0;90.0;95.0
11121	0
11121	
10661;0;0;89.0;95.0
11226	0
11226	
10766;0;0;90.0;95.0
11331	0
11331	
10871;0;0;89.0;95.0
11436	0
11436	
10976;0;0;90.0;96.0
11541	0
11541	
11081;0;0;89.0;95.0
11654	0
11654	
11186;0;0;90.0;95.0
11751	0
11751	
11291;0;0;89.0;94.0
11856	0
11856	
11396;0;0;90.0;95.0
11961	0
11961	
11501;0;0;89.0;95.0
12066	0
12066	
11606;0;0;90.0;95.0
12171	0
12171	
11711;0;0;89.0;95.0
12276	0
12276	
11816;0;0;90.0;95.0
12381	0
12381	
11921;0;0;89.0;94.0
12488	0
12488	
12026;0;0;91.0;96.0
12602	0
12602	
12131;0;0;89.0;95.0
12705	0
12705	
12243;0;0;92.0;95.0
12810	0
12810	
12350;0;0;91.0;97.0
12915	0
12915	
12455;0;0;89.0;95.0
13020	0
13020	
12560;0;0;90.0;95.0
13125	0
13125	
12665;0;0;89.0;95.0
13230	0
13230	
12770;0;0;90.0;95.0
13335	0
13335	
12875;0;0;89.0;94.0
13452	0
13452	
12980;0;0;90.0;96.0
13545	0
13545	
13085;0;0;89.0;94.0
13650	0
13650	
13190;0;0;90.0;96.0
13755	0
13755	
13295;0;0;89.0;95.0
13860	0
13860	
13400;0;0;90.0;95.0
13969	0
13969	
13506;0;0;90.0;95.0
14073	0
14073	
13610;0;0;89.0;95.0
14178	0
14178	
13715;0;0;90.0;95.0
14283	0
14283	
13820;0;0;89.0;95.0
14388	0
14388	
13925;0;0;90.0;95.0
14495	0
14495	
14034;0;0;89.0;95.0
14602	0
14602	
14142;0;0;89.0;95.0
14707	0
14707	
14247;0;0;89.0;95.0
14812	0
14812	
14352;0;0;90.0;95.0
14917	0
14917	
14457;0;0;89.0;95.0
15023	0
15023	
14562;0;0;91.0;96.0
15129	0
15129	
14667;0;0;89.0;95.0
15242	0
15242	
14772;0;0;90.0;95.0
15344	0
15344	
14884;0;0;92.0;97.0
15449	0
15449	
14989;0;0;89.0;95.0
15554	0
15554	
15094;0;0;90.0;95.0
15659	0
15659	
15199;0;0;89.0;95.0
15764	0
15764	
15304;0;0;90.0;95.0
15869	0
15869	
15410;0;0;89.0;95.0
15974	0
15974	
15514;0;0;90.0;96.0
16084	0
16084	
15619;0;0;91.0;96.0
16184	0
16184	
15724;0;0;89.0;95.0
16289	0
16289	
15829;0;0;89.0;95.0
16394	0
16394	
15934;0;0;90.0;95.0
16499	0
16499	
16039;0;0;89.0;95.0
16605	0
16605	
16144;0;0;90.0;95.0
16709	0
16709	
16249;0;0;90.0;95.0
16814	0
16814	
16354;0;0;89.0;94.0
16919	0
16919	
16459;0;0;90.0;96.0
17033	0
17033	
16570;0;0;89.0;94.0
17135	0
17135	
16675;0;0;90.0;95.0
17240	0
17240	
16780;0;0;89.0;95.0
17345	0
17345	
16885;0;0;90.0;95.0
17452	0
17452	
16990;0;0;89.0;95.0
17556	0
17556	
17095;0;0;90.0;95.0
17663	0
17663	
17200;0;0;89.0;95.0
17767	0
17767	
17307;0;0;90.0;97.0
17881	0
17881	
17413;0;0;89.0;95.0
17984	0
17984	
17524;0;0;90.0;95.0
18089	0
18089	
17629;0;0;89.0;96.0
18194	0
18194	
17734;0;0;89.0;94.0
18299	0
18299	
17839;0;0;90.0;95.0
18407	0
18407	
17944;0;0;90.0;95.0
18512	0
18512	
18049;0;0;89.0;95.0
18617	0
18617	
18154;0;0;89.0;95.0
18728	0
18728	
18259;0;0;89.0;96.0
18827	0
18827	
18364;0;0;90.0;95.0
18934	0
18934	
18473;0;0;90.0;95.0
19041	0
19041	
18581;0;0;89.0;94.0
19146	0
19146	
18686;0;0;90.0;95.0
19251	0
19251	
18791;0;0;89.0;94.0
19356	0
19356	
18896;0;0;90.0;95.0
19461	0
19461	
19001;0;0;90.0;95.0
19567	0
19567	
19106;0;0;89.0;95.0
19672	0
19672	
19211;0;0;89.0;95.0
19778	0
19778	
19316;0;0;90.0;95.0
19882	0
19882	
19421;0;0;90.0;95.0
19988	0
19988	
19526;0;0;90.0;95.0
20093	0
20093	
19633;0;0;89.0;191.0
20198	0
20198	
19738;0;0;90.0;94.0
20303	0
20303	
19843;0;0;89.0;95.0
20408	0
20408	
19948;0;0;90.0;95.0
20522	0
20522	
20053;0;0;89.0;94.0
20622	0
20622	
20162;0;0;89.0;95.0
20727	0
20727	
20267;0;0;89.0;95.0
20832	0
20832	
20372;0;0;90.0;94.0
20937	0
20937	
20477;0;0;90.0;95.0
21042	0
21042	
20582;0;0;90.0;95.0
21147	0
21147	
20687;0;0;89.0;95.0
21252	0
21252	
20792;0;0;90.0;95.0
21362	0
21362	
20897;0;0;89.0;95.0
21462	0
21462	
21002;0;0;90.0;94.0
21568	0
21568	
21107;0;0;89.0;95.0
21672	0
21672	
21212;0;0;90.0;95.0
21777	0
21777	
21318;0;0;89.0;95.0
21882	0
21882	
21422;0;0;90.0;95.0
21987	0
21987	
21527;0;0;89.0;95.0
22092	0
22092	
21632;0;0;90.0;95.0
22197	0
22197	
21737;0;0;89.0;95.0
22302	0
22302	
21842;0;0;90.0;95.0
22409	0
22409	
21947;0;0;90.0;96.0
22513	0
22513	
22052;0;0;90.0;94.0
22619	0
22619	
22157;0;0;89.0;96.0
22724	0
22724	
22264;0;0;91.0;97.0
22829	0
22829	
22369;0;0;89.0;95.0
22934	0
22934	
22474;0;0;90.0;95.0
23039	0
23039	
22579;0;0;89.0;96.0
23153	0
23153	
22684;0;0;90.0;94.0
23253	0
23253	
22793;0;0;89.0;95.0
23358	0
23358	
22898;0;0;90.0;95.0
23463	0
23463	
23003;0;0;89.0;96.0
23568	0
23568	
23108;0;0;89.0;94.0
23677	0
23677	
23213;0;0;90.0;95.0
23782	0
23782	
23318;0;0;90.0;95.0
23886	0
23886	
23423;0;0;89.0;95.0
23996	0
23996	
23528;0;0;89.0;95.0
24096	0
24096	
23633;0;0;90.0;95.0
24203	0
24203	
23742;0;0;90.0;95.0
24310	0
24310	
23850;0;0;89.0;94.0
24415	0
24415	
23955;0;0;90.0;95.0
24520	0
24520	
24060;0;0;89.0;95.0
24625	0
24625	
24165;0;0;89.0;95.0
24730	0
24730	
24270;0;0;90.0;94.0
24837	0
24837	
24375;0;0;90.0;96.0
24951	0
24951	
24489;0;0;179.0;95.0
25057	0
25057	
24596;0;0;92.0;97.0
25161	0
25161	
24701;0;0;90.0;95.0
25266	0
25266	
24806;0;0;89.0;95.0
25371	0
25371	
24911;0;0;90.0;95.0
25476	0
25476	
25016;0;0;89.0;94.0
25581	0
25581	
25121;0;0;90.0;95.0
25686	0
25686	
25226;0;0;90.0;95.0
25798	0
25798	
25331;0;0;89.0;95.0
25900	0
25900	
25440;0;0;89.0;95.0
26005	0
26005	
25545;0;0;91.0;95.0
26110	0
26110	
25650;0;0;89.0;95.0
26215	0
26215	
25755;0;0;90.0;95.0
26320	0
26320	
25860;0;0;89.0;94.0
26425	0
26425	
25965;0;0;89.0;95.0
26530	0
26530	
26070;0;0;90.0;95.0
26641	0
26641	
26175;0;0;89.0;94.0
26740	0
26740	
26280;0;0;90.0;95.0
26845	0
26845	
26385;0;0;89.0;95.0
26950	0
26950	
26490;0;0;90.0;95.0
27055	0
27055	
26595;0;0;89.0;94.0
27162	0
27162	
26700;0;0;90.0;95.0
27267	0
27267	
26805;0;0;89.0;95.0
27372	0
27372	
26910;0;0;90.0;95.0
27483	0
27483	
27017;0;0;90.0;191.0
27583	0
27583	
27122;0;0;89.0;95.0
27687	0
27687	
27227;0;0;90.0;94.0
27792	0
27792	
27332;0;0;89.0;95.0
27897	0
27897	
27437;0;0;89.0;94.0
28002	0
28002	
27542;0;0;89.0;95.0
28107	0
28107	
27647;0;0;89.0;95.0
28212	0
28212	
27752;0;0;89.0;95.0
28327	0
28327	
27857;0;0;89.0;95.0
28425	0
28425	
27962;0;0;90.0;95.0
28530	0
28530	
28067;0;0;89.0;94.0
28635	0
28635	
28172;0;0;90.0;95.0
28740	0
28740	
28277;0;0;90.0;95.0
28845	0
28845	
28382;0;0;90.0;95.0
28952	0
28952	
28491;0;0;89.0;95.0
29059	0
29059	
28599;0;0;89.0;94.0
29170	0
29170	
28704;0;0;90.0;95.0
29269	0
29269	
28809;0;0;89.0;95.0
29374	0
29374	
28914;0;0;90.0;95.0
29479	0
29479	
29019;0;0;89.0;94.0
29584	0
29584	
29124;0;0;90.0;95.0
29691	0
29691	
29229;0;0;89.0;95.0
29795	0
29795	
29334;0;0;90.0;95.0
29901	0
29901	
29439;0;0;89.0;95.0
30007	0
30007	
29546;0;0;92.0;97.0
30111	0
30111	
29651;0;0;89.0;95.0
30216	0
30216	
29756;0;0;90.0;95.0
30321	0
30321	
29861;0;0;89.0;95.0
30426	0
30426	
29966;0;0;90.0;95.0
30531	0
30531	
30071;0;0;89.0;95.0
30636	0
30636	
30176;0;0;90.0;94.0
30741	0
30741	
30281;0;0;89.0;96.0
30846	0
30846	
30386;0;0;90.0;94.0
30958	0
30958	
30491;0;0;89.0;95.0
31056	0
31056	
30596;0;0;89.0;95.0
31161	0
31161	
30701;0;0;90.0;95.0
31266	0
31266	
30806;0;0;89.0;94.0
31371	0
31371	
30911;0;0;89.0;94.0
31476	0
31476	
31016;0;0;90.0;95.0
31581	0
31581	
31121;0;0;90.0;94.0
31686	0
31686	
31227;0;0;89.0;95.0
31795	0
31795	
31331;0;0;89.0;95.0
31896	0
31896	
31436;0;0;90.0;95.0
32001	0
32001	
31541;0;0;89.0;94.0
32106	0
32106	
31646;0;0;90.0;94.0
32211	0
32211	
31751;0;0;89.0;95.0
32317	0
32317	
31856;0;0;90.0;94.0
32422	0
32422	
31961;0;0;89.0;94.0
32528	0
32528	
32066;0;0;89.0;95.0
32633	0
32633	
32173;0;0;90.0;189.0
32747	0
32747	
32282;0;0;89.0;94.0
32847	0
32847	
32387;0;0;90.0;94.0
32952	0
32952	
32492;0;0;89.0;94.0
33057	0
33057	
32597;0;0;90.0;95.0
33162	0
33162	
32702;0;0;89.0;94.0
33267	0
33267	
32807;0;0;90.0;94.0
33372	0
33372	
32912;0;0;89.0;93.0
33477	0
33477	
33017;0;0;90.0;93.0
33595	0
33595	
33122;0;0;89.0;93.0
33688	0
33688	
33227;0;0;89.0;93.0
33792	0
33792	
33332;0;0;90.0;93.0
33897	0
33897	
33437;0;0;90.0;94.0
34005	0
34005	
33542;0;0;89.0;94.0
34110	0
34110	
33647;0;0;89.0;94.0
34215	0
34215	
33752;0;0;89.0;95.0
34320	0
34320	
33857;0;0;89.0;95.0
34430	0
34430	
33962;0;0;90.0;95.0
34532	0
34532	
34071;0;0;90.0;96.0
34639	0
34639	
34179;0;0;90.0;95.0
34746	0
34746	
34284;0;0;89.0;95.0
34850	0
34850	
34389;0;0;89.0;95.0
34957	0
34957	
34496;0;0;89.0;95.0
35061	0
35061	
34601;0;0;92.0;97.0
35166	0
35166	
34706;0;0;89.0;95.0
35271	0
35271	
34811;0;0;90.0;94.0
35385	0
35385	
34920;0;0;89.0;95.0
35485	0
35485	
35025;0;0;91.0;96.0
35590	0
35590	
35131;0;0;89.0;95.0
35695	0
35695	
35235;0;0;90.0;94.0
35800	0
35800	
35340;0;0;89.0;95.0
35905	0
35905	
35445;0;0;89.0;94.0
36010	0
36010	
35550;0;0;90.0;95.0
36115	0
36115	
35655;0;0;89.0;94.0
36228	0
36228	
35760;0;0;89.0;95.0
36325	0
36325	
35865;0;0;90.0;95.0
36430	0
36430	
35970;0;0;89.0;95.0
36535	0
36535	
36075;0;0;90.0;94.0
36640	0
36640	
36180;0;0;89.0;95.0
36745	0
36745	
36285;0;0;90.0;95.0
36850	0
