0.94
0.94
0.94
0.94
0.94
0.93
0.94
0.94
0.94
0.96
0.94
0.95
0.94
0.94
0.94
0.94
0.94
0.94
0.94
0.89
Initialisierung ok
0.93
0.93
0.93
0.88
0.94
0.93
0.95
0.93
1.04
0.95
0.93
0.93
0.93
0.95
0.93
0.93
0.93
0.97
0.93
0.96
0.93
0.94
0.93
0.96
0.93
0.90
0.93
0.93
0.93
0.96
1.01
0.94
0.93
0.93
0.93
0.94
0.93
0.93
0.93
1.02
0.94
0.93
0.93
0.93
0.94
0.93
0.93
0.93
0.93
0.93
0.93
0.94
0.96
0.94
0.93
0.93
0.95
0.93
0.93
0.93
0.93
0.99
0.93
0.93
0.93
0.93
0.95
0.94
0.95
0.93
0.94
0.94
0.93
0.93
0.90
0.95
0.94
0.93
0.93
0.93
0.94
0.93
0.93
0.88
0.93
0.93
0.93
