
14

0.16
0.16
0.16
0.16
0.16
0.16
0.16
0.16
0.16
0.24
0.16
0.16
0.16
0.16
0.16
0.14
0.14
0.21
0.14
0.13
0.14

0.16
0.16
0.16
0.16
0.16
0.16
0.16
0.16
0.16
0.24
0.16
0.16
0.16
0.16
0.16
0.14
0.14
0.21
0.14
0.13
0.14

0.16
0.16
0.16
0.16
0.16
0.16
0.16
0.16
0.16
0.24
0.16
0.16
0.16
0.16
0.16
0.14
0.14
0.21
0.14
0.13
0.14
Initialisierung ok
0.14
0.14
0.23
0.14
0.14
0.14
0.14
0.14
0.14
0.14
0.17
0.13
0.14
0.14
0.14
0.14
0.14
0.14
0.14
0.14
0.14
0.14
0.14
0.14
0.14
0.14
0.14
0.14
0.14
0.14
0.07
0.14
