milliseconds	Werte
4074	0
4074	
204;0;0;0.0;0.0
4178	0
4178	
307;0;0;37.0;38.0
4282	0
4282	
411;0;0;81.0;81.0
4393	0
4393	
519;0;0;88.0;87.0
4493	0
4493	
622;0;0;86.0;89.0
4597	0
4597	
726;0;0;84.0;88.0
4701	0
4701	
830;0;0;80.0;88.0
4805	0
4805	
934;0;0;79.0;89.0
4909	0
4909	
1038;0;0;78.0;88.0
5013	0
5013	
1142;0;0;78.0;88.0
5117	0
5117	
1246;0;0;77.0;88.0
5221	0
5221	
1350;0;0;77.0;88.0
5325	0
5325	
1454;0;0;76.0;88.0
5429	0
5429	
1558;0;0;76.0;88.0
5533	0
5533	
1662;0;0;75.0;87.0
5637	0
5637	
1766;0;0;75.0;88.0
5741	0
5741	
1870;0;0;75.0;87.0
5845	0
5845	
1974;0;0;74.0;87.0
5956	0
5956	
2078;0;0;78.0;88.0
6053	0
6053	
2182;0;0;91.0;88.0
6157	0
6157	
2286;0;0;95.0;90.0
6261	0
6261	
2390;0;0;97.0;89.0
6365	0
6365	
2494;0;0;97.0;89.0
6469	0
6469	
2598;0;0;97.0;90.0
6573	0
6573	
2702;0;0;97.0;90.0
6677	0
6677	
2806;0;0;97.0;89.0
6781	0
6781	
2910;0;0;96.0;90.0
6885	0
6885	
3014;0;0;98.0;91.0
6989	0
6989	
3118;0;0;98.0;90.0
7093	0
7093	
3222;0;0;98.0;91.0
7198	0
7198	
3326;0;0;98.0;90.0
7302	0
7302	
3430;0;0;98.0;90.0
7406	0
7406	
3534;0;0;98.0;91.0
7519	0
7519	
3638;0;0;98.0;91.0
7616	0
7616	
3745;0;0;198.0;91.0
7719	0
7719	
3848;0;0;97.0;181.0
7823	0
7823	
3952;0;0;97.0;89.0
7927	0
7927	
4056;0;0;96.0;90.0
8031	0
8031	
4160;0;0;97.0;90.0
8135	0
8135	
4264;0;0;97.0;89.0
8239	0
8239	
4368;0;0;96.0;89.0
8343	0
8343	
4472;0;0;97.0;90.0
8447	0
8447	
4576;0;0;97.0;89.0
8551	0
8551	
4680;0;0;97.0;90.0
8655	0
8655	
4784;0;0;97.0;90.0
8759	0
8759	
4888;0;0;97.0;90.0
8863	0
8863	
4992;0;0;97.0;90.0
8967	0
8967	
5096;0;0;97.0;89.0
9071	0
9071	
5200;0;0;96.0;90.0
9175	0
9175	
5304;0;0;97.0;90.0
9279	0
9279	
5408;0;0;97.0;89.0
9383	0
9383	
5512;0;0;97.0;90.0
9487	0
9487	
5616;0;0;98.0;90.0
9591	0
9591	
5720;0;0;97.0;90.0
9695	0
9695	
5824;0;0;97.0;90.0
9799	0
9799	
5928;0;0;98.0;90.0
9908	0
9908	
6032;0;0;97.0;90.0
10007	0
10007	
6136;0;0;97.0;90.0
10111	0
10111	
6240;0;0;97.0;90.0
10215	0
10215	
6344;0;0;97.0;90.0
10319	0
10319	
6448;0;0;97.0;90.0
10425	0
10425	
6552;0;0;97.0;90.0
10527	0
10527	
6656;0;0;97.0;89.0
10631	0
10631	
6760;0;0;96.0;90.0
10745	0
10745	
6868;0;0;97.0;90.0
10843	0
10843	
6971;0;0;98.0;91.0
10950	0
10950	
7075;0;0;99.0;91.0
11051	0
11051	
7179;0;0;98.0;91.0
11155	0
11155	
7283;0;0;98.0;90.0
11261	0
11261	
7390;0;0;198.0;91.0
11364	0
11364	
7493;0;0;97.0;181.0
11470	0
11470	
7597;0;0;97.0;90.0
11572	0
11572	
7701;0;0;98.0;90.0
11676	0
11676	
7805;0;0;97.0;90.0
11780	0
11780	
7909;0;0;97.0;89.0
11884	0
11884	
8013;0;0;97.0;90.0
11990	0
11990	
8117;0;0;97.0;90.0
12092	0
12092	
8221;0;0;96.0;90.0
12196	0
12196	
8325;0;0;97.0;89.0
12312	0
12312	
8429;0;0;96.0;90.0
12404	0
12404	
8533;0;0;96.0;90.0
12508	0
12508	
8637;0;0;97.0;90.0
12612	0
12612	
8741;0;0;98.0;89.0
12716	0
12716	
8845;0;0;97.0;89.0
12820	0
12820	
8949;0;0;97.0;90.0
12924	0
12924	
9053;0;0;97.0;90.0
13028	0
13028	
9157;0;0;97.0;89.0
13132	0
13132	
9261;0;0;97.0;90.0
13236	0
13236	
9365;0;0;97.0;90.0
13340	0
13340	
9469;0;0;97.0;90.0
13444	0
13444	
9573;0;0;97.0;90.0
13548	0
13548	
9677;0;0;97.0;89.0
13652	0
13652	
9781;0;0;97.0;90.0
13756	0
13756	
9885;0;0;97.0;90.0
13871	0
13871	
9989;0;0;96.0;90.0
13964	0
13964	
10093;0;0;97.0;89.0
14068	0
14068	
10197;0;0;98.0;89.0
14172	0
14172	
10301;0;0;97.0;90.0
14276	0
14276	
10405;0;0;97.0;90.0
14380	0
14380	
10509;0;0;98.0;90.0
14485	0
14485	
10613;0;0;97.0;89.0
14595	0
14595	
10717;0;0;98.0;91.0
14693	0
14693	
10821;0;0;98.0;91.0
14797	0
14797	
10925;0;0;98.0;90.0
14906	0
14906	
11032;0;0;196.0;91.0
15009	0
15009	
11135;0;0;97.0;181.0
15113	0
15113	
11239;0;0;97.0;90.0
15217	0
15217	
11343;0;0;97.0;89.0
15321	0
15321	
11447;0;0;98.0;90.0
15433	0
15433	
11555;0;0;96.0;90.0
15532	0
15532	
11658;0;0;97.0;90.0
15636	0
15636	
11762;0;0;97.0;89.0
15740	0
15740	
11866;0;0;96.0;90.0
15844	0
15844	
11970;0;0;98.0;90.0
15948	0
15948	
12074;0;0;97.0;90.0
16052	0
16052	
12178;0;0;97.0;90.0
16164	0
16164	
12282;0;0;97.0;89.0
16257	0
16257	
12386;0;0;97.0;90.0
16361	0
16361	
12490;0;0;96.0;90.0
16465	0
16465	
12594;0;0;96.0;90.0
16569	0
16569	
12698;0;0;96.0;89.0
16673	0
16673	
12802;0;0;96.0;90.0
16777	0
16777	
12906;0;0;96.0;90.0
16881	0
16881	
13010;0;0;96.0;89.0
16985	0
16985	
13114;0;0;97.0;90.0
17089	0
17089	
13218;0;0;96.0;90.0
17193	0
17193	
13322;0;0;97.0;90.0
17297	0
17297	
13426;0;0;97.0;89.0
17401	0
17401	
13530;0;0;96.0;90.0
17505	0
17505	
13634;0;0;97.0;90.0
17609	0
17609	
13738;0;0;96.0;90.0
17726	0
17726	
13846;0;0;96.0;90.0
17825	0
17825	
13949;0;0;98.0;90.0
17929	0
17929	
14053;0;0;97.0;90.0
18033	0
18033	
14157;0;0;96.0;89.0
18137	0
18137	
14261;0;0;98.0;91.0
18241	0
18241	
14365;0;0;98.0;91.0
18346	0
18346	
14472;0;0;198.0;90.0
18456	0
18456	
14575;0;0;97.0;182.0
18550	0
18550	
14679;0;0;97.0;89.0
18654	0
18654	
14783;0;0;97.0;90.0
18758	0
18758	
14887;0;0;97.0;89.0
18862	0
18862	
14991;0;0;97.0;89.0
18966	0
18966	
15095;0;0;97.0;90.0
19070	0
19070	
15199;0;0;96.0;90.0
19174	0
19174	
15303;0;0;97.0;89.0
19278	0
19278	
15407;0;0;97.0;90.0
19382	0
19382	
15511;0;0;97.0;89.0
19491	0
19491	
15615;0;0;97.0;90.0
19590	0
19590	
15719;0;0;97.0;90.0
19694	0
19694	
15823;0;0;97.0;89.0
19798	0
19798	
15927;0;0;96.0;90.0
19902	0
19902	
16031;0;0;97.0;89.0
20006	0
20006	
16135;0;0;97.0;90.0
20110	0
20110	
16239;0;0;97.0;90.0
20214	0
20214	
16343;0;0;97.0;89.0
20318	0
20318	
16447;0;0;97.0;89.0
20422	0
20422	
16551;0;0;97.0;90.0
20526	0
20526	
16655;0;0;97.0;90.0
20630	0
20630	
16759;0;0;96.0;89.0
20745	0
20745	
16863;0;0;96.0;90.0
20838	0
20838	
16967;0;0;97.0;90.0
20942	0
20942	
17071;0;0;96.0;89.0
21046	0
21046	
17175;0;0;97.0;91.0
21150	0
21150	
17279;0;0;97.0;90.0
21254	0
21254	
17383;0;0;97.0;90.0
21358	0
21358	
17487;0;0;96.0;89.0
21475	0
21475	
17591;0;0;97.0;90.0
21566	0
21566	
17695;0;0;97.0;90.0
21671	0
21671	
17799;0;0;98.0;92.0
21775	0
21775	
17903;0;0;97.0;90.0
21879	0
21879	
18007;0;0;97.0;91.0
21983	0
21983	
18111;0;0;98.0;90.0
22089	0
22089	
18218;0;0;195.0;91.0
22192	0
22192	
18321;0;0;97.0;181.0
22296	0
22296	
18425;0;0;98.0;90.0
22400	0
22400	
18529;0;0;97.0;89.0
22504	0
22504	
18633;0;0;97.0;90.0
22608	0
22608	
18737;0;0;98.0;89.0
22712	0
22712	
18841;0;0;97.0;90.0
22816	0
22816	
18945;0;0;97.0;90.0
22920	0
22920	
19049;0;0;97.0;90.0
23035	0
23035	
19157;0;0;97.0;90.0
23134	0
23134	
19260;0;0;97.0;90.0
23238	0
23238	
19364;0;0;96.0;89.0
23342	0
23342	
19468;0;0;97.0;89.0
23446	0
23446	
19572;0;0;98.0;89.0
23550	0
23550	
19676;0;0;97.0;90.0
23654	0
23654	
19780;0;0;97.0;90.0
23766	0
23766	
19884;0;0;98.0;90.0
23859	0
23859	
19988;0;0;97.0;89.0
23963	0
23963	
20092;0;0;97.0;89.0
24067	0
24067	
20196;0;0;97.0;90.0
24171	0
24171	
20300;0;0;97.0;90.0
24275	0
24275	
20404;0;0;97.0;90.0
24384	0
24384	
20508;0;0;98.0;89.0
24493	0
24493	
20612;0;0;97.0;90.0
24587	0
24587	
20716;0;0;97.0;90.0
24691	0
24691	
20820;0;0;98.0;89.0
24795	0
24795	
20924;0;0;97.0;90.0
24899	0
24899	
21028;0;0;96.0;89.0
25003	0
25003	
21132;0;0;96.0;89.0
25107	0
25107	
21236;0;0;97.0;90.0
25211	0
25211	
21340;0;0;98.0;90.0
25316	0
25316	
21444;0;0;98.0;91.0
25420	0
25420	
21548;0;0;98.0;90.0
25524	0
25524	
21652;0;0;97.0;91.0
25628	0
25628	
21756;0;0;98.0;91.0
25734	0
25734	
21863;0;0;195.0;90.0
25837	0
25837	
21966;0;0;96.0;181.0
25941	0
25941	
22070;0;0;97.0;90.0
26056	0
26056	
22181;0;0;97.0;90.0
26158	0
26158	
22284;0;0;97.0;89.0
26262	0
26262	
22388;0;0;96.0;90.0
26366	0
26366	
22492;0;0;97.0;90.0
26470	0
26470	
22596;0;0;97.0;89.0
26574	0
26574	
22700;0;0;97.0;90.0
26678	0
26678	
22804;0;0;96.0;89.0
26790	0
26790	
22908;0;0;97.0;89.0
26886	0
26886	
23012;0;0;97.0;90.0
26990	0
26990	
23116;0;0;96.0;89.0
27094	0
27094	
23220;0;0;97.0;90.0
27198	0
27198	
23324;0;0;97.0;90.0
27302	0
27302	
23428;0;0;97.0;89.0
27406	0
27406	
23532;0;0;97.0;90.0
27513	0
27513	
23636;0;0;97.0;90.0
27614	0
27614	
23740;0;0;97.0;89.0
27718	0
27718	
23844;0;0;96.0;90.0
27824	0
27824	
23948;0;0;97.0;89.0
27926	0
27926	
24052;0;0;96.0;90.0
28030	0
28030	
24156;0;0;96.0;90.0
28134	0
28134	
24260;0;0;97.0;89.0
28238	0
28238	
24364;0;0;96.0;90.0
28342	0
28342	
24468;0;0;97.0;90.0
28446	0
28446	
24572;0;0;98.0;90.0
28550	0
28550	
24676;0;0;97.0;90.0
28654	0
28654	
24780;0;0;98.0;91.0
28760	0
28760	
24884;0;0;98.0;90.0
28864	0
28864	
24988;0;0;97.0;91.0
28968	0
28968	
25092;0;0;97.0;90.0
29080	0
29080	
25206;0;0;96.0;89.0
29183	0
29183	
25312;0;0;198.0;184.0
29289	0
29289	
25417;0;0;97.0;89.0
29396	0
29396	
25525;0;0;96.0;90.0
29501	0
29501	
25631;0;0;95.0;89.0
29606	0
29606	
25736;0;0;97.0;89.0
29711	0
29711	
25840;0;0;96.0;90.0
29822	0
29822	
25946;0;0;98.0;89.0
29921	0
29921	
26050;0;0;96.0;90.0
30026	0
30026	
26156;0;0;97.0;90.0
30131	0
30131	
26261;0;0;97.0;89.0
30236	0
30236	
26366;0;0;96.0;89.0
30341	0
30341	
26470;0;0;96.0;90.0
30446	0
30446	
26575;0;0;97.0;90.0
30555	0
30555	
26680;0;0;97.0;89.0
30656	0
30656	
26786;0;0;97.0;89.0
30761	0
30761	
26890;0;0;96.0;90.0
30866	0
30866	
26996;0;0;97.0;89.0
30971	0
30971	
27101;0;0;97.0;90.0
31076	0
31076	
27205;0;0;96.0;90.0
31181	0
31181	
27311;0;0;96.0;89.0
31286	0
31286	
27416;0;0;97.0;89.0
31393	0
31393	
27521;0;0;96.0;89.0
31498	0
31498	
27626;0;0;96.0;89.0
31603	0
31603	
27732;0;0;195.0;90.0
31706	0
31706	
27836;0;0;97.0;181.0
31810	0
31810	
27939;0;0;96.0;91.0
31914	0
31914	
28043;0;0;96.0;89.0
32018	0
32018	
28147;0;0;97.0;90.0
32122	0
32122	
28251;0;0;97.0;89.0
32226	0
32226	
28355;0;0;96.0;90.0
32330	0
32330	
28459;0;0;97.0;90.0
32434	0
32434	
28563;0;0;96.0;90.0
32538	0
32538	
28667;0;0;96.0;90.0
32642	0
32642	
28771;0;0;96.0;89.0
32747	0
32747	
28875;0;0;97.0;90.0
32857	0
32857	
28979;0;0;97.0;90.0
32954	0
32954	
29083;0;0;98.0;89.0
33058	0
33058	
29187;0;0;97.0;90.0
33162	0
