milliseconds	Werte
5010	0
5010	
208;0;0;0.0;0.0
5112	0
5112	
311;0;0;20.0;24.0
5216	0
5216	
415;0;0;43.0;49.0
5320	0
5320	
519;0;0;51.0;54.0
5424	0
5424	
623;0;0;53.0;54.0
5528	0
5528	
727;0;0;53.0;54.0
5632	0
5632	
831;0;0;54.0;54.0
5736	0
5736	
935;0;0;55.0;55.0
5840	0
5840	
1039;0;0;54.0;54.0
5944	0
5944	
1143;0;0;54.0;55.0
6048	0
6048	
1247;0;0;54.0;54.0
6152	0
6152	
1351;0;0;54.0;54.0
6256	0
6256	
1455;0;0;55.0;54.0
6360	0
6360	
1559;0;0;54.0;54.0
6464	0
6464	
1663;0;0;54.0;55.0
6573	0
6573	
1767;0;0;55.0;54.0
6672	0
6672	
1871;0;0;54.0;54.0
6776	0
6776	
1975;0;0;54.0;55.0
6880	0
6880	
2079;0;0;54.0;54.0
6984	0
6984	
2183;0;0;54.0;54.0
7088	0
7088	
2287;0;0;55.0;55.0
7192	0
7192	
2391;0;0;54.0;54.0
7296	0
7296	
2495;0;0;54.0;54.0
7400	0
7400	
2599;0;0;54.0;54.0
7504	0
7504	
2703;0;0;54.0;55.0
7608	0
7608	
2807;0;0;54.0;54.0
7712	0
7712	
2911;0;0;54.0;54.0
7816	0
7816	
3015;0;0;54.0;55.0
7920	0
7920	
3119;0;0;55.0;54.0
8025	0
8025	
3223;0;0;55.0;55.0
8135	0
8135	
3327;0;0;54.0;55.0
8233	0
8233	
3431;0;0;54.0;54.0
8337	0
8337	
3535;0;0;56.0;55.0
8442	0
8442	
3642;0;0;110.0;55.0
8546	0
8546	
3745;0;0;54.0;110.0
8650	0
8650	
3849;0;0;54.0;54.0
8754	0
8754	
3953;0;0;55.0;54.0
8858	0
8858	
4057;0;0;54.0;55.0
8962	0
8962	
4161;0;0;54.0;54.0
9066	0
9066	
4265;0;0;55.0;55.0
9170	0
9170	
4369;0;0;54.0;54.0
9274	0
9274	
4473;0;0;54.0;54.0
9378	0
9378	
4577;0;0;54.0;55.0
9482	0
9482	
4681;0;0;54.0;54.0
9588	0
9588	
4785;0;0;54.0;54.0
9701	0
9701	
4895;0;0;55.0;54.0
9802	0
9802	
4998;0;0;54.0;55.0
9905	0
9905	
5102;0;0;54.0;54.0
10010	0
10010	
5206;0;0;55.0;54.0
10116	0
10116	
5314;0;0;54.0;55.0
10223	0
10223	
5422;0;0;55.0;54.0
10327	0
10327	
5526;0;0;54.0;54.0
10435	0
10435	
5630;0;0;54.0;55.0
10535	0
10535	
5734;0;0;55.0;54.0
10639	0
10639	
5838;0;0;54.0;54.0
10743	0
10743	
5942;0;0;55.0;55.0
10847	0
10847	
6046;0;0;54.0;54.0
10951	0
10951	
6150;0;0;55.0;54.0
11055	0
11055	
6254;0;0;54.0;54.0
11159	0
11159	
6358;0;0;55.0;54.0
11264	0
11264	
6462;0;0;54.0;54.0
11370	0
11370	
6566;0;0;55.0;55.0
11472	0
11472	
6670;0;0;55.0;55.0
11576	0
11576	
6774;0;0;55.0;54.0
11681	0
11681	
6881;0;0;111.0;55.0
11785	0
11785	
6984;0;0;54.0;110.0
11889	0
11889	
7088;0;0;55.0;54.0
12001	0
12001	
7199;0;0;54.0;54.0
12103	0
12103	
7302;0;0;55.0;54.0
12207	0
12207	
7406;0;0;54.0;54.0
12311	0
12311	
7510;0;0;55.0;55.0
12417	0
12417	
7614;0;0;54.0;54.0
12519	0
12519	
7718;0;0;55.0;54.0
12623	0
12623	
7822;0;0;54.0;55.0
12734	0
12734	
7926;0;0;55.0;54.0
12831	0
12831	
8030;0;0;54.0;54.0
12937	0
12937	
8134;0;0;55.0;54.0
13039	0
13039	
8238;0;0;54.0;54.0
13143	0
13143	
8342;0;0;55.0;54.0
13247	0
13247	
8446;0;0;54.0;55.0
13351	0
13351	
8550;0;0;55.0;54.0
13455	0
13455	
8654;0;0;54.0;54.0
13559	0
13559	
8758;0;0;55.0;55.0
13663	0
13663	
8862;0;0;55.0;54.0
13767	0
13767	
8966;0;0;54.0;54.0
13871	0
13871	
9070;0;0;55.0;55.0
13975	0
13975	
9174;0;0;54.0;54.0
14079	0
14079	
9278;0;0;55.0;55.0
14183	0
14183	
9382;0;0;55.0;54.0
14295	0
14295	
9486;0;0;55.0;55.0
14391	0
14391	
9590;0;0;54.0;54.0
14497	0
14497	
9694;0;0;55.0;55.0
14602	0
14602	
9798;0;0;55.0;54.0
14706	0
14706	
9902;0;0;55.0;55.0
14810	0
14810	
10006;0;0;55.0;55.0
14916	0
14916	
10110;0;0;55.0;54.0
15021	0
15021	
10219;0;0;109.0;55.0
15134	0
15134	
10329;0;0;54.0;108.0
15233	0
15233	
10432;0;0;55.0;55.0
15337	0
15337	
10536;0;0;55.0;54.0
15441	0
15441	
10640;0;0;54.0;54.0
15545	0
15545	
10744;0;0;55.0;55.0
15649	0
15649	
10848;0;0;55.0;54.0
15753	0
15753	
10952;0;0;54.0;54.0
15857	0
15857	
11056;0;0;55.0;55.0
15961	0
15961	
11160;0;0;54.0;54.0
16065	0
16065	
11264;0;0;55.0;54.0
16169	0
16169	
11368;0;0;54.0;54.0
16273	0
16273	
11472;0;0;55.0;55.0
16377	0
16377	
11576;0;0;55.0;54.0
16481	0
16481	
11680;0;0;54.0;55.0
16585	0
16585	
11784;0;0;55.0;54.0
16696	0
16696	
11888;0;0;54.0;54.0
16793	0
16793	
11992;0;0;55.0;54.0
16897	0
16897	
12096;0;0;55.0;54.0
17003	0
17003	
12200;0;0;54.0;54.0
17105	0
17105	
12304;0;0;55.0;55.0
17209	0
17209	
12408;0;0;54.0;54.0
17313	0
17313	
12512;0;0;55.0;54.0
17417	0
17417	
12616;0;0;55.0;54.0
17521	0
17521	
12720;0;0;54.0;55.0
17625	0
17625	
12824;0;0;55.0;54.0
17729	0
17729	
12928;0;0;55.0;54.0
17833	0
17833	
13032;0;0;54.0;55.0
17937	0
17937	
13136;0;0;55.0;54.0
18042	0
18042	
13240;0;0;55.0;55.0
18146	0
18146	
13344;0;0;55.0;55.0
18255	0
18255	
13448;0;0;55.0;54.0
18354	0
18354	
13552;0;0;56.0;55.0
18460	0
18460	
13659;0;0;110.0;55.0
18563	0
18563	
13762;0;0;55.0;110.0
18667	0
18667	
13866;0;0;55.0;54.0
18771	0
18771	
13970;0;0;54.0;54.0
18875	0
18875	
14074;0;0;55.0;55.0
18979	0
18979	
14178;0;0;55.0;54.0
19083	0
19083	
14282;0;0;54.0;54.0
19187	0
19187	
14386;0;0;54.0;55.0
19291	0
19291	
14490;0;0;55.0;54.0
19395	0
19395	
14594;0;0;55.0;54.0
19499	0
19499	
14698;0;0;54.0;54.0
19603	0
19603	
14802;0;0;55.0;55.0
19707	0
19707	
14906;0;0;55.0;54.0
19821	0
19821	
15010;0;0;54.0;54.0
19915	0
19915	
15114;0;0;54.0;54.0
20019	0
20019	
15218;0;0;55.0;55.0
20126	0
20126	
15322;0;0;55.0;54.0
20229	0
20229	
15426;0;0;54.0;54.0
20334	0
20334	
15530;0;0;55.0;54.0
20438	0
20438	
15634;0;0;54.0;55.0
20542	0
20542	
15738;0;0;55.0;54.0
20653	0
20653	
15852;0;0;54.0;54.0
20757	0
20757	
15956;0;0;55.0;55.0
20861	0
20861	
16060;0;0;55.0;54.0
20965	0
20965	
16164;0;0;54.0;54.0
21069	0
21069	
16268;0;0;55.0;54.0
21173	0
21173	
16372;0;0;54.0;54.0
21277	0
21277	
16476;0;0;55.0;54.0
21391	0
21391	
16580;0;0;55.0;55.0
21486	0
21486	
16684;0;0;54.0;54.0
21590	0
21590	
16788;0;0;55.0;56.0
21694	0
21694	
16892;0;0;55.0;54.0
21800	0
21800	
16999;0;0;111.0;55.0
21905	0
21905	
17102;0;0;55.0;110.0
22007	0
22007	
17206;0;0;54.0;54.0
22115	0
22115	
17310;0;0;55.0;54.0
22215	0
22215	
17414;0;0;54.0;55.0
22319	0
22319	
17518;0;0;55.0;54.0
22423	0
22423	
17622;0;0;54.0;54.0
22527	0
22527	
17726;0;0;55.0;54.0
22631	0
22631	
17830;0;0;54.0;55.0
22735	0
22735	
17934;0;0;55.0;54.0
22839	0
22839	
18038;0;0;54.0;54.0
22943	0
22943	
18142;0;0;55.0;55.0
23047	0
23047	
18246;0;0;55.0;54.0
23151	0
23151	
18350;0;0;54.0;54.0
23255	0
23255	
18454;0;0;55.0;54.0
23359	959723828
993016624	993342510
809186612	774897664
65451	289669379
24406	0
24406	
19598;0;0;55.0;54.0
24503	0
24503	
19702;0;0;54.0;55.0
24607	0
24607	
19806;0;0;55.0;54.0
24711	0
24711	
19910;0;0;54.0;54.0
24815	0
24815	
20014;0;0;54.0;55.0
24919	0
24919	
20118;0;0;54.0;54.0
25023	0
25023	
20222;0;0;55.0;54.0
25134	0
25134	
20326;0;0;55.0;55.0
25232	0
25232	
20430;0;0;55.0;54.0
-2100099841	26275
171061556	926038832
993016629	875442235
892612144	0
26379	0
26379	
21576;0;0;55.0;55.0
26483	0
26483	
21680;0;0;54.0;54.0
26589	0
26589	
21788;0;0;55.0;54.0
26693	0
26693	
21892;0;0;54.0;54.0
26797	0
26797	
21996;0;0;55.0;54.0
26901	0
26901	
22100;0;0;54.0;55.0
27005	0
27005	
22204;0;0;55.0;54.0
27109	0
27109	
22308;0;0;54.0;54.0
27213	0
