milliseconds	Werte
9788	0
9788	
204;0;0;0.0;0.0
9892	0
9892	
307;0;0;24.0;30.0
9996	0
9996	
411;0;0;53.0;58.0
10100	0
10100	
515;0;0;60.0;64.0
10204	0
10204	
619;0;0;64.0;64.0
10308	0
10308	
723;0;0;64.0;64.0
10412	0
10412	
827;0;0;64.0;65.0
10516	0
10516	
931;0;0;65.0;64.0
10620	0
10620	
1035;0;0;64.0;65.0
10724	0
10724	
1139;0;0;65.0;64.0
10828	0
10828	
1243;0;0;65.0;64.0
10932	0
10932	
1347;0;0;64.0;65.0
11036	0
11036	
1451;0;0;65.0;64.0
11140	0
11140	
1555;0;0;65.0;64.0
11244	0
11244	
1659;0;0;64.0;65.0
11348	0
11348	
1763;0;0;65.0;64.0
11460	0
11460	
1874;0;0;65.0;65.0
11562	0
11562	
1977;0;0;64.0;64.0
11666	0
11666	
2081;0;0;65.0;64.0
11770	0
11770	
2185;0;0;65.0;65.0
11874	0
11874	
2289;0;0;64.0;64.0
11978	0
11978	
2393;0;0;65.0;64.0
12082	0
12082	
2497;0;0;64.0;65.0
12193	0
12193	
2601;0;0;65.0;64.0
12290	0
12290	
2705;0;0;65.0;64.0
12394	0
12394	
2809;0;0;64.0;65.0
12498	0
12498	
2913;0;0;65.0;64.0
12602	0
12602	
3017;0;0;64.0;64.0
12707	0
12707	
3121;0;0;65.0;65.0
12811	0
12811	
3225;0;0;65.0;65.0
12915	0
12915	
3329;0;0;65.0;65.0
13019	0
13019	
3433;0;0;65.0;65.0
13125	0
13125	
3540;0;0;131.0;65.0
13228	0
13228	
3643;0;0;64.0;129.0
13332	0
13332	
3747;0;0;64.0;65.0
13436	0
13436	
3851;0;0;63.0;64.0
13540	0
13540	
3955;0;0;64.0;65.0
13644	0
13644	
4059;0;0;64.0;64.0
13755	0
13755	
4163;0;0;64.0;64.0
13852	0
13852	
4267;0;0;64.0;64.0
13956	0
13956	
4371;0;0;64.0;64.0
14060	0
14060	
4475;0;0;64.0;64.0
14164	0
14164	
4579;0;0;64.0;64.0
14268	0
14268	
4683;0;0;64.0;64.0
14372	0
14372	
4787;0;0;64.0;64.0
14476	0
14476	
4891;0;0;64.0;64.0
14580	0
14580	
4995;0;0;64.0;65.0
14684	0
14684	
5099;0;0;64.0;64.0
14788	0
14788	
5203;0;0;65.0;64.0
14892	0
14892	
5307;0;0;64.0;65.0
14996	0
14996	
5411;0;0;64.0;64.0
15100	0
15100	
5515;0;0;64.0;64.0
15204	0
15204	
5619;0;0;64.0;65.0
15318	0
15318	
5727;0;0;64.0;64.0
15418	0
15418	
5830;0;0;64.0;65.0
15521	0
15521	
5934;0;0;64.0;64.0
15625	0
15625	
6038;0;0;64.0;64.0
15730	0
15730	
6142;0;0;64.0;65.0
15833	0
15833	
6246;0;0;64.0;64.0
15937	0
15937	
6350;0;0;65.0;65.0
16052	0
16052	
6458;0;0;64.0;64.0
16150	0
16150	
6562;0;0;64.0;64.0
16252	0
16252	
6666;0;0;65.0;65.0
16356	0
16356	
6770;0;0;64.0;65.0
16460	0
16460	
6874;0;0;65.0;65.0
16566	0
16566	
6981;0;0;131.0;65.0
16671	0
16671	
7084;0;0;64.0;130.0
16773	0
16773	
7188;0;0;64.0;64.0
16877	0
16877	
7292;0;0;64.0;65.0
16981	0
16981	
7396;0;0;64.0;64.0
17085	0
17085	
7500;0;0;65.0;64.0
17191	0
17191	
7604;0;0;64.0;65.0
17293	0
17293	
7708;0;0;64.0;64.0
17397	0
17397	
7812;0;0;64.0;64.0
17501	0
17501	
7916;0;0;65.0;64.0
17609	0
17609	
8020;0;0;64.0;65.0
17711	0
17711	
8124;0;0;64.0;64.0
17813	0
17813	
8228;0;0;64.0;64.0
17917	0
17917	
8332;0;0;64.0;65.0
18021	0
18021	
8436;0;0;64.0;64.0
18125	0
18125	
8540;0;0;65.0;64.0
18229	0
18229	
8644;0;0;64.0;65.0
18333	0
18333	
8748;0;0;64.0;64.0
18444	0
18444	
8852;0;0;65.0;65.0
18541	0
18541	
8956;0;0;65.0;65.0
18645	0
18645	
9060;0;0;64.0;64.0
18749	0
18749	
9164;0;0;64.0;64.0
18853	0
18853	
9268;0;0;64.0;65.0
18957	0
18957	
9372;0;0;63.0;64.0
19061	0
19061	
9476;0;0;64.0;64.0
19165	0
19165	
9580;0;0;64.0;64.0
19269	0
19269	
9684;0;0;64.0;65.0
19373	0
19373	
9788;0;0;64.0;64.0
19477	0
19477	
9892;0;0;64.0;64.0
19581	0
19581	
9996;0;0;64.0;64.0
19685	0
19685	
10100;0;0;64.0;64.0
19789	0
19789	
10204;0;0;64.0;64.0
19893	0
19893	
10308;0;0;65.0;66.0
20003	0
20003	
10412;0;0;65.0;65.0
20102	0
20102	
10516;0;0;64.0;64.0
20206	0
20206	
10620;0;0;66.0;66.0
20313	0
20313	
10724;0;0;64.0;65.0
20418	0
20418	
10831;0;0;130.0;65.0
20521	0
20521	
10934;0;0;64.0;129.0
20625	0
20625	
11038;0;0;65.0;65.0
20729	0
20729	
11142;0;0;64.0;64.0
20835	0
20835	
11250;0;0;64.0;64.0
20939	0
20939	
11354;0;0;64.0;65.0
21043	0
21043	
11458;0;0;65.0;64.0
21147	0
21147	
11562;0;0;64.0;64.0
21251	0
21251	
11666;0;0;64.0;64.0
21355	0
21355	
11770;0;0;64.0;64.0
21459	0
21459	
11874;0;0;64.0;65.0
21568	0
21568	
11978;0;0;64.0;64.0
21667	0
21667	
12082;0;0;64.0;64.0
21771	0
21771	
12186;0;0;64.0;65.0
21875	0
21875	
12290;0;0;64.0;64.0
21979	0
21979	
12394;0;0;64.0;64.0
22083	0
22083	
12498;0;0;64.0;64.0
22187	0
22187	
12602;0;0;64.0;65.0
22291	0
22291	
12706;0;0;64.0;64.0
22403	0
22403	
12817;0;0;64.0;64.0
22505	0
22505	
12920;0;0;64.0;64.0
22609	0
22609	
13024;0;0;65.0;64.0
22713	0
22713	
13128;0;0;64.0;64.0
22817	0
22817	
13232;0;0;64.0;64.0
22921	0
22921	
13336;0;0;64.0;64.0
23025	0
23025	
13440;0;0;65.0;64.0
23133	0
23133	
13544;0;0;65.0;65.0
23233	0
23233	
13648;0;0;65.0;65.0
23337	0
23337	
13752;0;0;66.0;66.0
23442	0
23442	
13856;0;0;64.0;64.0
23546	0
23546	
13960;0;0;65.0;65.0
23651	0
23651	
14064;0;0;65.0;65.0
23754	0
23754	
14168;0;0;65.0;64.0
23860	0
23860	
14275;0;0;131.0;66.0
23963	0
23963	
14378;0;0;64.0;129.0
24067	0
24067	
14482;0;0;65.0;65.0
24171	0
24171	
14586;0;0;64.0;64.0
24275	0
24275	
14690;0;0;64.0;64.0
24379	0
24379	
14794;0;0;65.0;64.0
24483	0
24483	
14898;0;0;64.0;64.0
24587	0
24587	
15002;0;0;65.0;64.0
24702	0
24702	
15110;0;0;64.0;65.0
24800	0
24800	
15213;0;0;64.0;64.0
24904	0
24904	
15317;0;0;64.0;64.0
25009	0
25009	
15421;0;0;64.0;65.0
25113	0
25113	
15525;0;0;65.0;64.0
25218	0
25218	
15629;0;0;64.0;64.0
25320	0
25320	
15733;0;0;64.0;64.0
25431	0
25431	
15842;0;0;65.0;64.0
25530	0
25530	
15945;0;0;65.0;65.0
25634	0
25634	
16049;0;0;64.0;64.0
25738	0
25738	
16153;0;0;64.0;64.0
25842	0
25842	
16257;0;0;65.0;64.0
25946	0
25946	
16361;0;0;64.0;65.0
26050	0
26050	
16465;0;0;65.0;64.0
26154	0
26154	
16569;0;0;64.0;64.0
26258	0
26258	
16673;0;0;64.0;64.0
26362	0
26362	
16777;0;0;65.0;64.0
26466	0
26466	
16881;0;0;64.0;64.0
26570	0
26570	
16985;0;0;65.0;65.0
26674	0
26674	
17089;0;0;64.0;64.0
26778	0
26778	
17193;0;0;65.0;64.0
26883	0
26883	
17297;0;0;65.0;65.0
26996	0
26996	
17410;0;0;129.0;65.0
27100	0
27100	
17515;0;0;67.0;131.0
27204	0
27204	
17619;0;0;65.0;64.0
27308	0
27308	
17723;0;0;64.0;64.0
27412	0
27412	
17827;0;0;65.0;64.0
27516	0
27516	
17931;0;0;64.0;64.0
27620	0
27620	
18035;0;0;65.0;64.0
27731	0
27731	
18139;0;0;64.0;65.0
27828	0
27828	
18243;0;0;65.0;64.0
27932	0
27932	
18347;0;0;64.0;64.0
28036	0
28036	
18451;0;0;65.0;64.0
28140	0
28140	
18555;0;0;65.0;65.0
28244	0
28244	
18659;0;0;64.0;64.0
28348	0
28348	
18763;0;0;65.0;64.0
28456	0
28456	
18867;0;0;65.0;64.0
28556	0
28556	
18971;0;0;64.0;64.0
28660	0
28660	
19075;0;0;65.0;64.0
28764	0
28764	
19179;0;0;64.0;65.0
28868	0
28868	
19283;0;0;64.0;64.0
28972	0
28972	
19387;0;0;64.0;64.0
29076	0
29076	
19491;0;0;64.0;64.0
29180	0
29180	
19595;0;0;65.0;64.0
29284	0
29284	
19699;0;0;65.0;64.0
29388	0
29388	
19803;0;0;65.0;64.0
29492	0
29492	
19907;0;0;64.0;64.0
29596	0
29596	
20011;0;0;65.0;64.0
29700	0
29700	
20115;0;0;65.0;64.0
29804	0
29804	
20219;0;0;65.0;64.0
29908	0
29908	
20323;0;0;65.0;64.0
30024	0
30024	
20434;0;0;64.0;64.0
26861	2036075058
825505843	993016624
993408046	809186868
774897664	65451
1760362755	31172
31172	
21587;0;0;65.0;64.0
0	31276
31276	
21691;0;0;64.0;64.0
0	31380
31380	
21795;0;0;65.0;64.0
0	31486
31486	
21899;0;0;65.0;63.0
0	31588
31588	
22003;0;0;65.0;64.0
0	31692
31692	
22107;0;0;64.0;64.0
0	31796
31796	
22211;0;0;64.0;64.0
0	31900
31900	
22315;0;0;65.0;64.0
0	32004
