milliseconds	Werte
5597	0
5597	
204;0;0;0.0;0.0
5701	0
5701	
307;0;0;14.0;15.0
5805	0
5805	
411;0;0;28.0;31.0
5909	0
5909	
515;0;0;33.0;34.0
6013	0
6013	
619;0;0;37.0;37.0
6116	0
6116	
722;0;0;36.0;37.0
6220	0
6220	
826;0;0;37.0;38.0
6324	0
6324	
930;0;0;36.0;36.0
6428	0
6428	
1034;0;0;35.0;35.0
6532	0
6532	
1138;0;0;34.0;35.0
6636	0
6636	
1242;0;0;35.0;34.0
6740	0
6740	
1346;0;0;34.0;35.0
6852	0
6852	
1456;0;0;35.0;33.0
6953	0
6953	
1559;0;0;35.0;34.0
7057	0
7057	
1663;0;0;36.0;35.0
7161	0
7161	
1767;0;0;36.0;35.0
7265	0
7265	
1871;0;0;37.0;35.0
7369	0
7369	
1975;0;0;36.0;36.0
7473	0
7473	
2079;0;0;35.0;35.0
7581	0
7581	
2183;0;0;34.0;35.0
7680	0
7680	
2286;0;0;34.0;35.0
7784	0
7784	
2390;0;0;34.0;35.0
7887	0
7887	
2493;0;0;35.0;33.0
7991	0
7991	
2597;0;0;35.0;34.0
8095	0
8095	
2701;0;0;36.0;34.0
8198	0
8198	
2804;0;0;36.0;35.0
8302	0
8302	
2908;0;0;37.0;37.0
8416	0
8416	
3012;0;0;36.0;36.0
8510	0
8510	
3116;0;0;35.0;35.0
8614	0
8614	
3220;0;0;34.0;35.0
8718	0
8718	
3323;0;0;34.0;35.0
8821	0
8821	
3426;0;0;34.0;35.0
8925	0
8925	
3530;0;0;34.0;35.0
9028	0
9028	
3633;0;0;35.0;35.0
9131	0
9131	
3738;0;0;70.0;34.0
9235	0
9235	
3841;0;0;36.0;72.0
9339	0
9339	
3945;0;0;37.0;36.0
9443	0
9443	
4049;0;0;35.0;35.0
9546	0
9546	
4152;0;0;34.0;36.0
9650	0
9650	
4256;0;0;34.0;35.0
9754	0
9754	
4360;0;0;34.0;36.0
9858	0
9858	
4464;0;0;34.0;34.0
9968	0
9968	
4567;0;0;35.0;34.0
10064	0
10064	
4670;0;0;35.0;34.0
10168	0
10168	
4774;0;0;35.0;36.0
10272	0
10272	
4878;0;0;36.0;36.0
10376	0
10376	
4982;0;0;37.0;36.0
10480	0
10480	
5086;0;0;36.0;36.0
10583	0
10583	
5189;0;0;34.0;35.0
10687	0
10687	
5293;0;0;34.0;35.0
10791	0
10791	
5397;0;0;34.0;35.0
10897	0
10897	
5501;0;0;35.0;36.0
10998	0
10998	
5604;0;0;35.0;33.0
11102	0
11102	
5708;0;0;36.0;34.0
11205	0
11205	
5811;0;0;35.0;35.0
11309	0
11309	
5915;0;0;37.0;36.0
11414	0
11414	
6019;0;0;36.0;35.0
11523	0
11523	
6122;0;0;36.0;35.0
11620	0
11620	
6226;0;0;35.0;35.0
11724	0
11724	
6330;0;0;35.0;36.0
11828	0
11828	
6434;0;0;40.0;38.0
0	65451
