milliseconds	Werte
6535	0
6535	
204;0;0;1.0;0.0
6639	0
6639	
308;0;0;8.0;9.0
6750	0
6750	
418;0;0;14.0;17.0
6853	0
6853	
521;0;0;16.0;19.0
6957	0
6957	
625;0;0;18.0;19.0
7061	0
7061	
729;0;0;18.0;19.0
7165	0
7165	
833;0;0;18.0;18.0
7269	0
7269	
937;0;0;19.0;18.0
7373	0
7373	
1041;0;0;18.0;19.0
7484	0
7484	
1145;0;0;19.0;18.0
7581	0
7581	
1249;0;0;18.0;17.0
7685	0
7685	
1353;0;0;17.0;17.0
7789	0
7789	
1457;0;0;19.0;17.0
7893	0
7893	
1561;0;0;17.0;16.0
7997	0
7997	
1665;0;0;18.0;15.0
8101	0
8101	
1769;0;0;18.0;14.0
8205	0
8205	
1873;0;0;18.0;15.0
8309	0
8309	
1977;0;0;17.0;16.0
8413	0
8413	
2081;0;0;16.0;17.0
8517	0
8517	
2185;0;0;15.0;17.0
8621	0
8621	
2289;0;0;16.0;17.0
8725	0
8725	
2393;0;0;17.0;17.0
8829	0
8829	
2497;0;0;16.0;18.0
8933	0
8933	
2601;0;0;16.0;17.0
9042	0
9042	
2705;0;0;15.0;18.0
9141	0
9141	
2809;0;0;17.0;17.0
9245	0
9245	
2913;0;0;17.0;17.0
9349	0
9349	
3017;0;0;17.0;17.0
9453	0
9453	
3121;0;0;18.0;17.0
9558	0
9558	
3225;0;0;17.0;17.0
9662	0
9662	
3329;0;0;18.0;18.0
9766	0
9766	
3433;0;0;18.0;16.0
9879	0
9879	
3546;0;0;37.0;17.0
9981	0
9981	
3649;0;0;18.0;33.0
10085	0
10085	
3753;0;0;18.0;15.0
10189	0
10189	
3857;0;0;18.0;15.0
10293	0
10293	
3961;0;0;18.0;15.0
10397	0
10397	
4065;0;0;17.0;16.0
10501	0
10501	
4169;0;0;16.0;16.0
10610	0
10610	
4273;0;0;15.0;17.0
10709	0
10709	
4377;0;0;16.0;18.0
10813	0
10813	
4481;0;0;16.0;16.0
10917	0
10917	
4585;0;0;16.0;17.0
11021	0
11021	
4689;0;0;16.0;18.0
11125	0
11125	
4793;0;0;16.0;17.0
11229	0
11229	
4897;0;0;16.0;17.0
11333	0
11333	
5001;0;0;17.0;17.0
11437	0
11437	
5105;0;0;17.0;16.0
11541	0
11541	
5209;0;0;17.0;18.0
11645	0
11645	
5313;0;0;17.0;18.0
11749	0
11749	
5417;0;0;17.0;18.0
11855	0
11855	
5521;0;0;17.0;18.0
11957	0
11957	
5625;0;0;18.0;16.0
12061	0
12061	
5729;0;0;18.0;17.0
12176	0
12176	
5838;0;0;17.0;15.0
12276	0
12276	
5941;0;0;18.0;16.0
12382	0
12382	
6045;0;0;18.0;15.0
12484	0
12484	
6149;0;0;18.0;14.0
12588	0
12588	
6253;0;0;17.0;15.0
12692	0
12692	
6357;0;0;16.0;15.0
12798	0
12798	
6461;0;0;15.0;16.0
12909	0
12909	
6565;0;0;15.0;16.0
13002	0
13002	
6669;0;0;16.0;17.0
13106	0
13106	
6773;0;0;17.0;17.0
13210	0
13210	
6877;0;0;16.0;17.0
13319	0
13319	
6984;0;0;32.0;18.0
13422	0
13422	
7087;0;0;16.0;35.0
13526	0
13526	
7191;0;0;17.0;16.0
13630	0
13630	
7295;0;0;18.0;16.0
13733	0
13733	
7399;0;0;17.0;17.0
13837	0
13837	
7503;0;0;17.0;17.0
13942	0
13942	
7607;0;0;18.0;16.0
14046	0
14046	
7711;0;0;17.0;16.0
14150	0
14150	
7815;0;0;18.0;16.0
14254	0
14254	
7919;0;0;18.0;16.0
14358	0
14358	
8023;0;0;18.0;16.0
14470	0
14470	
8127;0;0;18.0;16.0
14566	0
14566	
8231;0;0;18.0;15.0
14670	0
14670	
8335;0;0;17.0;15.0
14774	0
14774	
8439;0;0;17.0;15.0
14877	0
14877	
8543;0;0;15.0;15.0
14981	0
909728252	842739771
809185592	774912817
908996608	16127
16127	
9795;0;0;17.0;18.0
0	16231
16231	
9899;0;0;17.0;18.0
0	16335
16335	
10003;0;0;19.0;17.0
0	16440
16440	
10107;0;0;18.0;17.0
0	16544
16544	
10211;0;0;18.0;17.0
0	16648
16648	
10315;0;0;17.0;17.0
0	16761
16761	
10425;0;0;18.0;16.0
0	16860
16860	
10528;0;0;35.0;30.0
0	16964
16964	
10632;0;0;15.0;15.0
0	17068
