milliseconds	Werte
5150	0
5150	
204;0;0;0.0;0.0
5253	0
5253	
307;0;0;4.0;5.0
5356	0
5356	
410;0;0;8.0;8.0
5460	0
5460	
513;0;0;10.0;10.0
5564	0
5564	
617;0;0;10.0;9.0
5667	0
5667	
720;0;0;10.0;9.0
5769	0
5769	
823;0;0;8.0;8.0
5872	0
5872	
926;0;0;8.0;8.0
5975	0
5975	
1029;0;0;8.0;7.0
6086	0
6086	
1132;0;0;7.0;7.0
6181	0
6181	
1235;0;0;7.0;8.0
6285	0
6285	
1338;0;0;8.0;7.0
6387	0
6387	
1441;0;0;8.0;8.0
6490	0
6490	
1544;0;0;8.0;9.0
6593	0
6593	
1647;0;0;8.0;9.0
6696	0
6696	
1750;0;0;8.0;9.0
6799	0
6799	
1853;0;0;9.0;9.0
6902	0
6902	
1956;0;0;8.0;9.0
7005	0
7005	
2059;0;0;7.0;9.0
7108	0
7108	
2162;0;0;8.0;8.0
7211	0
7211	
2265;0;0;8.0;9.0
7315	0
7315	
2368;0;0;7.0;10.0
7417	0
7417	
2471;0;0;9.0;9.0
7521	0
7521	
2574;0;0;8.0;10.0
7624	0
7624	
2677;0;0;9.0;10.0
7727	0
7727	
2780;0;0;9.0;10.0
7829	0
7829	
2883;0;0;9.0;9.0
7933	0
7933	
2986;0;0;10.0;8.0
8036	0
8036	
3089;0;0;9.0;9.0
8138	0
8138	
3192;0;0;8.0;8.0
8241	0
8241	
3295;0;0;9.0;8.0
8344	0
8344	
3398;0;0;9.0;8.0
8453	0
8453	
3501;0;0;9.0;9.0
8550	0
8550	
3604;0;0;9.0;8.0
8653	0
8653	
3707;0;0;9.0;9.0
8756	0
8756	
3810;0;0;9.0;9.0
8860	0
8860	
3913;0;0;10.0;10.0
8963	0
8963	
4017;0;0;9.0;9.0
9067	0
9067	
4120;0;0;10.0;9.0
9169	0
9169	
4223;0;0;8.0;9.0
9273	0
9273	
4326;0;0;10.0;8.0
9375	0
9375	
4429;0;0;8.0;9.0
9478	0
9478	
4532;0;0;9.0;8.0
9582	0
9582	
4635;0;0;10.0;8.0
9686	0
9686	
4738;0;0;9.0;8.0
9789	0
9789	
4841;0;0;9.0;9.0
9892	0
9892	
4944;0;0;9.0;8.0
10001	0
10001	
5047;0;0;8.0;7.0
10098	0
10098	
5152;0;0;14.0;7.0
10202	0
10202	
5255;0;0;7.0;15.0
10304	0
10304	
5358;0;0;6.0;6.0
10410	0
10410	
5461;0;0;7.0;7.0
10510	0
10510	
5564;0;0;6.0;7.0
10613	0
10613	
5667;0;0;8.0;8.0
10716	0
10716	
5770;0;0;7.0;8.0
10819	0
10819	
5873;0;0;7.0;9.0
10925	0
10925	
5976;0;0;8.0;9.0
11026	0
11026	
6079;0;0;8.0;10.0
11128	0
11128	
6182;0;0;7.0;9.0
11231	0
11231	
6285;0;0;8.0;9.0
11334	0
11334	
6388;0;0;7.0;9.0
11437	0
11437	
6491;0;0;7.0;8.0
11548	0
11548	
6594;0;0;8.0;9.0
11644	0
11644	
6697;0;0;8.0;10.0
11746	0
11746	
6800;0;0;7.0;9.0
11850	0
11850	
6903;0;0;9.0;10.0
11953	0
11953	
7006;0;0;8.0;10.0
12056	0
12056	
7109;0;0;9.0;10.0
12158	0
12158	
7212;0;0;9.0;9.0
12262	0
12262	
7315;0;0;9.0;9.0
12364	0
12364	
7418;0;0;9.0;9.0
12467	0
12467	
7521;0;0;8.0;8.0
12570	0
12570	
7624;0;0;8.0;9.0
12673	0
12673	
7727;0;0;9.0;9.0
12776	0
12776	
7830;0;0;9.0;9.0
12879	0
12879	
7933;0;0;9.0;9.0
12982	0
12982	
8036;0;0;9.0;9.0
13093	0
13093	
8139;0;0;9.0;10.0
13188	0
13188	
8242;0;0;9.0;9.0
13292	0
13292	
8345;0;0;10.0;9.0
13394	0
13394	
8448;0;0;9.0;9.0
13497	0
13497	
8551;0;0;9.0;8.0
13600	0
13600	
8654;0;0;9.0;9.0
13703	0
13703	
8757;0;0;9.0;9.0
13807	0
13807	
8860;0;0;8.0;7.0
13909	0
13909	
8963;0;0;9.0;8.0
14012	0
14012	
9066;0;0;9.0;9.0
14115	0
14115	
9169;0;0;9.0;7.0
14218	0
14218	
9272;0;0;9.0;8.0
14321	0
14321	
9375;0;0;8.0;6.0
14424	0
14424	
9478;0;0;9.0;8.0
14527	0
14527	
9581;0;0;7.0;7.0
14639	0
14639	
9684;0;0;6.0;6.0
14733	0
14733	
9787;0;0;7.0;7.0
14836	0
14836	
9890;0;0;7.0;8.0
14939	0
14939	
9993;0;0;6.0;8.0
15044	0
15044	
10096;0;0;7.0;8.0
15147	0
15147	
10199;0;0;7.0;9.0
15250	0
15250	
10302;0;0;8.0;9.0
15353	0
15353	
10405;0;0;7.0;9.0
15456	0
15456	
10510;0;0;16.0;9.0
15560	0
15560	
10613;0;0;7.0;18.0
15663	0
15663	
10716;0;0;8.0;8.0
15766	0
15766	
10819;0;0;7.0;10.0
15869	0
15869	
10922;0;0;7.0;9.0
15972	0
15972	
11025;0;0;8.0;9.0
16075	0
16075	
11128;0;0;7.0;10.0
16186	0
16186	
11236;0;0;8.0;10.0
16286	0
16286	
11339;0;0;9.0;10.0
16389	0
16389	
11442;0;0;8.0;9.0
16492	0
16492	
11545;0;0;9.0;9.0
16595	0
16595	
11648;0;0;9.0;9.0
16698	0
16698	
11751;0;0;8.0;8.0
16801	0
16801	
11854;0;0;9.0;8.0
16907	0
16907	
11957;0;0;8.0;9.0
17007	0
17007	
12060;0;0;8.0;9.0
17110	0
17110	
12163;0;0;9.0;9.0
17215	0
17215	
12266;0;0;8.0;10.0
17316	0
17316	
12369;0;0;9.0;9.0
17419	0
17419	
12472;0;0;9.0;9.0
17522	0
17522	
12575;0;0;8.0;9.0
17625	0
17625	
12678;0;0;10.0;9.0
17728	0
17728	
12781;0;0;9.0;8.0
17831	0
17831	
12884;0;0;9.0;9.0
17934	0
17934	
12987;0;0;9.0;9.0
18037	0
18037	
13090;0;0;8.0;8.0
18143	0
18143	
13193;0;0;9.0;8.0
18246	0
18246	
13296;0;0;8.0;9.0
18349	0
18349	
13399;0;0;9.0;8.0
18460	0
18460	
13502;0;0;9.0;7.0
18552	0
18552	
13605;0;0;9.0;7.0
18655	0
18655	
13708;0;0;9.0;7.0
18758	0
18758	
13811;0;0;8.0;8.0
18861	0
18861	
13914;0;0;8.0;6.0
18964	0
18964	
14017;0;0;8.0;7.0
19067	0
19067	
14120;0;0;7.0;8.0
19170	0
19170	
14223;0;0;6.0;7.0
19273	0
19273	
14326;0;0;7.0;8.0
19376	0
19376	
14429;0;0;6.0;8.0
19479	0
19479	
14532;0;0;7.0;9.0
19582	0
19582	
14635;0;0;7.0;9.0
19685	0
19685	
14738;0;0;7.0;9.0
19788	0
19788	
14841;0;0;7.0;8.0
19891	0
19891	
14944;0;0;8.0;9.0
20007	0
20007	
15047;0;0;8.0;8.0
20097	0
20097	
15150;0;0;7.0;9.0
20201	0
20201	
15253;0;0;8.0;10.0
20304	0
20304	
15356;0;0;7.0;9.0
20407	0
20407	
15459;0;0;7.0;10.0
20510	0
20510	
15562;0;0;7.0;10.0
20614	0
20614	
15667;0;0;16.0;10.0
20721	0
20721	
15770;0;0;7.0;17.0
20820	0
808663856	;0;9.0;8.0
21955	0
21955	
17006;0;0;9.0;9.0
22058	0
22058	
17109;0;0;8.0;8.0
22162	0
22162	
17212;0;0;10.0;9.0
22267	0
22267	
17315;0;0;9.0;7.0
22368	0
22368	
17418;0;0;9.0;8.0
22470	0
22470	
17521;0;0;9.0;9.0
22573	0
22573	
17624;0;0;8.0;8.0
22677	0
22677	
17729;0;0;9.0;7.0
22782	0
22782	
17834;0;0;8.0;7.0
22887	0
22887	
