milliseconds	Werte
462	0
462	
6;0;0;55;53;0.0
487	0
487	
30;0;0;55;53;10.0
513	0
513	
54;0;0;55;53;10.0
538	0
538	
78;0;0;55;53;11.0
562	0
562	
102;0;0;55;53;10.0
585	0
585	
129;0;0;55;53;9.0
611	0
611	
154;0;0;55;53;10.0
647	0
647	
182;0;0;55;53;10.0
666	0
666	
206;0;0;55;53;10.0
690	0
690	
230;0;0;55;53;10.0
714	0
714	
254;0;0;55;53;10.0
738	0
738	
281;0;0;55;53;14.0
763	0
763	
306;0;0;55;53;10.0
787	0
787	
330;0;0;55;53;11.0
811	0
811	
354;0;0;55;53;10.0
845	0
845	
378;0;0;55;53;11.0
866	0
866	
403;0;0;55;53;11.0
887	0
887	
427;0;0;55;53;10.0
911	0
911	
452;0;0;55;53;11.0
936	0
936	
479;0;0;55;53;10.0
960	0
960	
503;0;0;55;53;10.0
984	0
984	
527;0;0;55;53;10.0
1008	0
1008	
551;0;0;55;53;10.0
1035	0
1035	
575;0;0;55;53;11.0
1067	0
1067	
600;0;0;55;53;11.0
1087	0
1087	
628;0;0;55;53;11.0
1109	0
1109	
652;0;0;55;53;11.0
1133	0
1133	
676;0;0;55;53;10.0
1157	0
1157	
700;0;0;55;53;10.0
1184	0
1184	
724;0;0;55;53;10.0
1208	0
1208	
748;0;0;55;53;10.0
1232	0
1232	
772;0;0;55;53;10.0
1256	0
1256	
799;0;0;55;53;10.0
1287	0
1287	
824;0;0;55;53;11.0
1310	0
1310	
849;0;0;55;53;11.0
1330	0
1330	
873;0;0;55;53;13.0
1354	0
1354	
897;0;0;55;53;10.0
1379	0
1379	
921;0;0;55;53;11.0
1405	0
1405	
945;0;0;55;53;13.0
1429	0
1429	
969;0;0;55;53;10.0
1454	0
1454	
997;0;0;55;53;18.0
1478	0
1478	
1021;0;0;55;53;10.0
1514	0
1514	
1045;0;0;55;53;9.0
1533	0
1533	
1069;0;0;55;53;11.0
1551	0
1551	
1093;0;0;55;53;11.0
1577	0
1577	
1117;0;0;55;53;11.0
1601	0
1601	
1141;0;0;55;53;12.0
1625	0
1625	
1166;0;0;55;53;13.0
1650	0
1650	
1193;0;0;55;53;11.0
1674	0
1674	
1217;0;0;55;53;12.0
1699	0
1699	
1242;0;0;55;53;10.0
1735	0
1735	
1266;0;0;55;53;12.0
1754	0
1754	
1291;0;0;55;53;11.0
1775	0
1775	
1315;0;0;55;53;11.0
1799	0
1799	
1339;0;0;55;53;11.0
1823	0
1823	
1364;0;0;55;53;11.0
1848	0
1848	
1391;0;0;55;53;11.0
1873	0
1873	
1416;0;0;55;53;10.0
1897	0
1897	
1440;0;0;55;53;10.0
1921	0
1921	
1464;0;0;55;53;11.0
1958	0
1958	
1495;0;0;55;53;10.0
1979	0
1979	
1522;0;0;55;53;11.0
2003	0
2003	
1546;0;0;55;53;14.0
2027	0
2027	
1570;0;0;55;53;10.0
2051	0
2051	
1594;0;0;55;53;10.0
2076	0
2076	
1618;0;0;55;53;10.0
2102	0
2102	
1642;0;0;55;53;13.0
2126	0
2126	
1666;0;0;55;53;10.0
2150	0
2150	
1692;0;0;55;53;9.0
2185	0
2185	
1722;0;0;55;53;9.0
2204	0
2204	
1747;0;0;55;53;9.0
2229	0
2229	
1771;0;0;55;53;12.0
2255	0
2255	
1795;0;0;55;53;10.0
2279	0
2279	
1819;0;0;55;53;10.0
2303	0
2303	
1844;0;0;55;53;10.0
2329	0
2329	
1872;0;0;55;53;10.0
2353	0
2353	
1896;0;0;55;53;10.0
2377	0
2377	
1920;0;0;55;53;10.0
2407	0
2407	
1947;0;0;55;53;10.0
2429	0
2429	
1971;0;0;55;53;10.0
2455	0
2455	
1996;0;0;55;53;10.0
2480	0
2480	
2021;0;0;55;53;11.0
2503	0
2503	
2046;0;0;55;53;10.0
2528	0
2528	
2071;0;0;55;53;10.0
2552	0
2552	
2095;0;0;55;53;10.0
2577	0
2577	
2119;0;0;55;53;12.0
2608	0
2608	
2143;0;0;55;53;10.0
2631	0
2631	
2170;0;0;55;53;10.0
2653	0
2653	
2194;0;0;55;53;10.0
2677	0
2677	
2220;0;0;55;53;9.0
2701	0
2701	
2244;0;0;55;53;11.0
2726	0
2726	
2268;0;0;55;53;11.0
2751	0
2751	
2293;0;0;55;53;10.0
2777	0
2777	
2318;0;0;55;53;10.0
2802	0
2802	
2343;0;0;55;53;13.0
2835	0
2835	
2368;0;0;55;53;10.0
2856	0
2856	
2395;0;0;55;53;10.0
2877	0
2877	
2419;0;0;55;53;10.0
2901	0
2901	
2443;0;0;55;53;9.0
2927	0
2927	
2467;0;0;55;53;10.0
2951	0
2951	
2493;0;0;55;53;11.0
2976	0
2976	
2519;0;0;55;53;10.0
3000	0
3000	
2543;0;0;55;53;10.0
3025	0
3025	
2568;0;0;55;53;10.0
3061	0
3061	
2599;0;0;55;53;10.0
3083	0
3083	
2624;0;0;55;53;10.0
3106	0
3106	
2649;0;0;55;53;10.0
3131	0
3131	
2674;0;0;55;53;10.0
3155	0
3155	
2698;0;0;55;53;9.0
3180	0
3180	
2722;0;0;55;53;10.0
3204	0
3204	
2746;0;0;55;53;10.0
3230	0
3230	
2770;0;0;55;53;11.0
3254	0
3254	
2796;0;0;55;53;10.0
3283	0
3283	
2826;0;0;55;53;10.0
3307	0
3307	
2850;0;0;55;53;10.0
3331	0
3331	
2874;0;0;55;53;11.0
3356	0
3356	
2898;0;0;55;53;10.0
3381	0
3381	
2922;0;0;55;53;9.0
3405	0
3405	
2946;0;0;55;53;9.0
3430	0
3430	
2971;0;0;55;53;14.0
3455	0
3455	
2998;0;0;55;53;11.0
3492	0
3492	
3023;0;0;55;53;11.0
3511	0
3511	
3048;0;0;55;53;10.0
3529	0
3529	
3072;0;0;55;53;11.0
3556	0
3556	
3097;0;0;55;53;10.0
3581	0
3581	
3121;0;0;55;53;10.0
3605	0
3605	
3146;0;0;55;53;10.0
3630	0
3630	
3173;0;0;55;53;10.0
3656	0
3656	
3200;0;0;55;53;16.0
3681	0
3681	
3224;0;0;55;53;10.0
3717	0
3717	
3248;0;0;55;53;10.0
3737	0
3737	
3272;0;0;55;53;9.0
3756	0
3756	
3297;0;0;55;53;11.0
3781	0
3781	
3324;0;0;55;53;10.0
3805	0
3805	
3348;0;0;55;53;10.0
3829	0
3829	
3372;0;0;55;53;10.0
3855	0
3855	
3397;0;0;55;53;10.0
3882	0
3882	
3422;0;0;55;53;11.0
3910	0
3910	
3447;0;0;55;53;10.0
3933	0
3933	
3475;0;0;55;53;10.0
3956	0
3956	
3499;0;0;55;53;10.0
3980	0
3980	
3523;0;0;55;53;11.0
4004	0
4004	
3547;0;0;55;53;11.0
4031	0
4031	
3571;0;0;55;53;10.0
4055	0
4055	
3596;0;0;55;53;10.0
4080	0
4080	
3623;0;0;55;53;10.0
4105	0
4105	
3648;0;0;55;53;10.0
4141	0
4141	
3672;0;0;55;53;15.0
4157	0
4157	
3697;0;0;55;53;14.0
4178	0
4178	
3721;0;0;55;53;10.0
4202	0
4202	
3745;0;0;55;53;9.0
4229	0
4229	
3769;0;0;55;53;11.0
4253	0
4253	
3793;0;0;55;53;10.0
4277	0
4277	
3817;0;0;55;53;10.0
4301	0
4301	
3844;0;0;55;53;10.0
4326	0
4326	
3869;0;0;55;53;9.0
4363	0
4363	
3899;0;0;55;53;10.0
4383	0
4383	
3923;0;0;55;53;10.0
4407	0
4407	
3947;0;0;55;53;10.0
4431	0
4431	
3974;0;0;55;53;10.0
4456	0
4456	
3999;0;0;55;53;13.0
4480	0
4480	
4023;0;0;55;53;10.0
4504	0
4504	
4047;0;0;55;53;10.0
4529	0
4529	
4071;0;0;55;53;10.0
4564	0
4564	
4095;0;0;55;53;10.0
4584	0
4584	
4122;0;0;55;53;10.0
4605	0
4605	
4148;0;0;55;53;11.0
4629	0
4629	
4172;0;0;55;53;10.0
4653	0
4653	
4196;0;0;55;53;10.0
4677	0
4677	
4220;0;0;55;53;10.0
4702	0
4702	
4244;0;0;55;53;10.0
4728	0
4728	
4268;0;0;55;53;10.0
4752	0
4752	
4292;0;0;55;53;10.0
4783	0
4783	
4317;0;0;55;53;10.0
4804	0
4804	
4344;0;0;55;53;10.0
4825	0
4825	
4368;0;0;55;53;10.0
4849	0
4849	
4392;0;0;55;53;10.0
4873	0
4873	
4416;0;0;55;53;14.0
4900	0
4900	
4440;0;0;55;53;10.0
4924	0
4924	
4464;0;0;55;53;10.0
4948	0
4948	
4488;0;0;55;53;13.0
4972	0
4972	
4515;0;0;55;53;10.0
5007	0
5007	
4549;0;0;55;53;10.0
5031	0
5031	
4573;0;0;55;53;10.0
5057	0
5057	
4597;0;0;55;53;16.0
5081	0
5081	
4622;0;0;55;53;14.0
5106	0
5106	
4647;0;0;55;53;10.0
5129	0
5129	
4672;0;0;55;53;10.0
5155	0
5155	
4697;0;0;55;53;10.0
5178	0
5178	
4721;0;0;55;53;10.0
5210	0
5210	
4745;0;0;55;53;10.0
5233	0
5233	
4771;0;0;55;53;10.0
5255	0
5255	
4796;0;0;55;53;11.0
5280	0
5280	
4823;0;0;55;53;10.0
5304	0
5304	
4847;0;0;55;53;13.0
5328	0
5328	
4871;0;0;55;53;10.0
5356	0
5356	
4896;0;0;55;53;12.0
5379	0
5379	
4920;0;0;55;53;9.0
5404	0
5404	
4944;0;0;55;53;10.0
5435	0
5435	
4971;0;0;55;53;11.0
5456	0
5456	
4996;0;0;55;53;10.0
5478	0
5478	
5021;0;0;55;53;10.0
5502	0
5502	
5045;0;0;55;53;10.0
5527	0
5527	
5069;0;0;55;53;11.0
5553	0
5553	
5093;0;0;55;53;10.0
5577	0
5577	
5117;0;0;55;53;11.0
5602	0
5602	
5145;0;0;55;53;10.0
5626	0
5626	
5169;0;0;55;53;10.0
5659	0
5659	
5199;0;0;55;53;10.0
5681	0
5681	
5223;0;0;55;53;10.0
5705	0
5705	
5248;0;0;55;53;10.0
5731	0
5731	
5273;0;0;55;53;9.0
5756	0
5756	
5297;0;0;55;53;11.0
5779	0
5779	
5322;0;0;55;53;11.0
5804	0
5804	
5347;0;0;55;53;11.0
5829	0
5829	
5371;0;0;55;53;10.0
5862	0
5862	
5395;0;0;55;53;10.0
5883	0
5883	
5422;0;0;55;53;10.0
5905	0
5905	
5446;0;0;55;53;11.0
5928	0
5928	
5471;0;0;55;53;10.0
5954	0
5954	
5497;0;0;55;53;10.0
5979	0
5979	
5521;0;0;55;53;11.0
6003	0
6003	
5545;0;0;55;53;13.0
6027	0
6027	
5569;0;0;55;53;10.0
6053	0
6053	
5594;0;0;55;53;10.0
6089	0
6089	
5620;0;0;55;53;10.0
6107	0
6107	
5645;0;0;55;53;11.0
6127	0
6127	
5670;0;0;55;53;10.0
6154	0
6154	
5695;0;0;55;53;12.0
6177	0
6177	
5719;0;0;55;53;11.0
6202	0
6202	
5743;0;0;55;53;10.0
6225	0
6225	
5768;0;0;55;53;10.0
6252	0
6252	
5793;0;0;55;53;11.0
6275	0
6275	
5817;0;0;55;53;11.0
6307	0
6307	
5842;0;0;55;53;13.0
6331	0
6331	
5869;0;0;55;53;10.0
6352	0
6352	
5893;0;0;55;53;10.0
6375	0
6375	
5917;0;0;55;53;10.0
6399	0
6399	
5941;0;0;55;53;10.0
6425	0
6425	
5966;0;0;55;53;10.0
6450	0
6450	
5991;0;0;55;53;11.0
6473	0
6473	
6016;0;0;55;53;10.0
6498	0
6498	
6041;0;0;55;53;11.0
6522	0
6522	
6065;0;0;55;53;11.0
6559	0
6559	
6101;0;0;55;53;10.0
6583	0
6583	
6126;0;0;55;53;16.0
6607	0
6607	
6150;0;0;55;53;10.0
6631	0
6631	
6174;0;0;55;53;10.0
6656	0
6656	
6198;0;0;55;53;10.0
6682	0
6682	
6222;0;0;55;53;10.0
6706	0
6706	
6246;0;0;55;53;19.0
6730	0
6730	
6271;0;0;55;53;11.0
6755	0
6755	
6298;0;0;55;53;10.0
6791	0
6791	
6326;0;0;55;53;11.0
6810	0
6810	
6351;0;0;55;53;14.0
6835	0
6835	
6375;0;0;55;53;11.0
6859	0
6859	
6399;0;0;55;53;10.0
6883	0
6883	
6426;0;0;55;53;10.0
6908	0
6908	
6451;0;0;55;53;12.0
6932	0
6932	
6475;0;0;55;53;10.0
6956	0
6956	
6499;0;0;55;53;11.0
6981	0
6981	
6523;0;0;55;53;11.0
7016	0
7016	
6547;0;0;55;53;10.0
7035	0
7035	
6573;0;0;55;53;10.0
7057	0
7057	
6600;0;0;55;53;11.0
7081	0
7081	
6624;0;0;55;53;10.0
7105	0
7105	
6648;0;0;55;53;11.0
7129	0
7129	
6672;0;0;55;53;10.0
7156	0
7156	
6696;0;0;55;53;10.0
7181	0
7181	
6721;0;0;55;53;16.0
7205	0
7205	
6748;0;0;55;53;11.0
7242	0
7242	
6773;0;0;55;53;10.0
7258	0
7258	
6798;0;0;55;53;11.0
7279	0
7279	
6822;0;0;55;53;10.0
7303	0
7303	
6846;0;0;55;53;10.0
7328	0
7328	
6870;0;0;55;53;10.0
7354	0
7354	
6894;0;0;55;53;10.0
7378	0
7378	
6918;0;0;55;53;10.0
7402	0
7402	
6943;0;0;55;53;10.0
7427	0
7427	
6970;0;0;55;53;11.0
7464	0
7464	
6994;0;0;55;53;10.0
7479	0
7479	
7019;0;0;55;53;11.0
7500	0
7500	
7043;0;0;55;53;12.0
7525	0
7525	
7068;0;0;55;53;10.0
7552	0
7552	
7092;0;0;55;53;10.0
7576	0
7576	
7116;0;0;55;53;15.0
7600	0
7600	
7140;0;0;55;53;10.0
7624	0
7624	
7167;0;0;55;53;10.0
7650	0
7650	
7193;0;0;55;53;10.0
7686	0
7686	
7217;0;0;55;53;10.0
7704	0
7704	
7241;0;0;55;53;15.0
7722	0
7722	
7265;0;0;55;53;10.0
7747	0
7747	
7289;0;0;55;53;11.0
7773	0
7773	
7314;0;0;55;53;13.0
7798	0
7798	
7339;0;0;55;53;10.0
7823	0
7823	
7366;0;0;55;53;18.0
7847	0
7847	
7390;0;0;55;53;10.0
7871	0
7871	
7415;0;0;55;53;13.0
7908	0
7908	
7439;0;0;55;53;19.0
7927	0
7927	
7463;0;0;55;53;10.0
7947	0
7947	
7487;0;0;55;53;11.0
7971	0
7971	
7511;0;0;55;53;12.0
7996	0
7996	
7539;0;0;55;53;10.0
8020	0
8020	
7563;0;0;55;53;11.0
8044	0
8044	
7587;0;0;55;53;11.0
8068	0
8068	
7611;0;0;55;53;10.0
8093	0
8093	
7635;0;0;55;53;10.0
8129	0
8129	
7660;0;0;55;53;11.0
8147	0
8147	
7684;0;0;55;53;10.0
8168	0
8168	
7709;0;0;55;53;11.0
8194	0
8194	
7736;0;0;55;53;11.0
8217	0
8217	
7760;0;0;55;53;11.0
8241	0
8241	
7784;0;0;55;53;11.0
8265	0
8265	
7808;0;0;55;53;10.0
8292	0
8292	
7832;0;0;55;53;10.0
8316	0
8316	
7856;0;0;55;53;12.0
8347	0
8347	
7880;0;0;55;53;10.0
8369	0
8369	
7908;0;0;55;53;9.0
8390	0
8390	
7933;0;0;55;53;10.0
8414	0
8414	
7957;0;0;55;53;13.0
8438	0
8438	
7981;0;0;55;53;10.0
8464	0
8464	
8005;0;0;55;53;9.0
8489	0
8489	
8029;0;0;55;53;10.0
8513	0
8513	
8053;0;0;55;53;10.0
8537	0
8537	
8080;0;0;55;53;11.0
8579	0
8579	
8105;0;0;55;53;10.0
8590	0
8590	
8129;0;0;55;53;13.0
8611	0
8611	
8154;0;0;55;53;12.0
8635	0
8635	
8178;0;0;55;53;9.0
8662	0
8662	
8202;0;0;55;53;10.0
8686	0
8686	
8226;0;0;55;53;10.0
8709	0
8709	
8250;0;0;55;53;9.0
8734	0
8734	
8277;0;0;55;53;10.0
8759	0
8759	
8302;0;0;55;53;9.0
8795	0
8795	
8333;0;0;55;53;10.0
8817	0
8817	
8357;0;0;55;53;11.0
8841	0
8841	
8384;0;0;55;53;11.0
8866	0
8866	
8409;0;0;55;53;11.0
8890	0
8890	
8433;0;0;55;53;13.0
8914	0
8914	
8457;0;0;55;53;10.0
8941	0
8941	
8481;0;0;55;53;10.0
8965	0
8965	
8505;0;0;55;53;10.0
8994	0
8994	
8529;0;0;55;53;10.0
9016	0
9016	
8558;0;0;55;53;10.0
9039	0
9039	
8582;0;0;55;53;10.0
9063	0
9063	
8606;0;0;55;53;11.0
9087	0
9087	
8630;0;0;55;53;11.0
9113	0
9113	
8654;0;0;55;53;9.0
9138	0
9138	
8678;0;0;55;53;10.0
9162	0
9162	
8702;0;0;55;53;10.0
9185	0
9185	
8729;0;0;55;53;9.0
9223	0
9223	
8754;0;0;55;53;9.0
9238	0
9238	
8778;0;0;55;53;10.0
9259	0
9259	
8802;0;0;55;53;9.0
9283	0
9283	
8826;0;0;55;53;10.0
9310	0
9310	
8850;0;0;55;53;10.0
9334	0
9334	
8874;0;0;55;53;11.0
9358	0
9358	
8898;0;0;55;53;10.0
9382	0
9382	
8925;0;0;55;53;10.0
9407	0
9407	
8950;0;0;55;53;10.0
9444	0
9444	
8979;0;0;55;53;10.0
9463	0
9463	
9003;0;0;55;53;10.0
9487	0
9487	
9027;0;0;55;53;10.0
9511	0
9511	
9051;0;0;55;53;10.0
9535	0
9535	
9078;0;0;55;53;13.0
9560	0
9560	
9103;0;0;55;53;10.0
9584	0
9584	
9127;0;0;55;53;10.0
9608	0
9608	
9151;0;0;55;53;10.0
9632	0
9632	
9175;0;0;55;53;10.0
9668	0
9668	
9199;0;0;55;53;10.0
9687	0
9687	
9224;0;0;55;53;10.0
9709	0
9709	
9250;0;0;55;53;10.0
9734	0
9734	
9277;0;0;55;53;12.0
9758	0
9758	
9301;0;0;55;53;10.0
9782	0
9782	
9326;0;0;55;53;10.0
9807	0
9807	
9350;0;0;55;53;12.0
9834	0
9834	
9374;0;0;55;53;10.0
9862	0
9862	
9398;0;0;55;53;10.0
9886	0
9886	
9427;0;0;55;53;10.0
9909	0
9909	
9452;0;0;55;53;13.0
9934	0
9934	
9477;0;0;55;53;10.0
9958	0
9958	
9501;0;0;55;53;14.0
9984	0
9984	
9526;0;0;55;53;11.0
10010	0
10010	
9550;0;0;55;53;10.0
10034	0
10034	
9575;0;0;55;53;10.0
10059	0
10059	
9602;0;0;55;53;11.0
10095	0
10095	
9627;0;0;55;53;10.0
10114	0
10114	
9651;0;0;55;53;11.0
10132	0
10132	
9675;0;0;55;53;10.0
10160	0
10160	
9700;0;0;55;53;10.0
10184	0
10184	
9724;0;0;55;53;14.0
10207	0
10207	
9749;0;0;55;53;9.0
10233	0
10233	
9776;0;0;55;53;11.0
10257	0
10257	
9800;0;0;55;53;11.0
10281	0
10281	
9824;0;0;55;53;13.0
10317	0
10317	
9848;0;0;55;53;10.0
10337	0
10337	
9873;0;0;55;53;10.0
10357	0
10357	
9897;0;0;55;53;10.0
10381	0
10381	
9921;0;0;55;53;10.0
10405	0
10405	
9946;0;0;55;53;10.0
10430	0
10430	
9973;0;0;55;53;12.0
10454	0
10454	
9997;0;0;55;53;13.0
10478	0
10478	
10021;0;0;55;53;10.0
10502	0
10502	
10045;0;0;55;53;11.0
10537	0
10537	
10073;0;0;55;53;10.0
10557	0
10557	
10099;0;0;55;53;10.0
10582	0
10582	
10125;0;0;55;53;11.0
10606	0
10606	
10149;0;0;55;53;10.0
10630	0
10630	
10173;0;0;55;53;10.0
10654	0
10654	
10197;0;0;55;53;10.0
10681	0
10681	
10221;0;0;55;53;13.0
10705	0
10705	
10245;0;0;55;53;13.0
10733	0
10733	
10269;0;0;55;53;10.0
10757	0
10757	
10298;0;0;55;53;11.0
10781	0
10781	
10323;0;0;55;53;10.0
10804	0
10804	
10347;0;0;55;53;10.0
10828	0
10828	
10371;0;0;55;53;10.0
10853	0
10853	
10395;0;0;55;53;10.0
10879	0
10879	
10419;0;0;55;53;10.0
10903	0
10903	
10443;0;0;55;53;10.0
10927	0
10927	
10468;0;0;55;53;11.0
10960	0
10960	
10495;0;0;55;53;10.0
10980	0
10980	
10520;0;0;55;53;10.0
11001	0
11001	
10544;0;0;55;53;10.0
11029	0
11029	
10569;0;0;55;53;10.0
11053	0
11053	
10593;0;0;55;53;10.0
11077	0
11077	
10617;0;0;55;53;10.0
11101	0
11101	
10644;0;0;55;53;10.0
11126	0
11126	
10669;0;0;55;53;10.0
11162	0
11162	
10694;0;0;55;53;11.0
11181	0
11181	
10718;0;0;55;53;11.0
11199	0
11199	
10742;0;0;55;53;11.0
11224	0
11224	
10766;0;0;55;53;10.0
11251	0
11251	
10790;0;0;55;53;10.0
11274	0
11274	
10814;0;0;55;53;10.0
11298	0
11298	
10839;0;0;55;53;10.0
11323	0
11323	
10866;0;0;55;53;10.0
11347	0
11347	
10890;0;0;55;53;10.0
11385	0
11385	
10915;0;0;55;53;11.0
11405	0
11405	
10940;0;0;55;53;10.0
11421	0
11421	
10964;0;0;55;53;12.0
11446	0
11446	
10988;0;0;55;53;10.0
11472	0
11472	
11012;0;0;55;53;10.0
11496	0
11496	
11036;0;0;55;53;10.0
11520	0
11520	
11061;0;0;55;53;10.0
11545	0
11545	
11088;0;0;55;53;12.0
11573	0
11573	
11112;0;0;55;53;10.0
11597	0
11597	
11137;0;0;55;53;10.0
11618	0
11618	
11161;0;0;55;53;12.0
11642	0
11642	
11185;0;0;55;53;11.0
11667	0
11667	
11209;0;0;55;53;10.0
11693	0
11693	
11233;0;0;55;53;11.0
11717	0
11717	
11257;0;0;55;53;13.0
11741	0
11741	
11282;0;0;55;53;10.0
11766	0
11766	
11309;0;0;55;53;10.0
11802	0
11802	
11333;0;0;55;53;10.0
11818	0
11818	
11357;0;0;55;53;10.0
11838	0
11838	
11381;0;0;55;53;10.0
11862	0
11862	
11405;0;0;55;53;14.0
11889	0
11889	
11430;0;0;55;53;10.0
11914	0
11914	
11454;0;0;55;53;10.0
11938	0
11938	
11481;0;0;55;53;10.0
11963	0
11963	
11506;0;0;55;53;10.0
12000	0
12000	
11532;0;0;55;53;10.0
12018	0
12018	
11557;0;0;55;53;10.0
12039	0
12039	
11581;0;0;55;53;9.0
12065	0
12065	
11605;0;0;55;53;10.0
12089	0
12089	
11630;0;0;55;53;10.0
12114	0
12114	
11657;0;0;55;53;10.0
12138	0
12138	
11681;0;0;55;53;10.0
12162	0
12162	
11705;0;0;55;53;10.0
12188	0
12188	
11730;0;0;55;53;13.0
12223	0
12223	
11754;0;0;55;53;10.0
12243	0
12243	
11779;0;0;55;53;10.0
12263	0
12263	
11804;0;0;55;53;10.0
12288	0
12288	
11831;0;0;55;53;11.0
12312	0
12312	
11855;0;0;55;53;11.0
12336	0
12336	
11879;0;0;55;53;10.0
12360	0
12360	
11903;0;0;55;53;11.0
12387	0
12387	
11927;0;0;55;53;10.0
12412	0
12412	
11951;0;0;55;53;10.0
12439	0
12439	
11982;0;0;55;53;10.0
12464	0
12464	
12007;0;0;55;53;10.0
12489	0
12489	
12032;0;0;55;53;10.0
12513	0
12513	
12056;0;0;55;53;10.0
12538	0
12538	
12080;0;0;55;53;9.0
12564	0
12564	
12104;0;0;55;53;15.0
12588	0
12588	
12128;0;0;55;53;11.0
12612	0
12612	
12153;0;0;55;53;11.0
12644	0
12644	
12180;0;0;55;53;10.0
12665	0
12665	
12205;0;0;55;53;12.0
12687	0
12687	
12229;0;0;55;53;10.0
12710	0
12710	
12253;0;0;55;53;10.0
12734	0
12734	
12277;0;0;55;53;10.0
12761	0
12761	
12301;0;0;55;53;10.0
12785	0
12785	
12325;0;0;55;53;11.0
12809	0
12809	
12349;0;0;55;53;10.0
12833	0
12833	
12376;0;0;55;53;11.0
12863	0
12863	
12406;0;0;55;53;11.0
12888	0
12888	
12430;0;0;55;53;11.0
12911	0
12911	
12454;0;0;55;53;10.0
12936	0
12936	
12478;0;0;55;53;11.0
12962	0
12962	
12502;0;0;55;53;11.0
12987	0
12987	
12528;0;0;55;53;10.0
13012	0
13012	
12555;0;0;55;53;11.0
13036	0
13036	
12579;0;0;55;53;10.0
13071	0
13071	
12603;0;0;55;53;10.0
13090	0
13090	
12627;0;0;55;53;10.0
13109	0
13109	
12652;0;0;55;53;10.0
13134	0
13134	
12676;0;0;55;53;10.0
13160	0
13160	
12700;0;0;55;53;10.0
13184	0
13184	
12724;0;0;55;53;11.0
13208	0
13208	
12749;0;0;55;53;10.0
13234	0
13234	
12776;0;0;55;53;10.0
13257	0
13257	
12800;0;0;55;53;15.0
13294	0
13294	
12828;0;0;55;53;11.0
13312	0
13312	
12852;0;0;55;53;10.0
13336	0
13336	
12876;0;0;55;53;10.0
13360	0
13360	
12900;0;0;55;53;10.0
13384	0
13384	
12927;0;0;55;53;10.0
13409	0
13409	
12952;0;0;55;53;10.0
13433	0
13433	
12976;0;0;55;53;10.0
13457	0
13457	
13000;0;0;55;53;11.0
13490	0
13490	
13024;0;0;55;53;11.0
13512	0
13512	
13049;0;0;55;53;10.0
13533	0
13533	
13074;0;0;55;53;10.0
13558	0
13558	
13101;0;0;55;53;10.0
13582	0
13582	
13125;0;0;55;53;10.0
13606	0
13606	
13149;0;0;55;53;11.0
13630	0
13630	
13173;0;0;55;53;10.0
13655	0
13655	
13197;0;0;55;53;14.0
13681	0
13681	
13221;0;0;55;53;11.0
13714	0
13714	
13245;0;0;55;53;13.0
13734	0
13734	
13271;0;0;55;53;11.0
13754	0
13754	
13295;0;0;55;53;11.0
13777	0
13777	
13320;0;0;55;53;10.0
13802	0
13802	
13345;0;0;55;53;11.0
13827	0
13827	
13369;0;0;55;53;10.0
13851	0
13851	
13393;0;0;55;53;11.0
13875	0
13875	
13417;0;0;55;53;10.0
13905	0
13905	
13442;0;0;55;53;11.0
13928	0
13928	
13469;0;0;55;53;12.0
13951	0
13951	
13494;0;0;55;53;11.0
13975	0
13975	
13518;0;0;55;53;10.0
13999	0
13999	
13542;0;0;55;53;12.0
14024	0
14024	
13566;0;0;55;53;12.0
14048	0
14048	
13590;0;0;55;53;10.0
14074	0
14074	
13614;0;0;55;53;11.0
14098	0
14098	
13640;0;0;55;53;11.0
14133	0
14133	
13670;0;0;55;53;23.0
14151	0
14151	
13694;0;0;55;53;15.0
14176	0
14176	
13718;0;0;55;53;10.0
14200	0
14200	
13742;0;0;55;53;16.0
14226	0
14226	
13766;0;0;55;53;14.0
14250	0
14250	
13791;0;0;55;53;10.0
14275	0
14275	
13818;0;0;55;53;13.0
14299	0
14299	
13842;0;0;55;53;10.0
14336	0
14336	
13867;0;0;55;53;15.0
14356	0
14356	
13892;0;0;55;53;11.0
14376	0
14376	
13916;0;0;55;53;10.0
14401	0
14401	
13941;0;0;55;53;13.0
14425	0
14425	
13968;0;0;55;53;10.0
14449	0
14449	
13992;0;0;55;53;11.0
14473	0
14473	
14016;0;0;55;53;11.0
14499	0
14499	
14041;0;0;55;53;11.0
14523	0
14523	
14065;0;0;55;53;10.0
14558	0
14558	
14089;0;0;55;53;11.0
14576	0
14576	
14115;0;0;55;53;11.0
14600	0
14600	
14143;0;0;55;53;11.0
14624	0
14624	
14167;0;0;55;53;10.0
14648	0
14648	
14191;0;0;55;53;10.0
14672	0
14672	
14215;0;0;55;53;16.0
14699	0
14699	
14240;0;0;55;53;11.0
14724	0
14724	
14264;0;0;55;53;10.0
14753	0
14753	
14291;0;0;55;53;11.0
14776	0
14776	
14317;0;0;55;53;10.0
14799	0
14799	
14342;0;0;55;53;11.0
14827	0
14827	
14367;0;0;55;53;12.0
14851	0
14851	
14391;0;0;55;53;10.0
14875	0
14875	
14415;0;0;55;53;11.0
14899	0
14899	
14442;0;0;55;53;10.0
14924	0
14924	
14467;0;0;55;53;11.0
14948	0
14948	
14491;0;0;55;53;9.0
14978	0
14978	
14519;0;0;55;53;12.0
15003	0
15003	
14543;0;0;55;53;10.0
15027	0
15027	
14568;0;0;55;53;10.0
15052	0
15052	
14595;0;0;55;53;9.0
15076	0
15076	
14619;0;0;55;53;10.0
15100	0
15100	
14643;0;0;55;53;9.0
15125	0
15125	
14668;0;0;55;53;11.0
15152	0
15152	
14692;0;0;55;53;10.0
15181	0
15181	
14716;0;0;55;53;10.0
15205	0
15205	
14745;0;0;55;53;11.0
15227	0
15227	
14770;0;0;55;53;10.0
15251	0
15251	
14794;0;0;55;53;10.0
15275	0
15275	
14818;0;0;55;53;10.0
15302	0
15302	
14842;0;0;55;53;9.0
15327	0
15327	
14867;0;0;55;53;10.0
15351	0
15351	
14894;0;0;55;53;9.0
15376	0
15376	
14919;0;0;55;53;10.0
15412	0
15412	
14951;0;0;55;53;10.0
15435	0
15435	
14978;0;0;55;53;11.0
15460	0
15460	
15003;0;0;55;53;10.0
15484	0
15484	
15027;0;0;55;53;10.0
15508	0
15508	
15051;0;0;55;53;11.0
15533	0
15533	
15075;0;0;55;53;10.0
15559	0
15559	
15099;0;0;55;53;10.0
15584	0
15584	
15123;0;0;55;53;10.0
15615	0
15615	
15148;0;0;55;53;10.0
15634	0
15634	
15176;0;0;55;53;10.0
15657	0
15657	
15200;0;0;55;53;10.0
15681	0
15681	
15224;0;0;55;53;10.0
15705	0
15705	
15248;0;0;55;53;10.0
15732	0
15732	
15272;0;0;55;53;10.0
15756	0
15756	
15296;0;0;55;53;11.0
15780	0
15780	
15320;0;0;55;53;11.0
15810	0
15810	
15347;0;0;55;53;10.0
15833	0
15833	
15374;0;0;55;53;10.0
15855	0
15855	
15398;0;0;55;53;10.0
15879	0
15879	
15422;0;0;55;53;10.0
15906	0
15906	
15447;0;0;55;53;10.0
15931	0
15931	
15471;0;0;55;53;19.0
15955	0
15955	
15496;0;0;55;53;10.0
15980	0
15980	
15523;0;0;55;53;10.0
16004	0
16004	
15547;0;0;55;53;10.0
16039	0
16039	
15575;0;0;55;53;11.0
16059	0
16059	
15600;0;0;55;53;10.0
16084	0
16084	
15624;0;0;55;53;15.0
16108	0
16108	
15651;0;0;55;53;10.0
16133	0
16133	
15676;0;0;55;53;11.0
16158	0
16158	
15701;0;0;55;53;10.0
16182	0
16182	
15725;0;0;55;53;10.0
16209	0
16209	
15749;0;0;55;53;10.0
16238	0
16238	
15773;0;0;55;53;11.0
16260	0
16260	
15802;0;0;55;53;10.0
16284	0
16284	
15827;0;0;55;53;13.0
16308	0
16308	
15851;0;0;55;53;10.0
16332	0
16332	
15875;0;0;55;53;10.0
16357	0
16357	
15899;0;0;55;53;10.0
16383	0
16383	
15923;0;0;55;53;10.0
16408	0
16408	
15948;0;0;55;53;11.0
16432	0
16432	
15975;0;0;55;53;10.0
16467	0
16467	
16009;0;0;55;53;10.0
16491	0
16491	
16033;0;0;55;53;10.0
16515	0
16515	
16058;0;0;55;53;10.0
16542	0
16542	
16083;0;0;55;53;10.0
16565	0
16565	
16107;0;0;55;53;10.0
16589	0
16589	
16132;0;0;55;53;10.0
16614	0
16614	
16157;0;0;55;53;10.0
16640	0
16640	
16182;0;0;55;53;14.0
16674	0
16674	
16206;0;0;55;53;11.0
16694	0
16694	
16231;0;0;55;53;10.0
16715	0
16715	
16256;0;0;55;53;12.0
16738	0
16738	
16280;0;0;55;53;10.0
16763	0
16763	
16306;0;0;55;53;15.0
16790	0
16790	
16331;0;0;55;53;10.0
16813	0
16813	
16355;0;0;55;53;10.0
16837	0
16837	
16379;0;0;55;53;10.0
16861	0
