milliseconds	Werte
462	0
462	
6;0;0;55;54;0.0
486	0
486	
30;0;0;55;54;0.0
514	0
514	
54;0;0;55;54;21.0
537	0
537	
78;0;0;55;54;21.0
562	0
562	
102;0;0;55;54;20.0
586	0
586	
129;0;0;55;54;20.0
611	0
611	
154;0;0;55;54;21.0
647	0
647	
183;0;0;55;54;20.0
667	0
667	
207;0;0;55;54;20.0
691	0
691	
231;0;0;55;54;18.0
715	0
715	
258;0;0;55;54;18.0
740	0
740	
283;0;0;55;54;21.0
764	0
764	
307;0;0;55;54;20.0
788	0
788	
331;0;0;55;54;20.0
813	0
813	
355;0;0;55;54;20.0
848	0
848	
379;0;0;55;54;20.0
868	0
868	
406;0;0;55;54;20.0
889	0
889	
432;0;0;55;54;17.0
913	0
913	
456;0;0;55;54;17.0
937	0
937	
480;0;0;55;54;20.0
962	0
962	
504;0;0;55;54;20.0
986	0
986	
528;0;0;55;54;21.0
1012	0
1012	
552;0;0;55;54;21.0
1036	0
1036	
578;0;0;55;54;20.0
1072	0
1072	
609;0;0;55;54;20.0
1093	0
1093	
634;0;0;55;54;20.0
1116	0
1116	
658;0;0;55;54;20.0
1140	0
1140	
682;0;0;55;54;20.0
1164	0
1164	
708;0;0;55;54;20.0
1192	0
1192	
733;0;0;55;54;20.0
1215	0
1215	
757;0;0;55;54;20.0
1239	0
1239	
782;0;0;55;54;20.0
1264	0
1264	
807;0;0;55;54;20.0
1300	0
1300	
831;0;0;55;54;20.0
1320	0
1320	
856;0;0;55;54;21.0
1338	0
1338	
881;0;0;55;54;21.0
1365	0
1365	
907;0;0;55;54;18.0
1389	0
1389	
931;0;0;55;54;20.0
1413	0
1413	
956;0;0;55;54;20.0
1440	0
1440	
981;0;0;55;54;20.0
1463	0
1463	
1005;0;0;55;54;20.0
1487	0
1487	
1029;0;0;55;54;20.0
1522	0
1522	
1060;0;0;55;54;20.0
1542	0
1542	
1085;0;0;55;54;20.0
1567	0
1567	
1110;0;0;55;54;20.0
1591	0
1591	
1134;0;0;55;54;20.0
1616	0
1616	
1158;0;0;55;54;19.0
1640	0
1640	
1182;0;0;55;54;19.0
1666	0
1666	
1206;0;0;55;54;20.0
1690	0
1690	
1231;0;0;55;54;20.0
1718	0
1718	
1258;0;0;55;54;20.0
1743	0
1743	
1283;0;0;55;54;21.0
1764	0
1764	
1307;0;0;55;54;21.0
1788	0
1788	
1331;0;0;55;54;20.0
1816	0
1816	
1356;0;0;55;54;20.0
1840	0
1840	
1380;0;0;55;54;20.0
1864	0
1864	
1404;0;0;55;54;20.0
1888	0
1888	
1431;0;0;55;54;20.0
1913	0
1913	
1456;0;0;55;54;20.0
1955	0
1955	
1481;0;0;55;54;20.0
1969	0
1969	
1505;0;0;55;54;20.0
1986	0
1986	
1529;0;0;55;54;20.0
2011	0
2011	
1553;0;0;55;54;19.0
2035	0
2035	
1577;0;0;55;54;19.0
2061	0
2061	
1602;0;0;55;54;20.0
2086	0
2086	
1627;0;0;55;54;20.0
2109	0
2109	
1652;0;0;55;54;20.0
2134	0
2134	
1677;0;0;55;54;20.0
2171	0
2171	
1702;0;0;56;54;20.0
2191	0
2191	
1726;0;0;56;54;20.0
2209	0
2209	
1751;0;0;55;54;20.0
2235	0
2235	
1777;0;0;55;54;20.0
2260	0
2260	
1802;0;0;55;54;19.0
2284	0
2284	
1827;0;0;55;54;19.0
2309	0
2309	
1852;0;0;56;54;20.0
2334	0
2334	
1876;0;0;56;54;20.0
2360	0
2360	
1901;0;0;55;54;20.0
2394	0
2394	
1926;0;0;55;54;20.0
2412	0
2412	
1953;0;0;55;54;20.0
2435	0
2435	
1978;0;0;55;54;20.0
2461	0
2461	
2004;0;0;55;54;20.0
2486	0
2486	
2028;0;0;55;54;21.0
2510	0
2510	
2052;0;0;55;54;21.0
2534	0
2534	
2076;0;0;55;54;20.0
2560	0
2560	
2102;0;0;55;54;20.0
2585	0
2585	
2126;0;0;55;54;20.0
2619	0
2619	
2158;0;0;55;54;20.0
2641	0
2641	
2182;0;0;55;54;20.0
2665	0
2665	
2208;0;0;55;54;20.0
2689	0
2689	
2233;0;0;55;54;20.0
2715	0
2715	
2257;0;0;55;54;20.0
2739	0
2739	
2281;0;0;55;54;20.0
2765	0
2765	
2306;0;0;56;54;20.0
2790	0
2790	
2331;0;0;55;54;20.0
2818	0
2818	
2355;0;0;56;54;19.0
2841	0
2841	
2382;0;0;55;54;20.0
2863	0
2863	
2407;0;0;55;54;20.0
2889	0
2889	
2431;0;0;55;54;20.0
2913	0
2913	
2455;0;0;56;54;20.0
2939	0
2939	
2479;0;0;55;54;21.0
2963	0
2963	
2505;0;0;56;54;21.0
2988	0
2988	
2531;0;0;56;54;20.0
3012	0
3012	
2555;0;0;55;54;20.0
3047	0
3047	
2579;0;0;55;54;20.0
3067	0
3067	
2604;0;0;56;54;20.0
3086	0
3086	
2628;0;0;55;54;20.0
3112	0
3112	
2652;0;0;55;54;20.0
3136	0
3136	
2676;0;0;55;54;20.0
3160	0
3160	
2701;0;0;55;54;21.0
3185	0
3185	
2728;0;0;56;54;21.0
3209	0
3209	
2753;0;0;55;54;19.0
3234	0
3234	
2777;0;0;55;54;20.0
3275	0
3275	
2801;0;0;55;54;20.0
3290	0
3290	
2825;0;0;55;54;19.0
3309	0
3309	
2849;0;0;55;54;19.0
3333	0
3333	
2874;0;0;56;54;20.0
3359	0
3359	
2901;0;0;55;54;20.0
3382	0
3382	
2925;0;0;55;54;20.0
3406	0
3406	
2949;0;0;56;54;20.0
3431	0
3431	
2973;0;0;56;54;20.0
3457	0
3457	
2997;0;0;56;54;20.0
3488	0
3488	
3021;0;0;56;54;20.0
3510	0
3510	
3047;0;0;56;54;20.0
3530	0
3530	
3073;0;0;56;54;20.0
3554	0
3554	
3098;0;0;56;54;19.0
3579	0
3579	
3122;0;0;55;54;20.0
3604	0
3604	
3146;0;0;56;54;20.0
3628	0
3628	
3170;0;0;55;54;21.0
3654	0
3654	
3194;0;0;56;54;21.0
3678	0
3678	
3219;0;0;56;54;20.0
3713	0
3713	
3251;0;0;55;54;19.0
3732	0
3732	
3275;0;0;55;54;19.0
3758	0
3758	
3299;0;0;55;54;20.0
3781	0
3781	
3323;0;0;56;54;20.0
3807	0
3807	
3347;0;0;55;54;20.0
3831	0
3831	
3372;0;0;55;54;20.0
3856	0
3856	
3399;0;0;55;54;20.0
3880	0
3880	
3423;0;0;56;54;18.0
3914	0
3914	
3447;0;0;56;54;18.0
3935	0
3935	
3472;0;0;55;54;20.0
3954	0
3954	
3496;0;0;56;54;20.0
3980	0
3980	
3520;0;0;55;54;20.0
4004	0
4004	
3545;0;0;56;54;20.0
4029	0
4029	
3572;0;0;56;54;18.0
4053	0
4053	
3596;0;0;56;54;20.0
4077	0
4077	
3620;0;0;56;54;20.0
4102	0
4102	
3644;0;0;56;54;19.0
4137	0
4137	
3668;0;0;56;54;19.0
4156	0
4156	
3693;0;0;56;54;20.0
4177	0
4177	
3717;0;0;56;54;20.0
4201	0
4201	
3741;0;0;56;54;18.0
4226	0
4226	
3769;0;0;56;54;20.0
4250	0
4250	
3793;0;0;56;54;20.0
4274	0
4274	
3817;0;0;56;54;20.0
4298	0
4298	
3841;0;0;56;54;20.0
4325	0
4325	
3865;0;0;56;54;20.0
4359	0
4359	
3900;0;0;56;54;19.0
4382	0
4382	
3925;0;0;56;54;20.0
4406	0
4406	
3949;0;0;55;54;20.0
4430	0
4430	
3973;0;0;55;54;20.0
4455	0
4455	
3997;0;0;56;54;20.0
4482	0
4482	
4022;0;0;55;54;20.0
4506	0
4506	
4047;0;0;56;54;20.0
4532	0
4532	
4074;0;0;56;54;20.0
4555	0
4555	
4098;0;0;55;54;20.0
4591	0
4591	
4126;0;0;55;54;20.0
4611	0
4611	
4151;0;0;56;54;20.0
4635	0
4635	
4175;0;0;56;54;20.0
4659	0
4659	
4199;0;0;55;54;20.0
4683	0
4683	
4226;0;0;56;54;20.0
4708	0
4708	
4251;0;0;56;54;20.0
4733	0
4733	
4276;0;0;56;54;19.0
4757	0
4757	
4300;0;0;56;54;19.0
4789	0
4789	
4324;0;0;56;54;20.0
4812	0
4812	
4350;0;0;56;54;20.0
4834	0
4834	
4376;0;0;56;54;20.0
4859	0
4859	
4402;0;0;56;54;20.0
4883	0
4883	
4426;0;0;56;54;20.0
4907	0
4907	
4450;0;0;56;54;20.0
4932	0
4932	
4474;0;0;56;54;20.0
4956	0
4956	
4498;0;0;56;54;20.0
4982	0
4982	
4522;0;0;56;54;20.0
5015	0
5015	
4548;0;0;56;54;20.0
5034	0
5034	
4572;0;0;55;54;20.0
5054	0
5054	
4596;0;0;56;54;20.0
5078	0
5078	
4621;0;0;56;54;20.0
5105	0
5105	
4646;0;0;56;54;20.0
5128	0
5128	
4670;0;0;55;54;20.0
5152	0
5152	
4694;0;0;56;54;20.0
5176	0
5176	
4719;0;0;56;54;20.0
5204	0
5204	
4745;0;0;56;54;19.0
5232	0
5232	
4776;0;0;55;54;21.0
5257	0
5257	
4800;0;0;55;54;21.0
5282	0
5282	
4824;0;0;56;54;20.0
5306	0
5306	
4848;0;0;56;54;20.0
5330	0
5330	
4872;0;0;56;54;20.0
5356	0
5356	
4897;0;0;56;54;20.0
5381	0
5381	
4923;0;0;56;54;20.0
5405	0
5405	
4948;0;0;56;54;20.0
5430	0
5430	
4973;0;0;56;54;20.0
5467	0
5467	
5006;0;0;56;54;21.0
5490	0
5490	
5033;0;0;56;54;19.0
5514	0
5514	
5057;0;0;56;54;19.0
5538	0
5538	
5081;0;0;56;54;20.0
5562	0
5562	
5105;0;0;56;54;20.0
5587	0
5587	
5129;0;0;56;54;20.0
5613	0
5613	
5153;0;0;56;54;20.0
5637	0
5637	
5177;0;0;56;54;20.0
5667	0
5667	
5202;0;0;56;54;20.0
5689	0
5689	
5231;0;0;56;54;20.0
5714	0
5714	
5257;0;0;56;54;19.0
5738	0
5738	
5281;0;0;56;54;19.0
5765	0
5765	
5305;0;0;56;54;20.0
5789	0
5789	
5329;0;0;56;54;20.0
5813	0
5813	
5353;0;0;56;54;20.0
5837	0
5837	
5380;0;0;56;54;20.0
5862	0
5862	
5405;0;0;56;54;20.0
5898	0
5898	
5429;0;0;56;54;20.0
5916	0
5916	
5454;0;0;56;54;20.0
5935	0
5935	
5478;0;0;56;54;20.0
5960	0
5960	
5502;0;0;56;54;20.0
5986	0
5986	
5526;0;0;56;54;20.0
6010	0
6010	
5550;0;0;56;54;20.0
6034	0
6034	
5576;0;0;56;54;20.0
6059	0
6059	
5602;0;0;56;54;20.0
6083	0
6083	
5626;0;0;56;54;20.0
6113	0
6113	
5654;0;0;56;54;20.0
6136	0
6136	
5678;0;0;56;54;20.0
6162	0
6162	
5704;0;0;56;54;20.0
6187	0
6187	
5728;0;0;56;54;21.0
6210	0
6210	
5753;0;0;56;54;21.0
6235	0
6235	
5778;0;0;56;54;20.0
6260	0
6260	
5802;0;0;56;54;20.0
6284	0
6284	
5826;0;0;56;54;20.0
6316	0
6316	
5852;0;0;55;54;19.0
6338	0
6338	
5879;0;0;55;54;20.0
6361	0
6361	
5904;0;0;56;54;20.0
6386	0
6386	
5929;0;0;56;54;20.0
6411	0
6411	
5953;0;0;56;54;19.0
6435	0
6435	
5977;0;0;56;54;19.0
6459	0
6459	
6001;0;0;56;54;20.0
6485	0
6485	
6026;0;0;56;54;20.0
6510	0
6510	
6052;0;0;56;54;20.0
6546	0
6546	
6077;0;0;56;54;20.0
6565	0
6565	
6103;0;0;56;54;20.0
6584	0
6584	
6127;0;0;56;54;20.0
6609	0
6609	
6151;0;0;56;54;20.0
6633	0
6633	
6175;0;0;56;54;19.0
6659	0
6659	
6199;0;0;56;54;20.0
6683	0
6683	
6224;0;0;56;54;20.0
6709	0
6709	
6252;0;0;56;54;20.0
6733	0
6733	
6276;0;0;56;54;20.0
6770	0
6770	
6304;0;0;56;54;20.0
6789	0
6789	
6328;0;0;56;54;20.0
6812	0
6812	
6352;0;0;56;54;20.0
6836	0
6836	
6376;0;0;56;54;19.0
6860	0
6860	
6403;0;0;56;54;19.0
6885	0
6885	
6428;0;0;56;54;20.0
6909	0
6909	
6452;0;0;56;54;19.0
6933	0
6933	
6476;0;0;56;54;19.0
6964	0
6964	
6500;0;0;56;54;20.0
6988	0
6988	
6527;0;0;56;54;20.0
7011	0
7011	
6553;0;0;56;54;20.0
7036	0
7036	
6579;0;0;56;54;20.0
7060	0
7060	
6603;0;0;56;54;20.0
7084	0
7084	
6627;0;0;56;54;19.0
7108	0
7108	
6651;0;0;56;54;19.0
7133	0
7133	
6675;0;0;56;54;20.0
7159	0
7159	
6699;0;0;56;54;20.0
7191	0
7191	
6724;0;0;56;54;18.0
7211	0
7211	
6752;0;0;56;54;20.0
7233	0
7233	
6776;0;0;56;54;20.0
7257	0
7257	
6800;0;0;56;54;20.0
7286	0
7286	
6826;0;0;56;54;20.0
7310	0
7310	
6850;0;0;56;54;20.0
7334	0
7334	
6874;0;0;56;54;20.0
7358	0
7358	
6901;0;0;56;54;20.0
7383	0
7383	
6927;0;0;56;54;20.0
7420	0
7420	
6959;0;0;56;54;20.0
7443	0
7443	
6986;0;0;56;54;20.0
7468	0
7468	
7011;0;0;56;54;20.0
7492	0
7492	
7035;0;0;56;54;20.0
7516	0
7516	
7059;0;0;56;54;20.0
7542	0
7542	
7083;0;0;56;54;19.0
7567	0
7567	
7107;0;0;56;54;19.0
7591	0
7591	
7131;0;0;56;54;20.0
7615	0
7615	
7156;0;0;56;54;20.0
7643	0
7643	
7186;0;0;56;54;18.0
7667	0
7667	
7210;0;0;56;54;20.0
7691	0
7691	
7234;0;0;56;54;20.0
7717	0
7717	
7258;0;0;56;54;19.0
7740	0
7740	
7282;0;0;56;54;19.0
7767	0
7767	
7307;0;0;56;54;21.0
7791	0
7791	
7332;0;0;56;54;21.0
7816	0
7816	
7359;0;0;56;54;20.0
7845	0
7845	
7383;0;0;56;54;20.0
7868	0
7868	
7407;0;0;56;54;20.0
7888	0
7888	
7431;0;0;56;54;20.0
7912	0
7912	
7455;0;0;56;54;20.0
7937	0
7937	
7479;0;0;56;54;20.0
7961	0
7961	
7503;0;0;56;54;20.0
7987	0
7987	
7528;0;0;56;54;20.0
8013	0
8013	
7556;0;0;56;54;20.0
8037	0
8037	
7580;0;0;56;54;20.0
8073	0
8073	
7604;0;0;56;54;20.0
8093	0
8093	
7629;0;0;56;54;20.0
8113	0
8113	
7653;0;0;56;54;20.0
8137	0
8137	
7677;0;0;56;54;20.0
8161	0
8161	
7702;0;0;56;54;20.0
8186	0
8186	
7729;0;0;56;54;19.0
8210	0
8210	
7753;0;0;56;54;21.0
8234	0
8234	
7777;0;0;56;54;21.0
8258	0
8258	
7801;0;0;56;54;21.0
8288	0
8288	
7829;0;0;56;54;21.0
8313	0
8313	
7855;0;0;56;54;20.0
8337	0
8337	
7879;0;0;56;54;19.0
8361	0
8361	
7903;0;0;56;54;19.0
8387	0
8387	
7929;0;0;56;54;20.0
8412	0
8412	
7953;0;0;56;54;20.0
8435	0
8435	
7977;0;0;56;54;19.0
8459	0
8459	
8002;0;0;56;54;20.0
8493	0
8493	
8028;0;0;56;54;20.0
8515	0
8515	
8053;0;0;56;54;20.0
8536	0
8536	
8077;0;0;56;54;20.0
8559	0
8559	
8101;0;0;56;54;20.0
8585	0
8585	
8126;0;0;56;54;20.0
8610	0
8610	
8151;0;0;56;54;20.0
8633	0
8633	
8175;0;0;56;54;20.0
8657	0
8657	
8201;0;0;56;54;20.0
8684	0
8684	
8225;0;0;56;54;19.0
8718	0
8718	
8249;0;0;56;54;19.0
8738	0
8738	
8273;0;0;56;54;19.0
8757	0
8757	
8297;0;0;56;54;19.0
8781	0
8781	
8322;0;0;56;54;20.0
8806	0
8806	
8347;0;0;56;54;20.0
8829	0
8829	
8373;0;0;56;54;20.0
8854	0
8854	
8397;0;0;56;54;20.0
8879	0
8879	
8421;0;0;56;54;20.0
8903	0
8903	
8445;0;0;56;54;20.0
8938	0
8938	
8475;0;0;56;54;20.0
8959	0
8959	
8502;0;0;56;54;20.0
8984	0
8984	
8526;0;0;56;54;18.0
9007	0
9007	
8550;0;0;56;54;18.0
9031	0
9031	
8574;0;0;56;54;20.0
9056	0
9056	
8598;0;0;56;54;20.0
9082	0
9082	
8622;0;0;56;54;20.0
9107	0
9107	
8648;0;0;56;54;20.0
9137	0
9137	
8675;0;0;56;54;20.0
9159	0
9159	
8699;0;0;56;54;19.0
9180	0
9180	
8723;0;0;56;54;19.0
9204	0
9204	
8747;0;0;56;54;19.0
9232	0
9232	
8772;0;0;56;54;19.0
9256	0
9256	
8796;0;0;56;54;20.0
9280	0
9280	
8820;0;0;56;54;20.0
9304	0
9304	
8847;0;0;56;54;20.0
9329	0
9329	
8872;0;0;56;54;20.0
9366	0
9366	
8897;0;0;56;54;20.0
9386	0
9386	
8921;0;0;56;54;20.0
9403	0
9403	
8945;0;0;56;54;20.0
9429	0
9429	
8969;0;0;56;54;19.0
9453	0
9453	
8993;0;0;56;54;19.0
9477	0
9477	
9019;0;0;56;54;20.0
9502	0
9502	
9045;0;0;56;54;20.0
9526	0
9526	
9069;0;0;56;54;20.0
9550	0
9550	
9093;0;0;56;54;17.0
9588	0
9588	
9126;0;0;56;54;17.0
9610	0
9610	
9153;0;0;56;54;20.0
9634	0
9634	
9177;0;0;56;54;21.0
9658	0
9658	
9201;0;0;56;54;21.0
9682	0
9682	
9225;0;0;56;54;18.0
9710	0
9710	
9249;0;0;56;54;18.0
9733	0
9733	
9273;0;0;56;54;20.0
9757	0
9757	
9297;0;0;56;54;20.0
9786	0
9786	
9324;0;0;56;54;19.0
9809	0
9809	
9351;0;0;56;54;19.0
9832	0
9832	
9375;0;0;56;54;19.0
9856	0
9856	
9399;0;0;56;54;20.0
9880	0
9880	
9423;0;0;56;54;20.0
9905	0
9905	
9447;0;0;56;54;19.0
9931	0
9931	
9471;0;0;56;54;19.0
9956	0
9956	
9498;0;0;56;54;19.0
9981	0
9981	
9524;0;0;56;54;20.0
10017	0
10017	
9548;0;0;56;54;20.0
10035	0
10035	
9573;0;0;56;54;19.0
10055	0
10055	
9597;0;0;56;54;19.0
10079	0
10079	
9621;0;0;56;54;19.0
10105	0
10105	
9645;0;0;56;54;19.0
10129	0
10129	
9671;0;0;56;54;19.0
10154	0
10154	
9697;0;0;56;54;19.0
10178	0
10178	
9721;0;0;56;54;19.0
10202	0
10202	
9745;0;0;56;54;21.0
10238	0
10238	
9773;0;0;56;54;21.0
10257	0
10257	
9797;0;0;56;54;20.0
10281	0
10281	
9822;0;0;56;54;20.0
10306	0
10306	
9849;0;0;56;54;19.0
10330	0
10330	
9873;0;0;56;54;19.0
10354	0
10354	
9897;0;0;56;54;19.0
10378	0
10378	
9921;0;0;56;54;19.0
10403	0
10403	
9945;0;0;56;54;19.0
10434	0
10434	
9970;0;0;56;54;19.0
10458	0
10458	
9999;0;0;56;54;20.0
10480	0
10480	
10023;0;0;56;54;20.0
10504	0
10504	
10047;0;0;56;54;20.0
10528	0
10528	
10071;0;0;56;54;20.0
10555	0
10555	
10095;0;0;56;54;20.0
10579	0
10579	
10119;0;0;56;54;20.0
10603	0
10603	
10143;0;0;56;54;20.0
10627	0
10627	
10168;0;0;56;54;20.0
10657	0
10657	
10195;0;0;56;54;20.0
10681	0
10681	
10220;0;0;56;54;21.0
10702	0
10702	
10245;0;0;56;54;21.0
10726	0
10726	
10269;0;0;56;54;20.0
10751	0
10751	
10293;0;0;56;54;20.0
10775	0
10775	
10317;0;0;56;54;21.0
10801	0
10801	
10342;0;0;56;54;21.0
10826	0
10826	
10368;0;0;56;54;19.0
10850	0
10850	
10393;0;0;56;54;20.0
10881	0
10881	
10421;0;0;56;54;20.0
10903	0
10903	
10445;0;0;56;54;21.0
10927	0
10927	
10469;0;0;56;54;21.0
10953	0
10953	
10495;0;0;56;54;20.0
10978	0
10978	
10519;0;0;56;54;21.0
11002	0
11002	
10545;0;0;56;54;21.0
11026	0
11026	
10569;0;0;56;54;20.0
11052	0
11052	
10593;0;0;56;54;21.0
11086	0
11086	
10617;0;0;56;54;21.0
11106	0
11106	
10642;0;0;56;54;20.0
11126	0
11126	
10667;0;0;56;54;20.0
11151	0
11151	
10694;0;0;56;54;20.0
11176	0
11176	
10719;0;0;56;54;21.0
11201	0
11201	
10744;0;0;56;54;21.0
11225	0
11225	
10768;0;0;56;54;21.0
11252	0
11252	
10792;0;0;56;54;21.0
11276	0
11276	
10816;0;0;56;54;20.0
11306	0
11306	
10849;0;0;56;54;20.0
11330	0
11330	
10873;0;0;56;54;20.0
11354	0
11354	
10897;0;0;56;54;20.0
11378	0
11378	
10921;0;0;56;54;20.0
11404	0
11404	
10945;0;0;56;54;19.0
11429	0
11429	
10969;0;0;56;54;19.0
11453	0
11453	
10993;0;0;56;54;20.0
11477	0
11477	
11018;0;0;56;54;20.0
11510	0
11510	
11046;0;0;56;54;20.0
11530	0
11530	
11071;0;0;56;54;19.0
11552	0
11552	
11095;0;0;56;54;20.0
