milliseconds	Werte
463	0
463	
6;0;0;56;54;0.0
488	0
488	
30;0;0;56;54;33.0
514	0
514	
54;0;0;56;54;33.0
539	0
539	
78;0;0;56;54;33.0
563	0
563	
102;0;0;56;54;33.0
587	0
587	
129;0;0;56;54;31.0
612	0
612	
154;0;0;56;54;33.0
648	0
648	
183;0;0;56;54;33.0
668	0
668	
207;0;0;56;54;32.0
692	0
692	
231;0;0;56;54;32.0
716	0
716	
256;0;0;56;54;33.0
741	0
741	
283;0;0;56;54;33.0
765	0
765	
307;0;0;56;54;34.0
789	0
789	
331;0;0;56;54;34.0
813	0
813	
355;0;0;56;54;33.0
847	0
847	
379;0;0;56;54;33.0
868	0
868	
404;0;0;56;54;34.0
889	0
889	
428;0;0;56;54;34.0
913	0
913	
453;0;0;56;54;39.0
938	0
938	
480;0;0;56;54;32.0
963	0
963	
505;0;0;56;54;33.0
987	0
987	
529;0;0;56;54;33.0
1011	0
1011	
553;0;0;56;54;33.0
1038	0
1038	
578;0;0;56;54;33.0
1072	0
1072	
602;0;0;56;54;33.0
1091	0
1091	
629;0;0;56;54;37.0
1112	0
1112	
654;0;0;56;54;26.0
1138	0
1138	
680;0;0;56;54;26.0
1164	0
1164	
705;0;0;56;54;33.0
1188	0
1188	
729;0;0;56;54;33.0
1214	0
1214	
755;0;0;56;54;31.0
1239	0
1239	
780;0;0;56;54;33.0
1263	0
1263	
805;0;0;56;54;33.0
1299	0
1299	
829;0;0;56;54;31.0
1317	0
1317	
853;0;0;56;54;31.0
1337	0
1337	
878;0;0;56;54;27.0
1361	0
1361	
902;0;0;56;54;27.0
1387	0
1387	
928;0;0;56;54;33.0
1412	0
1412	
952;0;0;56;54;31.0
1436	0
1436	
978;0;0;56;54;31.0
1460	0
1460	
1002;0;0;56;54;27.0
1485	0
1485	
1026;0;0;56;54;27.0
1520	0
1520	
1050;0;0;56;54;34.0
1541	0
1541	
1075;0;0;56;54;34.0
1560	0
1560	
1100;0;0;56;54;28.0
1585	0
1585	
1127;0;0;56;54;33.0
1609	0
1609	
1151;0;0;56;54;27.0
1633	0
1633	
1175;0;0;56;54;27.0
1659	0
1659	
1200;0;0;56;54;33.0
1685	0
1685	
1224;0;0;56;54;33.0
1709	0
1709	
1248;0;0;56;54;39.0
1741	0
1741	
1273;0;0;56;54;39.0
1761	0
1761	
1301;0;0;56;54;31.0
1785	0
1785	
1327;0;0;56;54;31.0
1809	0
1809	
1351;0;0;56;54;31.0
1833	0
1833	
1375;0;0;56;54;33.0
1860	0
1860	
1399;0;0;56;54;33.0
1884	0
1884	
1423;0;0;56;54;33.0
1908	0
1908	
1447;0;0;56;54;33.0
1932	0
1932	
1474;0;0;56;54;33.0
1969	0
1969	
1499;0;0;56;54;33.0
1985	0
1985	
1524;0;0;56;54;33.0
2007	0
2007	
1549;0;0;56;54;33.0
2031	0
2031	
1573;0;0;56;54;33.0
2058	0
2058	
1597;0;0;56;54;32.0
2082	0
2082	
1621;0;0;56;54;32.0
2106	0
2106	
1645;0;0;56;54;33.0
2131	0
2131	
1673;0;0;56;54;27.0
2155	0
2155	
1697;0;0;56;54;27.0
2197	0
2197	
1721;0;0;56;54;34.0
2211	0
2211	
1745;0;0;56;54;34.0
2227	0
2227	
1769;0;0;56;54;33.0
2255	0
2255	
1794;0;0;56;54;33.0
2279	0
2279	
1818;0;0;56;54;41.0
2303	0
2303	
1843;0;0;56;54;41.0
2328	0
2328	
1870;0;0;56;54;33.0
2352	0
2352	
1894;0;0;56;54;33.0
2376	0
2376	
1918;0;0;56;54;33.0
2412	0
2412	
1946;0;0;56;54;39.0
2432	0
2432	
1970;0;0;56;54;39.0
2455	0
2455	
1996;0;0;56;54;33.0
2480	0
2480	
2022;0;0;56;54;33.0
2504	0
2504	
2046;0;0;56;54;33.0
2528	0
2528	
2070;0;0;56;54;39.0
2552	0
2552	
2094;0;0;56;54;39.0
2579	0
2579	
2118;0;0;56;54;33.0
2603	0
2603	
2142;0;0;56;54;33.0
2634	0
2634	
2176;0;0;56;54;34.0
2658	0
2658	
2200;0;0;56;54;34.0
2682	0
2682	
2224;0;0;56;54;34.0
2706	0
2706	
2248;0;0;56;54;41.0
2733	0
2733	
2272;0;0;56;54;41.0
2758	0
2758	
2297;0;0;56;54;34.0
2782	0
2782	
2324;0;0;56;54;34.0
2807	0
2807	
2349;0;0;56;54;34.0
2831	0
2831	
2373;0;0;56;54;33.0
2867	0
2867	
2401;0;0;56;54;33.0
2887	0
2887	
2426;0;0;56;54;33.0
2911	0
2911	
2450;0;0;56;54;33.0
2935	0
2935	
2477;0;0;56;54;34.0
2960	0
2960	
2502;0;0;56;54;33.0
2984	0
2984	
2526;0;0;56;54;33.0
3009	0
3009	
2551;0;0;56;54;33.0
3036	0
3036	
2575;0;0;56;54;31.0
3064	0
3064	
2599;0;0;56;54;31.0
3088	0
3088	
2628;0;0;56;54;33.0
3111	0
3111	
2653;0;0;56;54;34.0
3135	0
3135	
2677;0;0;56;54;34.0
3159	0
3159	
2701;0;0;56;54;38.0
3183	0
3183	
2725;0;0;56;54;38.0
3210	0
3210	
2749;0;0;56;54;33.0
3234	0
3234	
2773;0;0;56;54;33.0
3258	0
3258	
2797;0;0;56;54;33.0
3287	0
3287	
2824;0;0;56;54;33.0
3309	0
3309	
2850;0;0;56;54;33.0
3332	0
3332	
2874;0;0;56;54;33.0
3357	0
3357	
2898;0;0;56;54;33.0
3383	0
3383	
2922;0;0;56;54;51.0
3407	0
3407	
2946;0;0;56;54;51.0
3431	0
3431	
2970;0;0;56;54;33.0
3455	0
3455	
2997;0;0;56;54;33.0
3480	0
3480	
3022;0;0;56;54;33.0
3516	0
3516	
3050;0;0;56;54;33.0
3532	0
3532	
3074;0;0;56;54;33.0
3559	0
3559	
3098;0;0;56;54;33.0
3583	0
3583	
3122;0;0;56;54;33.0
3607	0
3607	
3146;0;0;56;54;33.0
3631	0
3631	
3173;0;0;56;54;33.0
3656	0
3656	
3198;0;0;56;54;33.0
3680	0
3680	
3222;0;0;56;54;32.0
3704	0
3704	
3246;0;0;56;54;32.0
3738	0
3738	
3277;0;0;56;54;33.0
3762	0
3762	
3304;0;0;56;54;33.0
3786	0
3786	
3328;0;0;56;54;33.0
3810	0
3810	
3352;0;0;56;54;34.0
3834	0
3834	
3376;0;0;56;54;34.0
3861	0
3861	
3400;0;0;56;54;33.0
3885	0
3885	
3424;0;0;56;54;33.0
3909	0
3909	
3448;0;0;56;54;33.0
3937	0
3937	
3475;0;0;56;54;33.0
3962	0
3962	
3502;0;0;56;54;33.0
3984	0
3984	
3526;0;0;56;54;33.0
4008	0
4008	
3550;0;0;56;54;33.0
4032	0
4032	
3574;0;0;56;54;34.0
4057	0
4057	
3598;0;0;56;54;33.0
4083	0
4083	
3622;0;0;56;54;33.0
4108	0
4108	
3648;0;0;56;54;34.0
4133	0
4133	
3675;0;0;56;54;33.0
4169	0
4169	
3699;0;0;56;54;32.0
4185	0
4185	
3724;0;0;56;54;33.0
4206	0
4206	
3748;0;0;56;54;33.0
4230	0
4230	
3772;0;0;56;54;33.0
4255	0
4255	
3796;0;0;56;54;33.0
4281	0
4281	
3820;0;0;56;54;33.0
4305	0
4305	
3844;0;0;56;54;28.0
4329	0
4329	
3870;0;0;56;54;34.0
4354	0
4354	
3896;0;0;56;54;34.0
4390	0
4390	
3927;0;0;56;54;34.0
4412	0
4412	
3951;0;0;56;54;28.0
4436	0
4436	
3976;0;0;56;54;28.0
4461	0
4461	
4003;0;0;56;54;34.0
4485	0
4485	
4027;0;0;56;54;32.0
4509	0
4509	
4051;0;0;56;54;32.0
4537	0
4537	
4075;0;0;56;54;33.0
4560	0
4560	
4099;0;0;56;54;33.0
4589	0
4589	
4123;0;0;56;54;34.0
4611	0
4611	
4152;0;0;56;54;33.0
4634	0
4634	
4176;0;0;56;54;33.0
4658	0
4658	
4200;0;0;56;54;32.0
4682	0
4682	
4224;0;0;56;54;32.0
4707	0
4707	
4248;0;0;56;54;33.0
4733	0
4733	
4272;0;0;56;54;33.0
4757	0
4757	
4297;0;0;56;54;33.0
4782	0
4782	
4324;0;0;56;54;31.0
4818	0
4818	
4348;0;0;56;54;31.0
4834	0
4834	
4373;0;0;56;54;32.0
4855	0
4855	
4398;0;0;56;54;32.0
4881	0
4881	
4422;0;0;56;54;26.0
4908	0
4908	
4447;0;0;56;54;26.0
4932	0
4932	
4473;0;0;56;54;34.0
4957	0
4957	
4499;0;0;56;54;33.0
4981	0
4981	
4523;0;0;56;54;33.0
5005	0
5005	
4547;0;0;56;54;33.0
5037	0
5037	
4575;0;0;56;54;33.0
5060	0
5060	
4603;0;0;56;54;33.0
5085	0
5085	
4627;0;0;56;54;39.0
5109	0
5109	
4651;0;0;56;54;39.0
5133	0
5133	
4675;0;0;56;54;27.0
5160	0
5160	
4700;0;0;56;54;27.0
5185	0
5185	
4724;0;0;56;54;34.0
5209	0
5209	
4751;0;0;56;54;34.0
5239	0
5239	
4776;0;0;56;54;33.0
5263	0
5263	
4801;0;0;56;54;33.0
5283	0
5283	
4825;0;0;56;54;33.0
5307	0
5307	
4849;0;0;56;54;33.0
5332	0
5332	
4873;0;0;56;54;33.0
5359	0
5359	
4897;0;0;56;54;33.0
5382	0
5382	
4921;0;0;56;54;33.0
5406	0
5406	
4947;0;0;56;54;33.0
5431	0
5431	
4973;0;0;56;54;33.0
5468	0
5468	
4997;0;0;56;54;33.0
5487	0
5487	
5022;0;0;56;54;39.0
5504	0
5504	
5046;0;0;56;54;39.0
5532	0
5532	
5071;0;0;56;54;27.0
5556	0
5556	
5095;0;0;56;54;33.0
5580	0
5580	
5122;0;0;56;54;33.0
5605	0
5605	
5147;0;0;56;54;33.0
5629	0
5629	
5171;0;0;56;54;33.0
5663	0
5663	
5195;0;0;56;54;33.0
5684	0
5684	
5221;0;0;56;54;33.0
5706	0
5706	
5245;0;0;56;54;33.0
5730	0
5730	
5271;0;0;56;54;33.0
5756	0
5756	
5298;0;0;56;54;32.0
5780	0
5780	
5322;0;0;56;54;33.0
5804	0
5804	
5346;0;0;56;54;33.0
5828	0
5828	
5370;0;0;56;54;33.0
5855	0
5855	
5394;0;0;56;54;33.0
5887	0
5887	
5419;0;0;56;54;33.0
5908	0
5908	
5447;0;0;56;54;31.0
5929	0
5929	
5471;0;0;56;54;39.0
5953	0
5953	
5495;0;0;56;54;39.0
5977	0
5977	
5519;0;0;56;54;27.0
6004	0
6004	
5543;0;0;56;54;27.0
6028	0
6028	
5567;0;0;56;54;33.0
6052	0
6052	
5591;0;0;56;54;33.0
6076	0
6076	
5618;0;0;56;54;33.0
6113	0
6113	
5643;0;0;56;54;33.0
6130	0
6130	
5668;0;0;56;54;33.0
6150	0
6150	
5692;0;0;56;54;33.0
6174	0
6174	
5716;0;0;56;54;33.0
6201	0
6201	
5740;0;0;56;54;33.0
6225	0
6225	
5764;0;0;56;54;33.0
6249	0
6249	
5788;0;0;56;54;31.0
6273	0
6273	
5815;0;0;56;54;31.0
6298	0
6298	
5840;0;0;56;54;33.0
6330	0
6330	
5869;0;0;56;54;33.0
6352	0
6352	
5893;0;0;56;54;33.0
6378	0
6378	
5917;0;0;56;54;34.0
6402	0
6402	
5942;0;0;56;54;34.0
6427	0
6427	
5969;0;0;56;54;32.0
6451	0
6451	
5993;0;0;56;54;33.0
6475	0
6475	
6017;0;0;56;54;33.0
6499	0
6499	
6041;0;0;56;54;33.0
6540	0
6540	
6065;0;0;56;54;33.0
6554	0
6554	
6089;0;0;56;54;33.0
6574	0
6574	
6113;0;0;56;54;33.0
6598	0
6598	
6139;0;0;56;54;33.0
6624	0
6624	
6166;0;0;56;54;34.0
6648	0
6648	
6190;0;0;56;54;32.0
6672	0
6672	
6214;0;0;56;54;32.0
6696	0
6696	
6238;0;0;56;54;32.0
6723	0
6723	
6262;0;0;56;54;32.0
6756	0
6756	
6286;0;0;56;54;34.0
6777	0
6777	
6312;0;0;56;54;34.0
6797	0
6797	
6339;0;0;56;54;33.0
6821	0
6821	
6363;0;0;56;54;33.0
6845	0
6845	
6387;0;0;56;54;33.0
6871	0
6871	
6412;0;0;56;54;39.0
6898	0
6898	
6437;0;0;56;54;39.0
6922	0
6922	
6463;0;0;56;54;33.0
6947	0
6947	
6489;0;0;56;54;34.0
6983	0
6983	
6517;0;0;56;54;34.0
7002	0
7002	
6541;0;0;56;54;33.0
7026	0
7026	
6565;0;0;56;54;33.0
7050	0
7050	
6589;0;0;56;54;32.0
7074	0
7074	
6616;0;0;56;54;32.0
7099	0
7099	
6641;0;0;56;54;33.0
7123	0
7123	
6665;0;0;56;54;33.0
7147	0
7147	
6689;0;0;56;54;33.0
7181	0
7181	
6713;0;0;56;54;33.0
7202	0
7202	
6738;0;0;56;54;33.0
7223	0
7223	
6762;0;0;56;54;31.0
7248	0
7248	
6790;0;0;56;54;32.0
7272	0
7272	
6814;0;0;56;54;32.0
7296	0
7296	
6838;0;0;56;54;33.0
7320	0
7320	
6862;0;0;56;54;33.0
7345	0
7345	
6886;0;0;56;54;33.0
7372	0
7372	
6912;0;0;56;54;33.0
7406	0
7406	
6938;0;0;56;54;30.0
7424	0
7424	
6962;0;0;56;54;33.0
7445	0
7445	
6987;0;0;56;54;33.0
7471	0
7471	
7013;0;0;56;54;33.0
7496	0
7496	
7037;0;0;56;54;33.0
7520	0
7520	
7061;0;0;56;54;33.0
7544	0
7544	
7085;0;0;56;54;33.0
7570	0
7570	
7111;0;0;56;54;33.0
7595	0
7595	
7135;0;0;56;54;31.0
7626	0
7626	
7168;0;0;56;54;31.0
7651	0
7651	
7192;0;0;56;54;33.0
7675	0
7675	
7216;0;0;56;54;32.0
7701	0
7701	
7240;0;0;56;54;27.0
7725	0
7725	
7265;0;0;56;54;34.0
7750	0
7750	
7290;0;0;56;54;34.0
7774	0
7774	
7316;0;0;56;54;32.0
7798	0
7798	
7340;0;0;56;54;32.0
7822	0
7822	
7364;0;0;56;54;31.0
7851	0
7851	
7392;0;0;56;54;31.0
7877	0
7877	
7418;0;0;56;54;32.0
7902	0
7902	
7442;0;0;56;54;33.0
7925	0
7925	
7466;0;0;56;54;33.0
7949	0
7949	
7491;0;0;56;54;34.0
7977	0
7977	
7517;0;0;56;54;34.0
8000	0
8000	
7541;0;0;56;54;32.0
8024	0
8024	
7565;0;0;56;54;32.0
8056	0
8056	
7591;0;0;56;54;34.0
8080	0
8080	
7616;0;0;56;54;29.0
8099	0
8099	
7640;0;0;56;54;29.0
8123	0
8123	
7664;0;0;56;54;27.0
8147	0
8147	
7689;0;0;56;54;27.0
8174	0
8174	
7715;0;0;56;54;31.0
8198	0
8198	
7739;0;0;56;54;31.0
8222	0
8222	
7765;0;0;56;54;27.0
8249	0
8249	
7789;0;0;56;54;27.0
8284	0
8284	
7821;0;0;56;54;27.0
8305	0
8305	
7845;0;0;56;54;33.0
8328	0
8328	
7869;0;0;56;54;33.0
8352	0
8352	
7895;0;0;56;54;32.0
8377	0
8377	
7919;0;0;56;54;28.0
8402	0
8402	
7943;0;0;56;54;28.0
8426	0
8426	
7967;0;0;56;54;33.0
8450	0
8450	
7991;0;0;56;54;33.0
8480	0
8480	
8017;0;0;56;54;31.0
8504	0
8504	
8045;0;0;56;54;31.0
8528	0
8528	
8070;0;0;56;54;34.0
8552	0
8552	
8094;0;0;56;54;31.0
8576	0
8576	
8118;0;0;56;54;31.0
8601	0
8601	
8142;0;0;56;54;34.0
8627	0
8627	
8166;0;0;56;54;34.0
8651	0
8651	
8190;0;0;56;54;33.0
8675	0
8675	
8216;0;0;56;54;33.0
8712	0
8712	
8242;0;0;56;54;33.0
8728	0
8728	
8266;0;0;56;54;31.0
8748	0
8748	
8290;0;0;56;54;31.0
8772	0
8772	
8315;0;0;56;54;33.0
8801	0
8801	
8340;0;0;56;54;33.0
8825	0
8825	
8364;0;0;56;54;39.0
8849	0
8849	
8391;0;0;56;54;39.0
8874	0
8874	
8416;0;0;56;54;33.0
8898	0
8898	
8440;0;0;56;54;33.0
8934	0
8934	
8471;0;0;56;54;33.0
8956	0
8956	
8498;0;0;56;54;33.0
8981	0
8981	
8523;0;0;56;54;39.0
9005	0
9005	
8547;0;0;56;54;29.0
9029	0
9029	
8571;0;0;56;54;29.0
9054	0
9054	
8595;0;0;56;54;34.0
9080	0
9080	
8619;0;0;56;54;34.0
9104	0
9104	
8643;0;0;56;54;39.0
9128	0
9128	
8668;0;0;56;54;39.0
9156	0
9156	
8698;0;0;56;54;34.0
9180	0
9180	
8722;0;0;56;54;27.0
9204	0
9204	
8746;0;0;56;54;27.0
9228	0
9228	
8770;0;0;56;54;39.0
9255	0
9255	
8794;0;0;56;54;39.0
9279	0
9279	
8818;0;0;56;54;33.0
9303	0
9303	
8842;0;0;56;54;33.0
9327	0
9327	
8869;0;0;56;54;34.0
9357	0
9357	
8894;0;0;56;54;34.0
9380	0
9380	
8918;0;0;56;54;34.0
9400	0
9400	
8942;0;0;56;54;33.0
9424	0
9424	
8966;0;0;56;54;33.0
9449	0
9449	
8990;0;0;56;54;31.0
9475	0
9475	
9015;0;0;56;54;31.0
9500	0
9500	
9041;0;0;56;54;33.0
9526	0
9526	
9068;0;0;56;54;41.0
9550	0
9550	
9092;0;0;56;54;32.0
9586	0
9586	
9124;0;0;56;54;32.0
9609	0
9609	
9151;0;0;56;54;33.0
9634	0
9634	
9176;0;0;56;54;33.0
9658	0
9658	
9200;0;0;56;54;33.0
9682	0
9682	
9224;0;0;56;54;31.0
9710	0
9710	
9248;0;0;56;54;31.0
9733	0
9733	
9272;0;0;56;54;31.0
9757	0
9757	
9296;0;0;56;54;31.0
9786	0
9786	
9320;0;0;56;54;33.0
9809	0
9809	
9349;0;0;56;54;33.0
9831	0
9831	
9373;0;0;56;54;33.0
9855	0
9855	
9397;0;0;56;54;34.0
9883	0
9883	
9422;0;0;56;54;34.0
9907	0
9907	
9446;0;0;56;54;33.0
9931	0
9931	
9470;0;0;56;54;33.0
9955	0
9955	
9497;0;0;56;54;32.0
9980	0
9980	
9522;0;0;56;54;34.0
10016	0
10016	
9551;0;0;56;54;34.0
10034	0
10034	
9575;0;0;56;54;34.0
10060	0
10060	
9599;0;0;56;54;34.0
10084	0
10084	
9623;0;0;56;54;33.0
10108	0
10108	
9648;0;0;56;54;33.0
10133	0
10133	
9675;0;0;56;54;33.0
10157	0
10157	
9699;0;0;56;54;27.0
10181	0
10181	
9723;0;0;56;54;27.0
10205	0
10205	
9747;0;0;56;54;33.0
10241	0
10241	
9783;0;0;56;54;33.0
10266	0
10266	
9808;0;0;56;54;34.0
10290	0
10290	
9832;0;0;56;54;33.0
10314	0
10314	
9856;0;0;56;54;33.0
10338	0
10338	
9880;0;0;56;54;33.0
10365	0
10365	
9904;0;0;56;54;33.0
10389	0
10389	
9928;0;0;56;54;31.0
10413	0
10413	
9952;0;0;56;54;31.0
10442	0
10442	
9979;0;0;56;54;34.0
10464	0
10464	
10005;0;0;56;54;33.0
10488	0
10488	
10030;0;0;56;54;33.0
10512	0
10512	
10054;0;0;56;54;33.0
10537	0
10537	
10078;0;0;56;54;33.0
10563	0
10563	
10102;0;0;56;54;33.0
10587	0
10587	
10126;0;0;56;54;33.0
10612	0
10612	
10154;0;0;56;54;34.0
10636	0
10636	
10178;0;0;56;54;31.0
10667	0
10667	
10206;0;0;56;54;31.0
10689	0
10689	
10230;0;0;56;54;33.0
10715	0
10715	
10254;0;0;56;54;33.0
10739	0
10739	
10278;0;0;56;54;33.0
10763	0
10763	
10303;0;0;56;54;34.0
10788	0
10788	
10330;0;0;56;54;33.0
10812	0
10812	
10354;0;0;56;54;33.0
10836	0
10836	
10378;0;0;56;54;33.0
10877	0
10877	
10402;0;0;56;54;32.0
10892	0
10892	
10426;0;0;56;54;32.0
10911	0
10911	
10450;0;0;56;54;33.0
10935	0
10935	
10474;0;0;56;54;33.0
10959	0
10959	
10500;0;0;56;54;33.0
10984	0
10984	
10526;0;0;56;54;33.0
11008	0
11008	
10550;0;0;56;54;33.0
11032	0
11032	
10574;0;0;56;54;34.0
11063	0
11063	
10598;0;0;56;54;34.0
11088	0
11088	
10624;0;0;56;54;33.0
11109	0
11109	
10650;0;0;56;54;33.0
11134	0
11134	
10676;0;0;56;54;32.0
11158	0
11158	
10700;0;0;56;54;34.0
11182	0
11182	
10724;0;0;56;54;34.0
11208	0
11208	
10748;0;0;56;54;28.0
11233	0
11233	
10772;0;0;56;54;28.0
11257	0
11257	
10796;0;0;56;54;33.0
11290	0
11290	
10829;0;0;56;54;41.0
11311	0
11311	
10853;0;0;56;54;41.0
11335	0
11335	
10877;0;0;56;54;33.0
11360	0
11360	
10901;0;0;56;54;33.0
11384	0
11384	
10925;0;0;56;54;32.0
11410	0
11410	
10949;0;0;56;54;32.0
11434	0
11434	
10975;0;0;56;54;33.0
11459	0
11459	
11001;0;0;56;54;34.0
11495	0
11495	
11025;0;0;56;54;34.0
11513	0
11513	
11049;0;0;56;54;33.0
11531	0
11531	
11073;0;0;56;54;31.0
11556	0
11556	
11097;0;0;56;54;33.0
11582	0
11582	
11122;0;0;56;54;33.0
11607	0
11607	
11147;0;0;56;54;33.0
11632	0
11632	
11174;0;0;56;54;33.0
11656	0
11656	
11198;0;0;56;54;33.0
11681	0
11681	
11223;0;0;56;54;33.0
11718	0
11718	
11252;0;0;56;54;33.0
11737	0
11737	
11276;0;0;56;54;33.0
11761	0
11761	
11303;0;0;56;54;33.0
11786	0
11786	
11328;0;0;56;54;32.0
11810	0
11810	
11352;0;0;56;54;32.0
11834	0
11834	
11376;0;0;56;54;32.0
11858	0
11858	
11400;0;0;56;54;32.0
11885	0
11885	
11425;0;0;56;54;34.0
11910	0
11910	
11449;0;0;56;54;34.0
11940	0
11940	
11482;0;0;56;54;26.0
11965	0
11965	
11507;0;0;56;54;33.0
11989	0
11989	
11531;0;0;56;54;33.0
12013	0
12013	
11555;0;0;56;54;33.0
12038	0
12038	
11579;0;0;56;54;33.0
12065	0
12065	
11604;0;0;56;54;34.0
12089	0
12089	
11629;0;0;56;54;34.0
12114	0
12114	
11656;0;0;56;54;33.0
12138	0
12138	
11680;0;0;56;54;33.0
12175	0
12175	
11711;0;0;56;54;33.0
12196	0
12196	
11735;0;0;56;54;34.0
12220	0
12220	
11762;0;0;56;54;34.0
12245	0
12245	
11787;0;0;56;54;33.0
12269	0
12269	
11811;0;0;56;54;33.0
12293	0
12293	
11835;0;0;56;54;33.0
12317	0
12317	
11859;0;0;56;54;33.0
12344	0
12344	
11883;0;0;56;54;33.0
12374	0
12374	
11907;0;0;56;54;33.0
12396	0
12396	
11936;0;0;56;54;33.0
12419	0
12419	
11961;0;0;56;54;28.0
12443	0
12443	
11985;0;0;56;54;41.0
12467	0
12467	
12009;0;0;56;54;41.0
12492	0
12492	
12033;0;0;56;54;31.0
12518	0
12518	
12057;0;0;56;54;31.0
12542	0
12542	
12081;0;0;56;54;34.0
12566	0
12566	
12106;0;0;56;54;34.0
12599	0
12599	
12133;0;0;56;54;39.0
12619	0
12619	
12158;0;0;56;54;32.0
12640	0
12640	
12182;0;0;56;54;33.0
12665	0
12665	
12207;0;0;56;54;31.0
12692	0
12692	
12231;0;0;56;54;39.0
12716	0
12716	
12255;0;0;56;54;27.0
12740	0
12740	
12279;0;0;56;54;34.0
12764	0
12764	
12306;0;0;56;54;33.0
12790	0
12790	
12332;0;0;56;54;34.0
12820	0
12820	
12362;0;0;56;54;33.0
12845	0
12845	
12386;0;0;56;54;33.0
12869	0
12869	
12410;0;0;56;54;33.0
12896	0
12896	
12434;0;0;56;54;26.0
12919	0
12919	
12459;0;0;56;54;39.0
12944	0
12944	
12486;0;0;56;54;31.0
12968	0
12968	
12510;0;0;56;54;38.0
12992	0
12992	
12534;0;0;56;54;38.0
13027	0
13027	
12559;0;0;56;54;33.0
13049	0
13049	
12584;0;0;56;54;33.0
13069	0
13069	
12608;0;0;56;54;33.0
13093	0
13093	
12632;0;0;56;54;33.0
13117	0
13117	
12657;0;0;56;54;33.0
13142	0
13142	
12684;0;0;56;54;33.0
13167	0
13167	
12709;0;0;56;54;34.0
13191	0
13191	
12733;0;0;56;54;34.0
13215	0
13215	
12757;0;0;56;54;34.0
13249	0
13249	
12781;0;0;56;54;34.0
13270	0
13270	
12806;0;0;56;54;33.0
13291	0
13291	
12831;0;0;56;54;33.0
13316	0
13316	
12858;0;0;56;54;34.0
13340	0
13340	
12882;0;0;56;54;33.0
13364	0
13364	
12906;0;0;56;54;33.0
13388	0
13388	
12930;0;0;56;54;32.0
13415	0
13415	
12954;0;0;56;54;32.0
13439	0
13439	
12978;0;0;56;54;33.0
13472	0
13472	
13014;0;0;56;54;33.0
13496	0
13496	
13038;0;0;56;54;33.0
13520	0
13520	
13062;0;0;56;54;31.0
13544	0
13544	
13086;0;0;56;54;33.0
13569	0
13569	
13110;0;0;56;54;33.0
13595	0
13595	
13134;0;0;56;54;33.0
13619	0
13619	
13158;0;0;56;54;32.0
13643	0
13643	
13183;0;0;56;54;33.0
13673	0
13673	
13210;0;0;56;54;33.0
13696	0
13696	
13235;0;0;56;54;33.0
13717	0
13717	
13259;0;0;56;54;33.0
13741	0
13741	
13283;0;0;56;54;33.0
13767	0
13767	
13308;0;0;56;54;33.0
13793	0
13793	
13332;0;0;56;54;28.0
13817	0
13817	
13357;0;0;56;54;28.0
13842	0
13842	
13384;0;0;56;54;34.0
13866	0
13866	
13408;0;0;56;54;33.0
13903	0
13903	
13437;0;0;56;54;33.0
13922	0
13922	
13461;0;0;56;54;32.0
13946	0
13946	
13485;0;0;56;54;32.0
13970	0
13970	
13511;0;0;56;54;33.0
13995	0
13995	
13537;0;0;56;54;27.0
14019	0
14019	
13561;0;0;56;54;27.0
14043	0
14043	
13585;0;0;56;54;33.0
14071	0
14071	
13609;0;0;56;54;33.0
14094	0
14094	
13633;0;0;56;54;31.0
14124	0
14124	
13666;0;0;56;54;33.0
14148	0
14148	
13690;0;0;56;54;33.0
14172	0
14172	
13714;0;0;56;54;33.0
14196	0
14196	
13738;0;0;56;54;33.0
14220	0
14220	
13762;0;0;56;54;33.0
14248	0
14248	
13787;0;0;56;54;33.0
14272	0
14272	
13811;0;0;56;54;32.0
14296	0
14296	
13838;0;0;56;54;32.0
14327	0
14327	
13863;0;0;56;54;34.0
14349	0
14349	
13887;0;0;56;54;33.0
14369	0
14369	
13911;0;0;56;54;33.0
14393	0
14393	
13935;0;0;56;54;31.0
14417	0
14417	
13959;0;0;56;54;31.0
14444	0
14444	
13983;0;0;56;54;34.0
14468	0
14468	
14007;0;0;56;54;34.0
14493	0
14493	
14032;0;0;56;54;27.0
14517	0
14517	
14059;0;0;56;54;32.0
14551	0
14551	
14091;0;0;56;54;32.0
14574	0
14574	
14115;0;0;56;54;32.0
14598	0
14598	
14139;0;0;56;54;32.0
14624	0
14624	
14165;0;0;56;54;32.0
14649	0
14649	
14189;0;0;56;54;33.0
14672	0
14672	
14214;0;0;56;54;33.0
14697	0
14697	
14239;0;0;56;54;27.0
14722	0
14722	
14263;0;0;56;54;27.0
14756	0
14756	
14287;0;0;56;54;32.0
14776	0
14776	
14311;0;0;56;54;32.0
14796	0
14796	
14335;0;0;56;54;32.0
14820	0
14820	
14360;0;0;56;54;32.0
14846	0
14846	
14388;0;0;56;54;33.0
14870	0
14870	
14412;0;0;56;54;33.0
14895	0
14895	
14436;0;0;56;54;33.0
14918	0
14918	
14460;0;0;56;54;26.0
14943	0
14943	
14484;0;0;56;54;26.0
14979	0
14979	
14520;0;0;56;54;27.0
15003	0
15003	
14545;0;0;56;54;33.0
15027	0
15027	
14569;0;0;56;54;33.0
15051	0
15051	
14593;0;0;56;54;28.0
15076	0
15076	
14617;0;0;56;54;28.0
15100	0
15100	
14641;0;0;56;54;39.0
15126	0
15126	
14665;0;0;56;54;39.0
15150	0
15150	
14691;0;0;56;54;28.0
15186	0
15186	
14717;0;0;56;54;31.0
15203	0
15203	
14742;0;0;56;54;31.0
15225	0
15225	
14767;0;0;56;54;33.0
15250	0
15250	
14791;0;0;56;54;33.0
15274	0
15274	
14815;0;0;56;54;31.0
15300	0
15300	
14839;0;0;56;54;32.0
15324	0
15324	
14864;0;0;56;54;34.0
15349	0
15349	
14891;0;0;56;54;27.0
15373	0
15373	
14915;0;0;56;54;34.0
15405	0
15405	
14945;0;0;56;54;34.0
15428	0
15428	
14969;0;0;56;54;33.0
15452	0
15452	
14994;0;0;56;54;33.0
15479	0
15479	
15020;0;0;56;54;34.0
15503	0
15503	
15044;0;0;56;54;32.0
15527	0
15527	
15069;0;0;56;54;32.0
15554	0
15554	
15094;0;0;56;54;34.0
15578	0
15578	
15119;0;0;56;54;34.0
15611	0
15611	
15145;0;0;56;54;33.0
15633	0
15633	
15170;0;0;56;54;33.0
15653	0
15653	
15194;0;0;56;54;33.0
15677	0
15677	
15218;0;0;56;54;35.0
15701	0
15701	
15243;0;0;56;54;35.0
15728	0
15728	
15268;0;0;56;54;33.0
15751	0
15751	
15292;0;0;56;54;39.0
15775	0
15775	
15317;0;0;56;54;27.0
15802	0
15802	
15342;0;0;56;54;39.0
15836	0
15836	
15374;0;0;56;54;32.0
15858	0
15858	
15398;0;0;56;54;39.0
15881	0
15881	
15422;0;0;56;54;39.0
15905	0
15905	
15446;0;0;56;54;39.0
15931	0
15931	
15472;0;0;56;54;39.0
15956	0
15956	
15496;0;0;56;54;34.0
15979	0
15979	
15520;0;0;56;54;34.0
16003	0
16003	
15545;0;0;56;54;39.0
16030	0
16030	
15570;0;0;56;54;39.0
16060	0
16060	
15602;0;0;56;54;34.0
16086	0
16086	
15626;0;0;56;54;39.0
16108	0
16108	
15650;0;0;56;54;39.0
16132	0
16132	
15674;0;0;56;54;33.0
16157	0
16157	
15698;0;0;56;54;33.0
16183	0
16183	
15722;0;0;56;54;34.0
16208	0
16208	
15748;0;0;56;54;34.0
16233	0
16233	
15775;0;0;56;54;33.0
16268	0
16268	
15799;0;0;56;54;33.0
16286	0
16286	
15823;0;0;56;54;33.0
16305	0
16305	
15847;0;0;56;54;32.0
16329	0
16329	
15871;0;0;56;54;32.0
16356	0
16356	
15895;0;0;56;54;33.0
16380	0
16380	
15919;0;0;56;54;33.0
16404	0
16404	
15943;0;0;56;54;34.0
16428	0
16428	
15970;0;0;56;54;34.0
16454	0
16454	
15996;0;0;56;54;34.0
16491	0
16491	
16024;0;0;56;54;41.0
16509	0
16509	
16048;0;0;56;54;41.0
16533	0
16533	
16072;0;0;56;54;34.0
16557	0
16557	
16096;0;0;56;54;34.0
16581	0
16581	
16123;0;0;56;54;33.0
16606	0
16606	
16148;0;0;56;54;33.0
16630	0
16630	
16172;0;0;56;54;33.0
16654	0
16654	
16196;0;0;56;54;32.0
16687	0
16687	
16220;0;0;56;54;32.0
16711	0
16711	
16245;0;0;56;54;34.0
16728	0
16728	
16270;0;0;56;54;34.0
16755	0
16755	
16296;0;0;56;54;28.0
16779	0
16779	
16320;0;0;56;54;33.0
16803	0
16803	
16345;0;0;56;54;33.0
16829	0
16829	
16371;0;0;56;54;34.0
16854	0
16854	
16395;0;0;56;54;34.0
16879	0
16879	
16419;0;0;56;54;31.0
16911	0
16911	
16443;0;0;56;54;31.0
16932	0
16932	
16470;0;0;56;54;33.0
16954	0
16954	
16496;0;0;56;54;31.0
16979	0
16979	
16521;0;0;56;54;31.0
17003	0
17003	
16545;0;0;56;54;33.0
17028	0
17028	
16569;0;0;56;54;33.0
17053	0
17053	
16593;0;0;56;54;31.0
17078	0
17078	
16617;0;0;56;54;31.0
17102	0
17102	
16643;0;0;56;54;33.0
17136	0
17136	
16678;0;0;56;54;32.0
17161	0
17161	
16702;0;0;56;54;32.0
17185	0
17185	
16726;0;0;56;54;33.0
17209	0
17209	
16750;0;0;56;54;33.0
17235	0
17235	
16776;0;0;56;54;34.0
17261	0
17261	
16800;0;0;56;54;33.0
17283	0
17283	
16825;0;0;56;54;33.0
17308	0
17308	
16850;0;0;56;54;38.0
17341	0
17341	
16874;0;0;56;54;38.0
17363	0
17363	
16899;0;0;56;54;33.0
17382	0
17382	
16924;0;0;56;54;33.0
17410	0
17410	
16951;0;0;56;54;41.0
17434	0
17434	
16976;0;0;56;54;32.0
17459	0
17459	
17001;0;0;56;54;32.0
17483	0
17483	
17025;0;0;56;54;33.0
17508	0
17508	
17049;0;0;56;54;33.0
17537	0
17537	
17073;0;0;56;54;31.0
17562	0
17562	
17101;0;0;56;54;31.0
17584	0
17584	
17125;0;0;56;54;31.0
17608	0
17608	
17150;0;0;56;54;33.0
17633	0
17633	
17175;0;0;56;54;33.0
17658	0
17658	
17199;0;0;56;54;33.0
17682	0
17682	
17223;0;0;56;54;33.0
17706	0
17706	
17247;0;0;56;54;33.0
17732	0
17732	
17272;0;0;56;54;33.0
17762	0
17762	
17298;0;0;56;54;33.0
17785	0
17785	
17324;0;0;56;54;34.0
17806	0
17806	
17348;0;0;56;54;34.0
17830	0
17830	
17372;0;0;56;54;33.0
17854	0
17854	
17396;0;0;56;54;39.0
17879	0
17879	
17420;0;0;56;54;39.0
17905	0
17905	
17444;0;0;56;54;33.0
17929	0
17929	
17468;0;0;56;54;33.0
17953	0
17953	
17494;0;0;56;54;34.0
17989	0
17989	
17526;0;0;56;54;32.0
18010	0
18010	
17550;0;0;56;54;32.0
18033	0
18033	
17574;0;0;56;54;33.0
18057	0
18057	
17598;0;0;56;54;33.0
18084	0
18084	
17624;0;0;56;54;33.0
18108	0
18108	
17648;0;0;56;54;33.0
18131	0
18131	
17672;0;0;56;54;33.0
18155	0
18155	
17697;0;0;56;54;33.0
18187	0
18187	
17722;0;0;56;54;33.0
18211	0
18211	
17747;0;0;56;54;33.0
18230	0
18230	
17771;0;0;56;54;33.0
18254	0
18254	
17797;0;0;56;54;39.0
18281	0
18281	
17821;0;0;56;54;29.0
18304	0
