milliseconds	Werte
462	0
462	
6;0;0;56;54;0.0
487	0
487	
30;0;0;56;54;45.0
513	0
513	
54;0;0;56;54;45.0
537	0
537	
78;0;0;56;54;47.0
562	0
562	
102;0;0;56;54;37.0
586	0
586	
129;0;0;56;54;56.0
611	0
611	
154;0;0;56;54;47.0
647	0
647	
183;0;0;56;54;47.0
667	0
667	
207;0;0;56;54;46.0
691	0
691	
231;0;0;56;54;46.0
715	0
715	
256;0;0;56;54;43.0
740	0
740	
283;0;0;56;54;47.0
764	0
764	
307;0;0;56;54;39.0
788	0
788	
331;0;0;56;54;39.0
812	0
812	
355;0;0;56;54;47.0
848	0
848	
379;0;0;56;54;47.0
868	0
868	
404;0;0;56;54;46.0
888	0
888	
429;0;0;56;54;46.0
913	0
913	
456;0;0;56;54;45.0
939	0
939	
482;0;0;56;54;47.0
963	0
963	
506;0;0;56;54;47.0
987	0
987	
530;0;0;56;54;45.0
1014	0
1014	
554;0;0;56;54;45.0
1038	0
1038	
578;0;0;56;54;37.0
1068	0
1068	
602;0;0;56;54;37.0
1089	0
1089	
630;0;0;56;54;47.0
1111	0
1111	
654;0;0;56;54;46.0
1135	0
1135	
678;0;0;56;54;46.0
1160	0
1160	
703;0;0;56;54;37.0
1187	0
1187	
727;0;0;56;54;37.0
1211	0
1211	
751;0;0;56;54;38.0
1235	0
1235	
775;0;0;56;54;47.0
1259	0
1259	
802;0;0;56;54;39.0
1297	0
1297	
828;0;0;56;54;47.0
1313	0
1313	
853;0;0;56;54;39.0
1334	0
1334	
877;0;0;56;54;47.0
1358	0
1358	
901;0;0;56;54;46.0
1385	0
1385	
925;0;0;56;54;39.0
1409	0
1409	
949;0;0;56;54;47.0
1433	0
1433	
973;0;0;56;54;39.0
1457	0
1457	
1000;0;0;56;54;45.0
1482	0
1482	
1025;0;0;56;54;47.0
1518	0
1518	
1049;0;0;56;54;45.0
1536	0
1536	
1074;0;0;56;54;45.0
1557	0
1557	
1099;0;0;56;54;46.0
1583	0
1583	
1123;0;0;56;54;46.0
1607	0
1607	
1147;0;0;56;54;46.0
1631	0
1631	
1172;0;0;56;54;46.0
1657	0
1657	
1200;0;0;56;54;47.0
1682	0
1682	
1225;0;0;56;54;39.0
1706	0
1706	
1249;0;0;56;54;39.0
1742	0
1742	
1273;0;0;56;54;47.0
1762	0
1762	
1298;0;0;56;54;47.0
1782	0
1782	
1322;0;0;56;54;47.0
1806	0
1806	
1346;0;0;56;54;47.0
1830	0
1830	
1372;0;0;56;54;46.0
1855	0
1855	
1398;0;0;56;54;46.0
1879	0
1879	
1422;0;0;56;54;46.0
1903	0
1903	
1446;0;0;56;54;49.0
1928	0
1928	
1470;0;0;56;54;49.0
1963	0
1963	
1494;0;0;56;54;47.0
1982	0
1982	
1519;0;0;56;54;47.0
2003	0
2003	
1545;0;0;56;54;47.0
2028	0
2028	
1571;0;0;56;54;58.0
2052	0
2052	
1595;0;0;56;54;58.0
2076	0
2076	
1619;0;0;56;54;36.0
2101	0
2101	
1643;0;0;56;54;36.0
2127	0
2127	
1667;0;0;56;54;47.0
2152	0
2152	
1693;0;0;56;54;47.0
2190	0
2190	
1724;0;0;56;54;39.0
2205	0
2205	
1748;0;0;56;54;47.0
2229	0
2229	
1772;0;0;56;54;47.0
2256	0
2256	
1796;0;0;56;54;55.0
2280	0
2280	
1820;0;0;56;54;55.0
2304	0
2304	
1844;0;0;56;54;51.0
2328	0
2328	
1871;0;0;56;54;51.0
2353	0
2353	
1896;0;0;56;54;46.0
2378	0
2378	
1921;0;0;56;54;51.0
2414	0
2414	
1950;0;0;56;54;51.0
2434	0
2434	
1974;0;0;56;54;47.0
2458	0
2458	
1999;0;0;56;54;47.0
2483	0
2483	
2026;0;0;56;54;58.0
2507	0
2507	
2050;0;0;56;54;45.0
2531	0
2531	
2074;0;0;56;54;46.0
2555	0
2555	
2098;0;0;56;54;46.0
2582	0
2582	
2122;0;0;56;54;47.0
2607	0
2607	
2147;0;0;56;54;47.0
2636	0
2636	
2179;0;0;56;54;45.0
2660	0
2660	
2204;0;0;56;54;46.0
2685	0
2685	
2228;0;0;56;54;46.0
2709	0
2709	
2252;0;0;56;54;47.0
2736	0
2736	
2276;0;0;56;54;47.0
2760	0
2760	
2300;0;0;56;54;47.0
2784	0
2784	
2324;0;0;56;54;47.0
2808	0
2808	
2351;0;0;56;54;46.0
2833	0
2833	
2376;0;0;56;54;37.0
2870	0
2870	
2406;0;0;56;54;37.0
2890	0
2890	
2430;0;0;56;54;46.0
2914	0
2914	
2454;0;0;56;54;46.0
2938	0
2938	
2481;0;0;56;54;47.0
2963	0
2963	
2506;0;0;56;54;47.0
2987	0
2987	
2530;0;0;56;54;47.0
3012	0
3012	
2555;0;0;56;54;47.0
3039	0
3039	
2579;0;0;56;54;47.0
3068	0
3068	
2603;0;0;56;54;47.0
3091	0
3091	
2633;0;0;56;54;46.0
3114	0
3114	
2657;0;0;56;54;46.0
3138	0
3138	
2681;0;0;56;54;47.0
3162	0
3162	
2706;0;0;56;54;47.0
3190	0
3190	
2730;0;0;56;54;55.0
3214	0
3214	
2754;0;0;56;54;55.0
3238	0
3238	
2778;0;0;56;54;47.0
3262	0
3262	
2805;0;0;56;54;47.0
3292	0
3292	
2830;0;0;56;54;58.0
3315	0
3315	
2854;0;0;56;54;47.0
3335	0
3335	
2878;0;0;56;54;47.0
3363	0
3363	
2903;0;0;56;54;46.0
3385	0
3385	
2927;0;0;56;54;46.0
3411	0
3411	
2951;0;0;56;54;51.0
3435	0
3435	
2976;0;0;56;54;51.0
3460	0
3460	
3003;0;0;56;54;43.0
3485	0
3485	
3028;0;0;56;54;47.0
3521	0
3521	
3052;0;0;56;54;47.0
3539	0
3539	
3077;0;0;56;54;46.0
3558	0
3558	
3101;0;0;56;54;46.0
3583	0
3583	
3125;0;0;56;54;46.0
3609	0
3609	
3149;0;0;56;54;47.0
3633	0
3633	
3173;0;0;56;54;47.0
3657	0
3657	
3198;0;0;56;54;58.0
3682	0
3682	
3225;0;0;56;54;46.0
3706	0
3706	
3249;0;0;56;54;46.0
3741	0
3741	
3277;0;0;56;54;47.0
3761	0
3761	
3301;0;0;56;54;46.0
3785	0
3785	
3325;0;0;56;54;46.0
3809	0
3809	
3349;0;0;56;54;47.0
3833	0
3833	
3376;0;0;56;54;46.0
3858	0
3858	
3401;0;0;56;54;46.0
3882	0
3882	
3425;0;0;56;54;46.0
3906	0
3906	
3449;0;0;56;54;46.0
3930	0
3930	
3473;0;0;56;54;46.0
3967	0
3967	
3505;0;0;56;54;47.0
3989	0
3989	
3532;0;0;56;54;46.0
4013	0
4013	
3556;0;0;56;54;46.0
4037	0
4037	
3580;0;0;56;54;38.0
4061	0
4061	
3604;0;0;56;54;38.0
4086	0
4086	
3628;0;0;56;54;47.0
4112	0
4112	
3652;0;0;56;54;60.0
4136	0
4136	
3676;0;0;56;54;60.0
4165	0
4165	
3702;0;0;56;54;46.0
4189	0
4189	
3729;0;0;56;54;47.0
4210	0
4210	
3753;0;0;56;54;47.0
4234	0
4234	
3777;0;0;56;54;46.0
4258	0
4258	
3801;0;0;56;54;46.0
4285	0
4285	
3825;0;0;56;54;47.0
4309	0
4309	
3849;0;0;56;54;47.0
4333	0
4333	
3873;0;0;56;54;46.0
4357	0
4357	
3900;0;0;56;54;46.0
4394	0
4394	
3925;0;0;56;54;46.0
4410	0
4410	
3950;0;0;56;54;39.0
4431	0
4431	
3974;0;0;56;54;39.0
4457	0
4457	
3999;0;0;56;54;47.0
4483	0
4483	
4023;0;0;56;54;47.0
4507	0
4507	
4047;0;0;56;54;47.0
4532	0
4532	
4072;0;0;56;54;47.0
4556	0
4556	
4099;0;0;56;54;47.0
4582	0
4582	
4125;0;0;56;54;46.0
4618	0
4618	
4156;0;0;56;54;46.0
4640	0
4640	
4180;0;0;56;54;46.0
4664	0
4664	
4207;0;0;56;54;46.0
4689	0
4689	
4232;0;0;56;54;47.0
4713	0
4713	
4256;0;0;56;54;47.0
4737	0
4737	
4280;0;0;56;54;47.0
4762	0
4762	
4304;0;0;56;54;47.0
4788	0
4788	
4328;0;0;56;54;47.0
4817	0
4817	
4352;0;0;56;54;47.0
4839	0
4839	
4381;0;0;56;54;47.0
4862	0
4862	
4405;0;0;56;54;47.0
4886	0
4886	
4429;0;0;56;54;36.0
4910	0
4910	
4453;0;0;56;54;36.0
4935	0
4935	
4477;0;0;56;54;47.0
4961	0
4961	
4501;0;0;56;54;47.0
4985	0
4985	
4525;0;0;56;54;46.0
5009	0
5009	
4550;0;0;56;54;46.0
5042	0
5042	
4578;0;0;56;54;58.0
5065	0
5065	
4603;0;0;56;54;45.0
5084	0
5084	
4627;0;0;56;54;45.0
5108	0
5108	
4651;0;0;56;54;47.0
5132	0
5132	
4675;0;0;56;54;47.0
5159	0
5159	
4699;0;0;56;54;47.0
5183	0
5183	
4723;0;0;56;54;47.0
5207	0
5207	
4747;0;0;56;54;47.0
5231	0
5231	
4774;0;0;56;54;47.0
5269	0
5269	
4799;0;0;56;54;46.0
5284	0
5284	
4824;0;0;56;54;46.0
5306	0
5306	
4849;0;0;56;54;46.0
5330	0
5330	
4873;0;0;56;54;46.0
5357	0
5357	
4897;0;0;56;54;46.0
5381	0
5381	
4921;0;0;56;54;39.0
5405	0
5405	
4945;0;0;56;54;39.0
5430	0
5430	
4973;0;0;56;54;46.0
5454	0
5454	
4997;0;0;56;54;46.0
5490	0
5490	
5025;0;0;56;54;47.0
5509	0
5509	
5049;0;0;56;54;47.0
5533	0
5533	
5073;0;0;56;54;56.0
5557	0
5557	
5097;0;0;56;54;56.0
5581	0
5581	
5124;0;0;56;54;45.0
5606	0
5606	
5149;0;0;56;54;47.0
5630	0
5630	
5173;0;0;56;54;47.0
5654	0
5654	
5197;0;0;56;54;47.0
5679	0
5679	
5221;0;0;56;54;47.0
5707	0
5707	
5248;0;0;56;54;46.0
5732	0
5732	
5273;0;0;56;54;47.0
5755	0
5755	
5297;0;0;56;54;47.0
5779	0
5779	
5321;0;0;56;54;45.0
5803	0
5803	
5346;0;0;56;54;45.0
5830	0
5830	
5371;0;0;56;54;46.0
5853	0
5853	
5395;0;0;56;54;46.0
5878	0
5878	
5420;0;0;56;54;47.0
5911	0
5911	
5445;0;0;56;54;47.0
5932	0
5932	
5470;0;0;56;54;47.0
5952	0
5952	
5494;0;0;56;54;47.0
5977	0
5977	
5519;0;0;56;54;47.0
6001	0
6001	
5544;0;0;56;54;47.0
6026	0
6026	
5568;0;0;56;54;47.0
6050	0
6050	
5592;0;0;56;54;47.0
6075	0
6075	
5617;0;0;56;54;47.0
6101	0
6101	
5643;0;0;56;54;46.0
6135	0
6135	
5667;0;0;56;54;47.0
6157	0
6157	
5693;0;0;56;54;47.0
6175	0
6175	
5718;0;0;56;54;45.0
6200	0
6200	
5742;0;0;56;54;45.0
6224	0
6224	
5766;0;0;56;54;47.0
6248	0
6248	
5790;0;0;56;54;47.0
6274	0
6274	
5816;0;0;56;54;46.0
6299	0
6299	
5840;0;0;56;54;47.0
6322	0
6322	
5865;0;0;56;54;47.0
6364	0
6364	
5890;0;0;56;54;47.0
6378	0
6378	
5914;0;0;56;54;47.0
6396	0
6396	
5938;0;0;56;54;58.0
6420	0
6420	
5962;0;0;56;54;58.0
6446	0
6446	
5986;0;0;56;54;46.0
6470	0
6470	
6011;0;0;56;54;46.0
6495	0
6495	
6038;0;0;56;54;46.0
6520	0
6520	
6062;0;0;56;54;47.0
6543	0
6543	
6086;0;0;56;54;47.0
6580	0
6580	
6114;0;0;56;54;46.0
6598	0
6598	
6138;0;0;56;54;46.0
6622	0
6622	
6162;0;0;56;54;47.0
6647	0
6647	
6190;0;0;56;54;47.0
6672	0
6672	
6215;0;0;56;54;46.0
6696	0
6696	
6239;0;0;56;54;46.0
6720	0
6720	
6263;0;0;56;54;46.0
6745	0
6745	
6287;0;0;56;54;46.0
6776	0
6776	
6311;0;0;56;54;46.0
6799	0
6799	
6341;0;0;56;54;46.0
6822	0
6822	
6365;0;0;56;54;46.0
6846	0
6846	
6389;0;0;56;54;57.0
6870	0
6870	
6413;0;0;56;54;57.0
6897	0
6897	
6437;0;0;56;54;46.0
6921	0
6921	
6461;0;0;56;54;46.0
6945	0
6945	
6485;0;0;56;54;47.0
6969	0
6969	
6512;0;0;56;54;47.0
6999	0
6999	
6537;0;0;56;54;51.0
7023	0
7023	
6562;0;0;56;54;37.0
7044	0
7044	
6587;0;0;56;54;37.0
7068	0
7068	
6611;0;0;56;54;47.0
7095	0
7095	
6635;0;0;56;54;47.0
7119	0
7119	
6659;0;0;56;54;38.0
7143	0
7143	
6683;0;0;56;54;38.0
7167	0
7167	
6710;0;0;56;54;46.0
7192	0
7192	
6735;0;0;56;54;58.0
7228	0
7228	
6759;0;0;56;54;58.0
7247	0
7247	
6783;0;0;56;54;47.0
7264	0
7264	
6807;0;0;56;54;47.0
7288	0
7288	
6831;0;0;56;54;46.0
7313	0
7313	
6855;0;0;56;54;46.0
7339	0
7339	
6879;0;0;56;54;46.0
7363	0
7363	
6903;0;0;56;54;46.0
7387	0
7387	
6929;0;0;56;54;47.0
7412	0
7412	
6955;0;0;56;54;46.0
7448	0
7448	
6979;0;0;56;54;46.0
7467	0
7467	
7004;0;0;56;54;46.0
7486	0
7486	
7028;0;0;56;54;46.0
7513	0
7513	
7053;0;0;56;54;46.0
7537	0
7537	
7078;0;0;56;54;46.0
7562	0
7562	
7105;0;0;56;54;58.0
7586	0
7586	
7129;0;0;56;54;46.0
7610	0
7610	
7153;0;0;56;54;46.0
7640	0
7640	
7177;0;0;56;54;51.0
7664	0
7664	
7203;0;0;56;54;51.0
7688	0
7688	
7227;0;0;56;54;43.0
7711	0
7711	
7252;0;0;56;54;43.0
7737	0
7737	
7280;0;0;56;54;47.0
7761	0
7761	
7304;0;0;56;54;46.0
7785	0
7785	
7328;0;0;56;54;46.0
7809	0
7809	
7352;0;0;56;54;44.0
7836	0
7836	
7376;0;0;56;54;44.0
7867	0
7867	
7401;0;0;56;54;47.0
7889	0
7889	
7430;0;0;56;54;46.0
7911	0
7911	
7454;0;0;56;54;47.0
7935	0
7935	
7478;0;0;56;54;47.0
7959	0
7959	
7502;0;0;56;54;46.0
7986	0
7986	
7527;0;0;56;54;46.0
8011	0
8011	
7551;0;0;56;54;57.0
8035	0
8035	
7578;0;0;56;54;57.0
8060	0
8060	
7603;0;0;56;54;46.0
8098	0
8098	
7633;0;0;56;54;45.0
8117	0
8117	
7657;0;0;56;54;45.0
8141	0
8141	
7681;0;0;56;54;47.0
8165	0
8165	
7706;0;0;56;54;47.0
8190	0
8190	
7733;0;0;56;54;47.0
8215	0
8215	
7758;0;0;56;54;46.0
8239	0
8239	
7782;0;0;56;54;46.0
8263	0
8263	
7806;0;0;56;54;47.0
8290	0
8290	
7830;0;0;56;54;47.0
8323	0
8323	
7861;0;0;56;54;47.0
8345	0
8345	
7888;0;0;56;54;46.0
8369	0
8369	
7912;0;0;56;54;46.0
8393	0
8393	
7936;0;0;56;54;46.0
8417	0
8417	
7960;0;0;56;54;46.0
8442	0
8442	
7984;0;0;56;54;47.0
8468	0
8468	
8008;0;0;56;54;47.0
8492	0
8492	
8032;0;0;56;54;45.0
8524	0
8524	
8057;0;0;56;54;45.0
8545	0
8545	
8085;0;0;56;54;46.0
8566	0
8566	
8109;0;0;56;54;47.0
8590	0
8590	
8133;0;0;56;54;47.0
8614	0
8614	
8157;0;0;56;54;37.0
8641	0
8641	
8181;0;0;56;54;37.0
8665	0
8665	
8205;0;0;56;54;47.0
8689	0
8689	
8230;0;0;56;54;47.0
8715	0
8715	
8258;0;0;56;54;46.0
8751	0
8751	
8282;0;0;56;54;46.0
8768	0
8768	
8307;0;0;56;54;46.0
8788	0
8788	
8331;0;0;56;54;39.0
8812	0
8812	
8355;0;0;56;54;39.0
8839	0
8839	
8379;0;0;56;54;47.0
8863	0
8863	
8403;0;0;56;54;47.0
8887	0
8887	
8428;0;0;56;54;39.0
8912	0
8912	
8455;0;0;56;54;39.0
8936	0
8936	
8479;0;0;56;54;39.0
8969	0
8969	
8507;0;0;56;54;39.0
8991	0
8991	
8531;0;0;56;54;46.0
9015	0
9015	
8555;0;0;56;54;46.0
9039	0
9039	
8582;0;0;56;54;45.0
9064	0
9064	
8607;0;0;56;54;46.0
9089	0
9089	
8632;0;0;56;54;46.0
9113	0
9113	
8656;0;0;56;54;47.0
9140	0
9140	
8680;0;0;56;54;47.0
9164	0
9164	
8704;0;0;56;54;47.0
9198	0
9198	
8741;0;0;56;54;46.0
9222	0
9222	
8765;0;0;56;54;46.0
9246	0
9246	
8789;0;0;56;54;47.0
9270	0
9270	
8813;0;0;56;54;47.0
9295	0
9295	
8837;0;0;56;54;47.0
9321	0
9321	
8861;0;0;56;54;47.0
9345	0
9345	
8885;0;0;56;54;47.0
9369	0
9369	
8910;0;0;56;54;47.0
9399	0
9399	
8937;0;0;56;54;51.0
9421	0
9421	
8962;0;0;56;54;46.0
9444	0
9444	
8987;0;0;56;54;46.0
9468	0
9468	
9011;0;0;56;54;49.0
9493	0
9493	
9035;0;0;56;54;49.0
9517	0
9517	
9059;0;0;56;54;47.0
9543	0
9543	
9083;0;0;56;54;47.0
9567	0
9567	
9109;0;0;56;54;47.0
9592	0
9592	
9135;0;0;56;54;58.0
9633	0
9633	
9159;0;0;56;54;58.0
9646	0
9646	
9183;0;0;56;54;39.0
9664	0
9664	
9207;0;0;56;54;39.0
9693	0
9693	
9233;0;0;56;54;46.0
9717	0
9717	
9257;0;0;56;54;46.0
9741	0
9741	
9283;0;0;56;54;58.0
9766	0
9766	
9309;0;0;56;54;47.0
9790	0
9790	
9333;0;0;56;54;47.0
9815	0
9815	
9358;0;0;56;54;51.0
9845	0
9845	
9385;0;0;56;54;51.0
9870	0
9870	
9412;0;0;56;54;44.0
9894	0
9894	
9436;0;0;56;54;45.0
9918	0
9918	
9460;0;0;56;54;45.0
9942	0
9942	
9485;0;0;56;54;47.0
9969	0
9969	
9510;0;0;56;54;47.0
9992	0
9992	
9534;0;0;56;54;47.0
10016	0
10016	
9559;0;0;56;54;47.0
10043	0
10043	
9585;0;0;56;54;58.0
10072	0
10072	
9615;0;0;56;54;53.0
10096	0
10096	
9639;0;0;56;54;53.0
10121	0
10121	
9663;0;0;56;54;46.0
10145	0
10145	
9687;0;0;56;54;47.0
10169	0
10169	
9711;0;0;56;54;46.0
10195	0
10195	
9736;0;0;56;54;59.0
10220	0
10220	
9761;0;0;56;54;47.0
10243	0
10243	
9786;0;0;56;54;47.0
10286	0
10286	
9811;0;0;56;54;47.0
10300	0
10300	
9835;0;0;56;54;47.0
10318	0
10318	
9860;0;0;56;54;47.0
10342	0
10342	
9884;0;0;56;54;47.0
10368	0
10368	
9908;0;0;56;54;46.0
10392	0
10392	
9934;0;0;56;54;46.0
10417	0
10417	
9960;0;0;56;54;46.0
10442	0
10442	
9985;0;0;56;54;47.0
10466	0
10466	
10009;0;0;56;54;47.0
10503	0
10503	
10034;0;0;56;54;46.0
10523	0
10523	
10058;0;0;56;54;46.0
10542	0
10542	
10084;0;0;56;54;47.0
10568	0
10568	
10111;0;0;56;54;45.0
10592	0
10592	
10136;0;0;56;54;47.0
10617	0
10617	
10160;0;0;56;54;47.0
10641	0
10641	
10184;0;0;56;54;46.0
10668	0
10668	
10208;0;0;56;54;46.0
10697	0
10697	
10233;0;0;56;54;47.0
10720	0
10720	
10261;0;0;56;54;58.0
10742	0
10742	
10285;0;0;56;54;58.0
10766	0
10766	
10309;0;0;56;54;47.0
10793	0
10793	
10335;0;0;56;54;47.0
10819	0
10819	
10359;0;0;56;54;45.0
10843	0
10843	
10383;0;0;56;54;45.0
10868	0
10868	
10409;0;0;56;54;47.0
10892	0
10892	
10435;0;0;56;54;47.0
10928	0
10928	
10464;0;0;56;54;47.0
10948	0
10948	
10488;0;0;56;54;47.0
10972	0
10972	
10512;0;0;56;54;47.0
10996	0
10996	
10538;0;0;56;54;45.0
11021	0
11021	
10564;0;0;56;54;45.0
11046	0
11046	
10589;0;0;56;54;45.0
11070	0
11070	
10613;0;0;56;54;58.0
11097	0
11097	
10638;0;0;56;54;58.0
11126	0
11126	
10662;0;0;56;54;47.0
11150	0
11150	
10691;0;0;56;54;47.0
11172	0
11172	
10715;0;0;56;54;47.0
11196	0
11196	
10740;0;0;56;54;47.0
11221	0
11221	
10764;0;0;56;54;47.0
11248	0
11248	
10788;0;0;56;54;39.0
11272	0
11272	
10812;0;0;56;54;39.0
11297	0
11297	
10837;0;0;56;54;46.0
11321	0
11321	
10864;0;0;56;54;47.0
11357	0
11357	
10895;0;0;56;54;47.0
11379	0
11379	
10919;0;0;56;54;46.0
11403	0
11403	
10943;0;0;56;54;46.0
11427	0
11427	
10970;0;0;56;54;47.0
11452	0
11452	
10995;0;0;56;54;31.0
11476	0
11476	
11019;0;0;56;54;31.0
11501	0
11501	
11044;0;0;56;54;46.0
11528	0
11528	
11068;0;0;56;54;46.0
11559	0
11559	
11092;0;0;56;54;46.0
11580	0
11580	
11117;0;0;56;54;46.0
11602	0
11602	
11143;0;0;56;54;47.0
11626	0
11626	
11169;0;0;56;54;47.0
11650	0
11650	
11193;0;0;56;54;47.0
11674	0
11674	
11217;0;0;56;54;47.0
11702	0
11702	
11242;0;0;56;54;47.0
11726	0
11726	
11266;0;0;56;54;45.0
11754	0
11754	
11291;0;0;56;54;45.0
11778	0
11778	
11320;0;0;56;54;46.0
11801	0
11801	
11344;0;0;56;54;47.0
11825	0
11825	
11368;0;0;56;54;47.0
11849	0
11849	
11392;0;0;56;54;47.0
11876	0
11876	
11416;0;0;56;54;47.0
11900	0
11900	
11441;0;0;56;54;49.0
11925	0
11925	
11468;0;0;56;54;49.0
11950	0
11950	
11493;0;0;56;54;46.0
11987	0
11987	
11523;0;0;56;54;46.0
12007	0
12007	
11547;0;0;56;54;46.0
12031	0
12031	
11571;0;0;56;54;39.0
12055	0
12055	
11598;0;0;56;54;39.0
12080	0
12080	
11623;0;0;56;54;47.0
12105	0
12105	
11648;0;0;56;54;47.0
12129	0
12129	
11672;0;0;56;54;47.0
12156	0
12156	
11696;0;0;56;54;37.0
12187	0
12187	
11720;0;0;56;54;37.0
12208	0
12208	
11745;0;0;56;54;46.0
12230	0
12230	
11773;0;0;56;54;47.0
12254	0
12254	
11797;0;0;56;54;47.0
12278	0
12278	
11821;0;0;56;54;47.0
12302	0
12302	
11845;0;0;56;54;47.0
12329	0
12329	
11869;0;0;56;54;47.0
12354	0
12354	
11894;0;0;56;54;47.0
12382	0
12382	
11920;0;0;56;54;51.0
12406	0
12406	
11948;0;0;56;54;47.0
12429	0
12429	
11972;0;0;56;54;51.0
12453	0
12453	
11996;0;0;56;54;51.0
12477	0
12477	
12020;0;0;56;54;47.0
12504	0
12504	
12045;0;0;56;54;47.0
12529	0
12529	
12069;0;0;56;54;47.0
12553	0
12553	
12096;0;0;56;54;47.0
12578	0
12578	
12121;0;0;56;54;47.0
12613	0
12613	
12149;0;0;56;54;47.0
12633	0
12633	
12173;0;0;56;54;47.0
12657	0
12657	
12197;0;0;56;54;46.0
12681	0
12681	
12221;0;0;56;54;46.0
12705	0
12705	
12248;0;0;56;54;47.0
12730	0
12730	
12273;0;0;56;54;45.0
12754	0
12754	
12297;0;0;56;54;45.0
12778	0
12778	
12321;0;0;56;54;47.0
12811	0
12811	
12345;0;0;56;54;59.0
12833	0
12833	
12370;0;0;56;54;59.0
12854	0
12854	
12394;0;0;56;54;46.0
12879	0
12879	
12418;0;0;56;54;46.0
12902	0
12902	
12444;0;0;56;54;46.0
12927	0
12927	
12470;0;0;56;54;47.0
12951	0
12951	
12494;0;0;56;54;47.0
12975	0
12975	
12518;0;0;56;54;47.0
13002	0
13002	
12543;0;0;56;54;47.0
13036	0
13036	
12575;0;0;56;54;47.0
13057	0
13057	
12600;0;0;56;54;47.0
13081	0
13081	
12624;0;0;56;54;47.0
13105	0
13105	
12648;0;0;56;54;46.0
13130	0
13130	
12672;0;0;56;54;46.0
13156	0
13156	
12696;0;0;56;54;46.0
13180	0
13180	
12720;0;0;56;54;46.0
13204	0
13204	
12746;0;0;56;54;47.0
13234	0
13234	
12772;0;0;56;54;58.0
13257	0
13257	
12797;0;0;56;54;58.0
13278	0
13278	
12821;0;0;56;54;51.0
13302	0
13302	
12845;0;0;56;54;43.0
13327	0
13327	
12869;0;0;56;54;47.0
13353	0
13353	
12893;0;0;56;54;51.0
13377	0
13377	
12917;0;0;56;54;46.0
13401	0
13401	
12943;0;0;56;54;44.0
13426	0
13426	
12969;0;0;56;54;47.0
13462	0
13462	
13000;0;0;56;54;47.0
13484	0
13484	
13024;0;0;56;54;47.0
13508	0
13508	
13049;0;0;56;54;47.0
13533	0
13533	
13076;0;0;56;54;47.0
13557	0
13557	
13100;0;0;56;54;57.0
13582	0
13582	
13125;0;0;56;54;57.0
13609	0
13609	
13149;0;0;56;54;46.0
13633	0
13633	
13173;0;0;56;54;46.0
13662	0
13662	
13197;0;0;56;54;46.0
13684	0
13684	
13226;0;0;56;54;47.0
13707	0
13707	
13250;0;0;56;54;47.0
13731	0
13731	
13274;0;0;56;54;47.0
13755	0
13755	
13298;0;0;56;54;47.0
13782	0
13782	
13322;0;0;56;54;47.0
13806	0
13806	
13347;0;0;56;54;47.0
13832	0
13832	
13375;0;0;56;54;47.0
13856	0
13856	
13399;0;0;56;54;47.0
13884	0
13884	
13425;0;0;56;54;47.0
13906	0
13906	
13449;0;0;56;54;46.0
13931	0
13931	
13473;0;0;56;54;46.0
13957	0
13957	
13497;0;0;56;54;46.0
13981	0
13981	
13521;0;0;56;54;46.0
14005	0
14005	
13547;0;0;56;54;46.0
14030	0
14030	
13573;0;0;56;54;46.0
14056	0
14056	
13598;0;0;56;54;46.0
14091	0
14091	
13622;0;0;56;54;45.0
14110	0
14110	
13648;0;0;56;54;45.0
14132	0
14132	
13672;0;0;56;54;46.0
14156	0
14156	
13697;0;0;56;54;46.0
14181	0
14181	
13724;0;0;56;54;47.0
14205	0
14205	
13748;0;0;56;54;47.0
14229	0
14229	
13772;0;0;56;54;47.0
14253	0
14253	
13796;0;0;56;54;51.0
14280	0
14280	
13820;0;0;56;54;51.0
14312	0
14312	
13855;0;0;56;54;46.0
14337	0
14337	
13880;0;0;56;54;39.0
14361	0
14361	
13904;0;0;56;54;39.0
14385	0
14385	
13928;0;0;56;54;47.0
14410	0
14410	
13952;0;0;56;54;47.0
14437	0
14437	
13977;0;0;56;54;55.0
14461	0
14461	
14002;0;0;56;54;55.0
14486	0
14486	
14029;0;0;56;54;45.0
14522	0
14522	
14053;0;0;56;54;58.0
14538	0
14538	
14078;0;0;56;54;58.0
14560	0
14560	
14103;0;0;56;54;46.0
14585	0
14585	
14127;0;0;56;54;46.0
14611	0
14611	
14151;0;0;56;54;46.0
14635	0
14635	
14175;0;0;56;54;45.0
14659	0
14659	
14200;0;0;56;54;47.0
14684	0
14684	
14227;0;0;56;54;39.0
14712	0
14712	
14251;0;0;56;54;47.0
14735	0
14735	
14276;0;0;56;54;43.0
14757	0
14757	
14300;0;0;56;54;46.0
14782	0
14782	
14324;0;0;56;54;46.0
14808	0
14808	
14349;0;0;56;54;58.0
14833	0
14833	
14374;0;0;56;54;46.0
14858	0
14858	
14401;0;0;56;54;46.0
14883	0
14883	
14425;0;0;56;54;47.0
14906	0
14906	
14449;0;0;56;54;47.0
14942	0
14942	
14478;0;0;56;54;45.0
14962	0
14962	
14502;0;0;56;54;45.0
14986	0
14986	
14528;0;0;56;54;47.0
15011	0
15011	
14554;0;0;56;54;60.0
15035	0
15035	
14578;0;0;56;54;60.0
15059	0
15059	
14602;0;0;56;54;46.0
15083	0
15083	
14626;0;0;56;54;46.0
15110	0
15110	
14650;0;0;56;54;47.0
15138	0
15138	
14674;0;0;56;54;47.0
15163	0
15163	
14702;0;0;56;54;39.0
15185	0
15185	
14728;0;0;56;54;46.0
15209	0
15209	
14752;0;0;56;54;46.0
15233	0
15233	
14776;0;0;56;54;47.0
15258	0
15258	
14800;0;0;56;54;47.0
15285	0
15285	
14825;0;0;56;54;39.0
15309	0
15309	
14850;0;0;56;54;39.0
15334	0
15334	
14877;0;0;56;54;46.0
15370	0
15370	
14905;0;0;56;54;47.0
15386	0
15386	
14929;0;0;56;54;47.0
15413	0
15413	
14953;0;0;56;54;45.0
15437	0
15437	
14977;0;0;56;54;45.0
15461	0
15461	
15001;0;0;56;54;46.0
15485	0
15485	
15028;0;0;56;54;46.0
15510	0
15510	
15053;0;0;56;54;39.0
15534	0
15534	
15077;0;0;56;54;46.0
15570	0
15570	
15101;0;0;56;54;46.0
15587	0
15587	
15126;0;0;56;54;58.0
15608	0
15608	
15150;0;0;56;54;58.0
15634	0
15634	
15174;0;0;56;54;39.0
15658	0
15658	
15198;0;0;56;54;39.0
15682	0
15682	
15224;0;0;56;54;45.0
15707	0
15707	
15250;0;0;56;54;46.0
15731	0
15731	
15274;0;0;56;54;46.0
15755	0
15755	
15298;0;0;56;54;46.0
15786	0
15786	
15326;0;0;56;54;46.0
15810	0
15810	
15354;0;0;56;54;57.0
15835	0
15835	
15378;0;0;56;54;47.0
15859	0
15859	
15402;0;0;56;54;47.0
15883	0
15883	
15426;0;0;56;54;48.0
15910	0
15910	
15451;0;0;56;54;46.0
15935	0
15935	
15475;0;0;56;54;47.0
15959	0
15959	
15500;0;0;56;54;47.0
15990	0
15990	
15527;0;0;56;54;47.0
16012	0
16012	
15552;0;0;56;54;46.0
16034	0
16034	
15577;0;0;56;54;47.0
16060	0
16060	
15601;0;0;56;54;47.0
16083	0
16083	
15625;0;0;56;54;47.0
16109	0
16109	
15650;0;0;56;54;47.0
16134	0
16134	
15675;0;0;56;54;47.0
16159	0
16159	
15702;0;0;56;54;45.0
16186	0
16186	
15726;0;0;56;54;47.0
16211	0
16211	
15751;0;0;56;54;47.0
16232	0
16232	
15775;0;0;56;54;47.0
16258	0
16258	
15800;0;0;56;54;47.0
16282	0
16282	
15824;0;0;56;54;46.0
16308	0
16308	
15849;0;0;56;54;46.0
16333	0
16333	
15875;0;0;56;54;46.0
16357	0
16357	
15900;0;0;56;54;58.0
16382	0
16382	
15925;0;0;56;54;58.0
16419	0
16419	
15950;0;0;56;54;31.0
16438	0
16438	
15974;0;0;56;54;31.0
16458	0
16458	
15998;0;0;56;54;47.0
16482	0
16482	
16023;0;0;56;54;47.0
16507	0
16507	
16051;0;0;56;54;39.0
16532	0
16532	
16075;0;0;56;54;39.0
16556	0
16556	
16099;0;0;56;54;39.0
16580	0
16580	
16123;0;0;56;54;46.0
16613	0
16613	
16148;0;0;56;54;46.0
16637	0
16637	
16178;0;0;56;54;39.0
16659	0
16659	
16202;0;0;56;54;46.0
16683	0
16683	
16226;0;0;56;54;46.0
16710	0
16710	
16251;0;0;56;54;47.0
16735	0
16735	
16275;0;0;56;54;47.0
16759	0
16759	
16299;0;0;56;54;46.0
16783	0
16783	
16326;0;0;56;54;46.0
16809	0
16809	
16352;0;0;56;54;46.0
16845	0
16845	
16376;0;0;56;54;58.0
16864	0
16864	
16401;0;0;56;54;58.0
16883	0
16883	
16425;0;0;56;54;47.0
16909	0
16909	
16449;0;0;56;54;47.0
16933	0
16933	
16473;0;0;56;54;47.0
16957	0
16957	
16498;0;0;56;54;47.0
16982	0
16982	
16525;0;0;56;54;47.0
17006	0
17006	
16549;0;0;56;54;47.0
17042	0
17042	
16573;0;0;56;54;47.0
17057	0
17057	
16597;0;0;56;54;46.0
17078	0
17078	
16621;0;0;56;54;46.0
17102	0
17102	
16645;0;0;56;54;46.0
17127	0
17127	
16669;0;0;56;54;46.0
17153	0
17153	
16693;0;0;56;54;50.0
17177	0
17177	
16717;0;0;56;54;50.0
17201	0
17201	
16743;0;0;56;54;58.0
17227	0
17227	
16769;0;0;56;54;46.0
17262	0
17262	
16793;0;0;56;54;46.0
17282	0
17282	
16817;0;0;56;54;59.0
17298	0
17298	
16841;0;0;56;54;59.0
17325	0
17325	
16865;0;0;56;54;57.0
17349	0
17349	
16889;0;0;56;54;57.0
17373	0
17373	
16913;0;0;56;54;46.0
17397	0
17397	
16938;0;0;56;54;46.0
17422	0
17422	
16965;0;0;56;54;58.0
17451	0
17451	
16989;0;0;56;54;47.0
17475	0
17475	
17013;0;0;56;54;47.0
17494	0
17494	
17037;0;0;56;54;46.0
17519	0
17519	
17062;0;0;56;54;46.0
17544	0
17544	
17086;0;0;56;54;57.0
17570	0
17570	
17110;0;0;56;54;57.0
17594	0
17594	
17134;0;0;56;54;47.0
17618	0
17618	
17159;0;0;56;54;47.0
17644	0
17644	
17187;0;0;56;54;47.0
17673	0
17673	
17216;0;0;56;54;44.0
17697	0
17697	
17240;0;0;56;54;44.0
17722	0
17722	
17264;0;0;56;54;58.0
17746	0
17746	
17288;0;0;56;54;58.0
17772	0
17772	
17312;0;0;56;54;47.0
17796	0
17796	
17337;0;0;56;54;47.0
17821	0
17821	
17364;0;0;56;54;47.0
17845	0
17845	
17388;0;0;56;54;47.0
17880	0
17880	
17412;0;0;56;54;47.0
17899	0
17899	
17436;0;0;56;54;47.0
17921	0
17921	
17461;0;0;56;54;47.0
17945	0
17945	
17485;0;0;56;54;46.0
17969	0
17969	
17510;0;0;56;54;46.0
17994	0
17994	
17537;0;0;56;54;58.0
18018	0
18018	
17561;0;0;56;54;46.0
18043	0
18043	
17585;0;0;56;54;47.0
18066	0
18066	
17609;0;0;56;54;47.0
18096	0
18096	
17636;0;0;56;54;47.0
18120	0
18120	
17663;0;0;56;54;47.0
18145	0
18145	
17688;0;0;56;54;45.0
18169	0
18169	
17712;0;0;56;54;47.0
18193	0
18193	
17736;0;0;56;54;47.0
18220	0
18220	
17761;0;0;56;54;46.0
18245	0
18245	
17785;0;0;56;54;46.0
18269	0
18269	
17811;0;0;56;54;45.0
18306	0
18306	
17837;0;0;56;54;47.0
18322	0
18322	
17862;0;0;56;54;47.0
18343	0
18343	
17886;0;0;56;54;51.0
18367	0
18367	
17910;0;0;56;54;51.0
18394	0
18394	
17934;0;0;56;54;47.0
18418	0
18418	
17959;0;0;56;54;47.0
18443	0
18443	
17986;0;0;56;54;47.0
18468	0
18468	
18011;0;0;56;54;47.0
18492	0
18492	
18035;0;0;56;54;47.0
18525	0
18525	
18064;0;0;56;54;45.0
18548	0
18548	
18089;0;0;56;54;45.0
18573	0
18573	
18116;0;0;56;54;47.0
18597	0
18597	
18140;0;0;56;54;39.0
18621	0
18621	
18164;0;0;56;54;39.0
18647	0
18647	
18189;0;0;56;54;47.0
18673	0
18673	
18213;0;0;56;54;47.0
18697	0
18697	
18237;0;0;56;54;47.0
18728	0
18728	
18263;0;0;56;54;47.0
18749	0
18749	
18289;0;0;56;54;47.0
18770	0
18770	
18313;0;0;56;54;44.0
18794	0
18794	
18337;0;0;56;54;44.0
18820	0
18820	
18362;0;0;56;54;46.0
18846	0
18846	
18386;0;0;56;54;46.0
18870	0
18870	
18412;0;0;56;54;47.0
18896	0
18896	
18439;0;0;56;54;46.0
18933	0
18933	
18464;0;0;56;54;47.0
18948	0
18948	
18488;0;0;56;54;47.0
18969	0
18969	
18512;0;0;56;54;47.0
18993	0
18993	
18536;0;0;56;54;46.0
19020	0
19020	
18561;0;0;56;54;46.0
19045	0
19045	
18585;0;0;56;54;47.0
19069	0
19069	
18612;0;0;56;54;47.0
19094	0
19094	
18637;0;0;56;54;46.0
19119	0
19119	
18662;0;0;56;54;47.0
19153	0
19153	
18691;0;0;56;54;47.0
19175	0
19175	
18717;0;0;56;54;51.0
19200	0
19200	
18743;0;0;56;54;47.0
