milliseconds	Werte
462	0
462	
6;0;0;56;54;0.0
486	0
486	
30;0;0;56;54;0.0
514	0
514	
54;0;0;56;54;62.0
538	0
538	
78;0;0;56;54;62.0
562	0
562	
102;0;0;56;54;55.0
586	0
586	
129;0;0;56;54;55.0
611	0
611	
154;0;0;56;54;56.0
647	0
647	
183;0;0;56;54;61.0
667	0
667	
207;0;0;56;54;61.0
691	0
691	
231;0;0;56;54;59.0
715	0
715	
258;0;0;56;54;59.0
740	0
740	
283;0;0;56;54;55.0
764	0
764	
307;0;0;56;54;57.0
788	0
788	
331;0;0;56;54;57.0
813	0
813	
355;0;0;56;54;46.0
848	0
848	
379;0;0;56;54;46.0
868	0
868	
403;0;0;56;54;58.0
887	0
887	
427;0;0;56;54;58.0
911	0
911	
453;0;0;56;54;51.0
937	0
937	
480;0;0;56;54;51.0
961	0
961	
504;0;0;56;54;62.0
985	0
985	
528;0;0;56;54;57.0
1009	0
1009	
552;0;0;56;54;59.0
1036	0
1036	
576;0;0;56;54;61.0
1070	0
1070	
601;0;0;56;54;62.0
1088	0
1088	
625;0;0;56;54;57.0
1109	0
1109	
650;0;0;56;54;57.0
1134	0
1134	
677;0;0;56;54;58.0
1158	0
1158	
701;0;0;56;54;56.0
1182	0
1182	
725;0;0;56;54;56.0
1206	0
1206	
749;0;0;56;54;58.0
1233	0
1233	
773;0;0;56;54;58.0
1257	0
1257	
797;0;0;56;54;62.0
1287	0
1287	
821;0;0;56;54;62.0
1310	0
1310	
849;0;0;56;54;58.0
1330	0
1330	
873;0;0;56;54;60.0
1355	0
1355	
898;0;0;56;54;60.0
1379	0
1379	
922;0;0;56;54;54.0
1406	0
1406	
946;0;0;56;54;54.0
1430	0
1430	
970;0;0;56;54;56.0
1454	0
1454	
995;0;0;56;54;56.0
1479	0
1479	
1022;0;0;56;54;74.0
1515	0
1515	
1050;0;0;56;54;57.0
1531	0
1531	
1074;0;0;56;54;57.0
1558	0
1558	
1098;0;0;56;54;62.0
1582	0
1582	
1122;0;0;56;54;62.0
1606	0
1606	
1146;0;0;56;54;67.0
1630	0
1630	
1173;0;0;56;54;67.0
1655	0
1655	
1198;0;0;56;54;57.0
1679	0
1679	
1222;0;0;56;54;67.0
1703	0
1703	
1246;0;0;56;54;67.0
1733	0
1733	
1274;0;0;56;54;58.0
1758	0
1758	
1299;0;0;56;54;58.0
1784	0
1784	
1326;0;0;56;54;58.0
1808	0
1808	
1351;0;0;56;54;67.0
1832	0
1832	
1375;0;0;56;54;67.0
1856	0
1856	
1399;0;0;56;54;62.0
1881	0
1881	
1423;0;0;56;54;62.0
1905	0
1905	
1447;0;0;56;54;57.0
1938	0
1938	
1471;0;0;56;54;57.0
1961	0
1961	
1498;0;0;56;54;58.0
1980	0
1980	
1522;0;0;56;54;55.0
2004	0
2004	
1547;0;0;56;54;55.0
2029	0
2029	
1572;0;0;56;54;58.0
2054	0
2054	
1596;0;0;56;54;58.0
2078	0
2078	
1620;0;0;56;54;46.0
2102	0
2102	
1644;0;0;56;54;46.0
2128	0
2128	
1670;0;0;56;54;62.0
2164	0
2164	
1695;0;0;56;54;57.0
2184	0
2184	
1720;0;0;56;54;57.0
2201	0
2201	
1744;0;0;56;54;62.0
2225	0
2225	
1768;0;0;56;54;62.0
2251	0
2251	
1793;0;0;56;54;58.0
2277	0
2277	
1817;0;0;56;54;62.0
2301	0
2301	
1842;0;0;56;54;62.0
2326	0
2326	
1869;0;0;56;54;58.0
2351	0
2351	
1894;0;0;56;54;61.0
2386	0
2386	
1924;0;0;56;54;61.0
2408	0
2408	
1950;0;0;56;54;57.0
2433	0
2433	
1974;0;0;56;54;58.0
2456	0
2456	
1999;0;0;56;54;58.0
2481	0
2481	
2024;0;0;56;54;62.0
2507	0
2507	
2049;0;0;56;54;62.0
2531	0
2531	
2073;0;0;56;54;58.0
2557	0
2557	
2098;0;0;56;54;58.0
2582	0
2582	
2124;0;0;56;54;61.0
2614	0
2614	
2157;0;0;56;54;58.0
2639	0
2639	
2181;0;0;56;54;58.0
2663	0
2663	
2205;0;0;56;54;58.0
2687	0
2687	
2229;0;0;56;54;58.0
2713	0
2713	
2255;0;0;56;54;56.0
2738	0
2738	
2279;0;0;56;54;58.0
2761	0
2761	
2304;0;0;56;54;58.0
2786	0
2786	
2329;0;0;56;54;48.0
2820	0
2820	
2353;0;0;56;54;48.0
2839	0
2839	
2378;0;0;56;54;60.0
2860	0
2860	
2402;0;0;56;54;60.0
2886	0
2886	
2428;0;0;56;54;62.0
2911	0
2911	
2452;0;0;56;54;58.0
2934	0
2934	
2477;0;0;56;54;58.0
2959	0
2959	
2502;0;0;56;54;67.0
2984	0
2984	
2526;0;0;56;54;67.0
3009	0
3009	
2550;0;0;56;54;80.0
3043	0
3043	
2574;0;0;56;54;80.0
3062	0
3062	
2600;0;0;56;54;58.0
3084	0
3084	
2627;0;0;56;54;57.0
3109	0
3109	
2652;0;0;56;54;58.0
3133	0
3133	
2676;0;0;56;54;62.0
3157	0
3157	
2700;0;0;56;54;62.0
3182	0
3182	
2724;0;0;56;54;58.0
3208	0
3208	
2748;0;0;56;54;58.0
3237	0
3237	
2775;0;0;56;54;46.0
3262	0
3262	
2803;0;0;56;54;52.0
3284	0
3284	
2827;0;0;56;54;62.0
3308	0
3308	
2851;0;0;56;54;62.0
3332	0
3332	
2875;0;0;56;54;61.0
3359	0
3359	
2899;0;0;56;54;61.0
3383	0
3383	
2923;0;0;56;54;55.0
3407	0
3407	
2947;0;0;56;54;55.0
3431	0
3431	
2974;0;0;56;54;62.0
3461	0
3461	
2999;0;0;56;54;45.0
3488	0
3488	
3024;0;0;56;54;45.0
3506	0
3506	
3049;0;0;56;54;62.0
3531	0
3531	
3073;0;0;56;54;62.0
3557	0
3557	
3098;0;0;56;54;76.0
3582	0
3582	
3123;0;0;56;54;76.0
3607	0
3607	
3150;0;0;56;54;62.0
3631	0
3631	
3174;0;0;56;54;58.0
3655	0
3655	
3199;0;0;56;54;58.0
3692	0
3692	
3223;0;0;56;54;57.0
3711	0
3711	
3248;0;0;56;54;57.0
3732	0
3732	
3272;0;0;56;54;56.0
3756	0
3756	
3297;0;0;56;54;56.0
3781	0
3781	
3324;0;0;56;54;60.0
3805	0
3805	
3348;0;0;56;54;58.0
3829	0
3829	
3372;0;0;56;54;58.0
3855	0
3855	
3397;0;0;56;54;57.0
3881	0
3881	
3421;0;0;56;54;57.0
3908	0
3908	
3451;0;0;56;54;58.0
3933	0
3933	
3476;0;0;56;54;56.0
3957	0
3957	
3501;0;0;56;54;56.0
3982	0
3982	
3525;0;0;56;54;61.0
4009	0
4009	
3549;0;0;56;54;61.0
4033	0
4033	
3573;0;0;56;54;46.0
4057	0
4057	
3598;0;0;56;54;46.0
4082	0
4082	
3625;0;0;56;54;58.0
4118	0
4118	
3649;0;0;56;54;61.0
4134	0
4134	
3674;0;0;56;54;61.0
4155	0
4155	
3699;0;0;56;54;48.0
4183	0
4183	
3723;0;0;56;54;48.0
4208	0
4208	
3748;0;0;56;54;57.0
4232	0
4232	
3773;0;0;56;54;57.0
4257	0
4257	
3801;0;0;56;54;62.0
4282	0
4282	
3825;0;0;56;54;58.0
4306	0
4306	
3849;0;0;56;54;58.0
4339	0
4339	
3877;0;0;56;54;58.0
4361	0
4361	
3902;0;0;56;54;58.0
4386	0
4386	
3929;0;0;56;54;58.0
4410	0
4410	
3953;0;0;56;54;56.0
4434	0
4434	
3977;0;0;56;54;56.0
4461	0
4461	
4003;0;0;56;54;66.0
4487	0
4487	
4027;0;0;56;54;66.0
4511	0
4511	
4051;0;0;56;54;58.0
4535	0
4535	
4076;0;0;56;54;58.0
4570	0
4570	
4111;0;0;56;54;45.0
4592	0
4592	
4135;0;0;56;54;74.0
4616	0
4616	
4159;0;0;56;54;60.0
4641	0
4641	
4183;0;0;56;54;60.0
4665	0
4665	
4207;0;0;56;54;57.0
4691	0
4691	
4231;0;0;56;54;57.0
4715	0
4715	
4257;0;0;56;54;57.0
4740	0
4740	
4283;0;0;56;54;62.0
4776	0
4776	
4307;0;0;56;54;62.0
4795	0
4795	
4332;0;0;56;54;58.0
4814	0
4814	
4356;0;0;56;54;58.0
4838	0
4838	
4380;0;0;56;54;58.0
4864	0
4864	
4405;0;0;56;54;58.0
4889	0
4889	
4431;0;0;56;54;57.0
4913	0
4913	
4456;0;0;56;54;57.0
4937	0
4937	
4480;0;0;56;54;57.0
4963	0
4963	
4505;0;0;56;54;57.0
4998	0
4998	
4529;0;0;56;54;57.0
5018	0
5018	
4553;0;0;56;54;74.0
5037	0
5037	
4578;0;0;56;54;74.0
5063	0
5063	
4607;0;0;56;54;67.0
5088	0
5088	
4631;0;0;56;54;60.0
5112	0
5112	
4655;0;0;56;54;60.0
5136	0
5136	
4679;0;0;56;54;57.0
5163	0
5163	
4704;0;0;56;54;57.0
5192	0
5192	
4728;0;0;56;54;55.0
5215	0
5215	
4757;0;0;56;54;62.0
5238	0
5238	
4781;0;0;56;54;62.0
5262	0
5262	
4806;0;0;56;54;55.0
5287	0
5287	
4830;0;0;56;54;55.0
5314	0
5314	
4854;0;0;56;54;51.0
5338	0
5338	
4878;0;0;56;54;51.0
5363	0
5363	
4902;0;0;56;54;58.0
5386	0
5386	
4929;0;0;56;54;58.0
5424	0
5424	
4955;0;0;56;54;58.0
5440	0
5440	
4980;0;0;56;54;61.0
5461	0
5461	
5005;0;0;56;54;61.0
5487	0
5487	
5029;0;0;56;54;57.0
5513	0
5513	
5053;0;0;56;54;57.0
5537	0
5537	
5077;0;0;56;54;63.0
5561	0
5561	
5102;0;0;56;54;63.0
5586	0
5586	
5129;0;0;56;54;55.0
5610	0
5610	
5153;0;0;56;54;57.0
5646	0
5646	
5181;0;0;56;54;57.0
5666	0
5666	
5207;0;0;56;54;72.0
5691	0
5691	
5231;0;0;56;54;72.0
5715	0
5715	
5258;0;0;56;54;59.0
5740	0
5740	
5283;0;0;56;54;61.0
5764	0
5764	
5308;0;0;56;54;61.0
5789	0
5789	
5332;0;0;56;54;60.0
5816	0
5816	
5356;0;0;56;54;60.0
5845	0
5845	
5380;0;0;56;54;77.0
5868	0
5868	
5409;0;0;56;54;62.0
5892	0
5892	
5435;0;0;56;54;55.0
5916	0
5916	
5459;0;0;56;54;56.0
5940	0
5940	
5483;0;0;56;54;56.0
5967	0
5967	
5508;0;0;56;54;55.0
5992	0
5992	
5532;0;0;56;54;55.0
6016	0
6016	
5557;0;0;56;54;58.0
6041	0
6041	
5584;0;0;56;54;55.0
6078	0
6078	
5613;0;0;56;54;57.0
6094	0
6094	
5637;0;0;56;54;57.0
6121	0
6121	
5661;0;0;56;54;60.0
6145	0
6145	
5685;0;0;56;54;60.0
6169	0
6169	
5710;0;0;56;54;56.0
6194	0
6194	
5737;0;0;56;54;58.0
6219	0
6219	
5762;0;0;56;54;58.0
6243	0
6243	
5786;0;0;56;54;35.0
6276	0
6276	
5811;0;0;56;54;35.0
6298	0
6298	
5837;0;0;56;54;56.0
6321	0
6321	
5861;0;0;56;54;67.0
6346	0
6346	
5889;0;0;56;54;53.0
6371	0
6371	
5914;0;0;56;54;53.0
6395	0
6395	
5938;0;0;56;54;62.0
6419	0
6419	
5962;0;0;56;54;62.0
6444	0
6444	
5986;0;0;56;54;67.0
6470	0
6470	
6011;0;0;56;54;67.0
6502	0
6502	
6037;0;0;56;54;58.0
6522	0
6522	
6063;0;0;56;54;57.0
6544	0
6544	
6087;0;0;56;54;57.0
6569	0
6569	
6113;0;0;56;54;55.0
6597	0
6597	
6137;0;0;56;54;55.0
6621	0
6621	
6161;0;0;56;54;55.0
6645	0
6645	
6185;0;0;56;54;55.0
6670	0
6670	
6211;0;0;56;54;62.0
6695	0
6695	
6238;0;0;56;54;39.0
6731	0
6731	
6267;0;0;56;54;57.0
6751	0
6751	
6291;0;0;56;54;62.0
6775	0
6775	
6315;0;0;56;54;45.0
6799	0
6799	
6339;0;0;56;54;47.0
6823	0
6823	
6366;0;0;56;54;62.0
6848	0
6848	
6391;0;0;56;54;62.0
6872	0
6872	
6415;0;0;56;54;62.0
6896	0
6896	
6439;0;0;56;54;49.0
6928	0
6928	
6463;0;0;56;54;51.0
6952	0
6952	
6493;0;0;56;54;51.0
6975	0
6975	
6518;0;0;56;54;51.0
6999	0
6999	
6542;0;0;56;54;58.0
7023	0
7023	
6566;0;0;56;54;58.0
7047	0
7047	
6590;0;0;56;54;48.0
7075	0
7075	
6615;0;0;56;54;48.0
7099	0
7099	
6639;0;0;56;54;55.0
7123	0
7123	
6666;0;0;56;54;55.0
7153	0
7153	
6691;0;0;56;54;58.0
7176	0
7176	
6715;0;0;56;54;42.0
7196	0
7196	
6739;0;0;56;54;42.0
7220	0
7220	
6763;0;0;56;54;57.0
7245	0
7245	
6787;0;0;56;54;57.0
7271	0
7271	
6812;0;0;56;54;48.0
7296	0
7296	
6837;0;0;56;54;48.0
7322	0
7322	
6865;0;0;56;54;60.0
7346	0
7346	
6889;0;0;56;54;58.0
7384	0
7384	
6918;0;0;56;54;58.0
7402	0
7402	
6942;0;0;56;54;60.0
7426	0
7426	
6966;0;0;56;54;60.0
7450	0
7450	
6992;0;0;56;54;69.0
7475	0
7475	
7018;0;0;56;54;57.0
7499	0
7499	
7042;0;0;56;54;57.0
7523	0
7523	
7066;0;0;56;54;74.0
7548	0
7548	
7090;0;0;56;54;74.0
7578	0
7578	
7115;0;0;56;54;58.0
7602	0
7602	
7144;0;0;56;54;58.0
7625	0
7625	
7168;0;0;56;54;58.0
7649	0
7649	
7192;0;0;56;54;76.0
7675	0
7675	
7217;0;0;56;54;76.0
7701	0
7701	
7241;0;0;56;54;62.0
7725	0
7725	
7265;0;0;56;54;62.0
7749	0
7749	
7291;0;0;56;54;57.0
7774	0
7774	
7317;0;0;56;54;67.0
7810	0
7810	
7341;0;0;56;54;67.0
7828	0
7828	
7366;0;0;56;54;74.0
7847	0
7847	
7390;0;0;56;54;74.0
7874	0
7874	
7415;0;0;56;54;58.0
7900	0
7900	
7441;0;0;56;54;58.0
7925	0
7925	
7468;0;0;56;54;57.0
7949	0
7949	
7492;0;0;56;54;45.0
7973	0
7973	
7517;0;0;56;54;45.0
7998	0
7998	
7541;0;0;56;54;57.0
8032	0
8032	
7573;0;0;56;54;57.0
8057	0
8057	
7600;0;0;56;54;61.0
8081	0
8081	
7624;0;0;56;54;51.0
8105	0
8105	
7648;0;0;56;54;51.0
8129	0
8129	
7672;0;0;56;54;62.0
8156	0
8156	
7696;0;0;56;54;62.0
8180	0
8180	
7720;0;0;56;54;58.0
8204	0
8204	
7744;0;0;56;54;58.0
8230	0
8230	
7771;0;0;56;54;62.0
8255	0
8255	
7798;0;0;56;54;57.0
8279	0
8279	
7822;0;0;56;54;57.0
8303	0
8303	
7846;0;0;56;54;67.0
8327	0
8327	
7870;0;0;56;54;67.0
8352	0
8352	
7894;0;0;56;54;60.0
8378	0
8378	
7919;0;0;56;54;60.0
8403	0
8403	
7945;0;0;56;54;58.0
8428	0
8428	
7971;0;0;56;54;56.0
8464	0
8464	
7995;0;0;56;54;56.0
8483	0
8483	
8021;0;0;56;54;62.0
8505	0
8505	
8045;0;0;56;54;62.0
8529	0
8529	
8069;0;0;56;54;61.0
8553	0
8553	
8094;0;0;56;54;61.0
8578	0
8578	
8121;0;0;56;54;58.0
8603	0
8603	
8146;0;0;56;54;62.0
8627	0
8627	
8170;0;0;56;54;62.0
8651	0
8651	
8194;0;0;56;54;62.0
8687	0
8687	
8225;0;0;56;54;62.0
8709	0
8709	
8252;0;0;56;54;62.0
8733	0
8733	
8276;0;0;56;54;62.0
8757	0
8757	
8300;0;0;56;54;80.0
8781	0
8781	
8324;0;0;56;54;80.0
8806	0
8806	
8348;0;0;56;54;58.0
8832	0
8832	
8372;0;0;56;54;58.0
8856	0
8856	
8396;0;0;56;54;58.0
8884	0
8884	
8422;0;0;56;54;58.0
8908	0
8908	
8450;0;0;56;54;62.0
8931	0
8931	
8474;0;0;56;54;58.0
8956	0
8956	
8499;0;0;56;54;58.0
8981	0
8981	
8523;0;0;56;54;56.0
9005	0
9005	
8547;0;0;56;54;56.0
9031	0
9031	
8571;0;0;56;54;62.0
9055	0
9055	
8596;0;0;56;54;62.0
9081	0
9081	
8624;0;0;56;54;43.0
9122	0
9122	
8648;0;0;56;54;58.0
9135	0
9135	
8672;0;0;56;54;58.0
9153	0
9153	
8696;0;0;56;54;61.0
9180	0
9180	
8721;0;0;56;54;61.0
9205	0
9205	
8745;0;0;56;54;56.0
9229	0
9229	
8770;0;0;56;54;56.0
9254	0
9254	
8797;0;0;56;54;61.0
9278	0
9278	
8822;0;0;56;54;61.0
9314	0
9314	
8847;0;0;56;54;61.0
9334	0
9334	
8872;0;0;56;54;58.0
9356	0
9356	
8896;0;0;56;54;58.0
9381	0
9381	
8920;0;0;56;54;67.0
9404	0
9404	
8947;0;0;56;54;67.0
9429	0
9429	
8972;0;0;56;54;61.0
9453	0
9453	
8996;0;0;56;54;74.0
9477	0
9477	
9020;0;0;56;54;74.0
9501	0
9501	
9044;0;0;56;54;80.0
9532	0
9532	
9068;0;0;56;54;58.0
9556	0
9556	
9094;0;0;56;54;57.0
9578	0
9578	
9121;0;0;56;54;60.0
9603	0
9603	
9146;0;0;56;54;62.0
9627	0
9627	
9170;0;0;56;54;45.0
9651	0
9651	
9194;0;0;56;54;45.0
9679	0
9679	
9219;0;0;56;54;58.0
9703	0
9703	
9243;0;0;56;54;58.0
9727	0
9727	
9269;0;0;56;54;57.0
9764	0
9764	
9295;0;0;56;54;57.0
9780	0
9780	
9320;0;0;56;54;57.0
9802	0
9802	
9345;0;0;56;54;61.0
9827	0
9827	
9369;0;0;56;54;61.0
9853	0
9853	
9393;0;0;56;54;62.0
9877	0
9877	
9417;0;0;56;54;62.0
9901	0
9901	
9443;0;0;56;54;58.0
9927	0
9927	
9470;0;0;56;54;62.0
9951	0
9951	
9494;0;0;56;54;58.0
9988	0
9988	
9524;0;0;56;54;58.0
10008	0
10008	
9548;0;0;56;54;55.0
10032	0
10032	
9572;0;0;56;54;55.0
10056	0
10056	
9599;0;0;56;54;62.0
10081	0
10081	
9624;0;0;56;54;58.0
10105	0
10105	
9648;0;0;56;54;58.0
10129	0
10129	
9672;0;0;56;54;51.0
10154	0
10154	
9696;0;0;56;54;51.0
10186	0
10186	
9720;0;0;56;54;60.0
10209	0
10209	
9749;0;0;56;54;60.0
10231	0
10231	
9774;0;0;56;54;72.0
10255	0
10255	
9798;0;0;56;54;58.0
10279	0
10279	
9822;0;0;56;54;58.0
10304	0
10304	
9846;0;0;56;54;58.0
10330	0
10330	
9870;0;0;56;54;58.0
10354	0
10354	
9894;0;0;56;54;58.0
10378	0
10378	
9919;0;0;56;54;58.0
10411	0
10411	
9946;0;0;56;54;51.0
10430	0
10430	
9971;0;0;56;54;57.0
10452	0
10452	
9995;0;0;56;54;62.0
10477	0
10477	
10019;0;0;56;54;56.0
10503	0
10503	
10043;0;0;56;54;61.0
10527	0
10527	
10067;0;0;56;54;57.0
10552	0
10552	
10091;0;0;56;54;55.0
10575	0
10575	
10118;0;0;56;54;58.0
10600	0
10600	
10143;0;0;56;54;58.0
10634	0
10634	
10171;0;0;56;54;58.0
10655	0
10655	
10195;0;0;56;54;49.0
10679	0
10679	
10219;0;0;56;54;49.0
10703	0
10703	
10246;0;0;56;54;62.0
10728	0
10728	
10271;0;0;56;54;57.0
10752	0
10752	
10295;0;0;56;54;57.0
10776	0
10776	
10319;0;0;56;54;73.0
10803	0
10803	
10343;0;0;56;54;73.0
10834	0
10834	
10367;0;0;56;54;62.0
10855	0
10855	
10392;0;0;56;54;62.0
10876	0
10876	
10418;0;0;56;54;57.0
10901	0
10901	
10444;0;0;56;54;56.0
10925	0
10925	
10468;0;0;56;54;56.0
10949	0
10949	
10492;0;0;56;54;57.0
10974	0
10974	
10516;0;0;56;54;57.0
11001	0
11001	
10541;0;0;56;54;62.0
11030	0
11030	
10567;0;0;56;54;50.0
11053	0
11053	
10594;0;0;56;54;58.0
11075	0
11075	
10618;0;0;56;54;58.0
11099	0
11099	
10642;0;0;56;54;58.0
11123	0
11123	
10666;0;0;56;54;58.0
11148	0
11148	
10690;0;0;56;54;56.0
11174	0
11174	
10714;0;0;56;54;56.0
11198	0
11198	
10738;0;0;56;54;58.0
11222	0
11222	
10763;0;0;56;54;58.0
11256	0
11256	
10796;0;0;56;54;57.0
11277	0
11277	
10821;0;0;56;54;57.0
11303	0
11303	
10845;0;0;56;54;57.0
11327	0
11327	
10869;0;0;56;54;60.0
11351	0
11351	
10893;0;0;56;54;60.0
11377	0
11377	
10919;0;0;56;54;62.0
11402	0
11402	
10943;0;0;56;54;55.0
11425	0
11425	
10968;0;0;56;54;55.0
11457	0
11457	
10993;0;0;56;54;57.0
11480	0
11480	
11018;0;0;56;54;57.0
11501	0
11501	
11043;0;0;56;54;72.0
11525	0
11525	
11068;0;0;56;54;72.0
11552	0
11552	
11094;0;0;56;54;67.0
11576	0
11576	
11118;0;0;56;54;56.0
11600	0
11600	
11143;0;0;56;54;56.0
11627	0
11627	
11168;0;0;56;54;61.0
11650	0
11650	
11192;0;0;56;54;61.0
11686	0
11686	
11224;0;0;56;54;62.0
11706	0
11706	
11248;0;0;56;54;57.0
11731	0
11731	
11273;0;0;56;54;57.0
11757	0
11757	
11298;0;0;56;54;61.0
11780	0
11780	
11322;0;0;56;54;61.0
11805	0
11805	
11346;0;0;56;54;51.0
11828	0
11828	
11371;0;0;56;54;51.0
11855	0
11855	
11397;0;0;56;54;57.0
11897	0
11897	
11421;0;0;56;54;57.0
11910	0
11910	
11446;0;0;56;54;57.0
11928	0
11928	
11471;0;0;56;54;61.0
11953	0
11953	
11495;0;0;56;54;61.0
11977	0
11977	
11519;0;0;56;54;56.0
12001	0
12001	
11543;0;0;56;54;56.0
12027	0
12027	
11569;0;0;56;54;57.0
12052	0
12052	
11593;0;0;56;54;60.0
12075	0
12075	
11618;0;0;56;54;60.0
12111	0
12111	
11654;0;0;56;54;78.0
12135	0
12135	
11678;0;0;56;54;58.0
12160	0
12160	
11702;0;0;56;54;58.0
12185	0
12185	
11726;0;0;56;54;56.0
12208	0
12208	
11750;0;0;56;54;56.0
12235	0
12235	
11776;0;0;56;54;56.0
12258	0
12258	
11800;0;0;56;54;56.0
12283	0
12283	
11826;0;0;56;54;53.0
12315	0
12315	
11850;0;0;56;54;55.0
12338	0
12338	
11874;0;0;56;54;55.0
12357	0
12357	
11899;0;0;56;54;40.0
12381	0
12381	
11924;0;0;56;54;40.0
12408	0
12408	
11949;0;0;56;54;56.0
12431	0
12431	
11973;0;0;56;54;56.0
12455	0
12455	
11999;0;0;56;54;51.0
12480	0
12480	
12023;0;0;56;54;58.0
12515	0
12515	
12047;0;0;56;54;58.0
12534	0
12534	
12071;0;0;56;54;55.0
12556	0
12556	
12095;0;0;56;54;55.0
12579	0
12579	
12119;0;0;56;54;60.0
12603	0
12603	
12143;0;0;56;54;60.0
12627	0
12627	
12168;0;0;56;54;58.0
12652	0
12652	
12195;0;0;56;54;55.0
12676	0
12676	
12219;0;0;56;54;55.0
12700	0
12700	
12243;0;0;56;54;60.0
12736	0
12736	
12267;0;0;56;54;60.0
12755	0
12755	
12291;0;0;56;54;55.0
12775	0
12775	
12315;0;0;56;54;55.0
12800	0
12800	
12340;0;0;56;54;54.0
12824	0
12824	
12367;0;0;56;54;51.0
12848	0
12848	
12391;0;0;56;54;51.0
12873	0
12873	
12416;0;0;56;54;45.0
12900	0
12900	
12441;0;0;56;54;45.0
12928	0
12928	
12465;0;0;56;54;45.0
12952	0
12952	
12494;0;0;56;54;58.0
12975	0
12975	
12518;0;0;56;54;58.0
13000	0
13000	
12544;0;0;56;54;48.0
13025	0
13025	
12568;0;0;56;54;48.0
13052	0
13052	
12592;0;0;56;54;80.0
13076	0
13076	
12616;0;0;56;54;80.0
13100	0
13100	
12641;0;0;56;54;77.0
13125	0
13125	
12668;0;0;56;54;51.0
13161	0
13161	
12696;0;0;56;54;51.0
13180	0
13180	
12720;0;0;56;54;58.0
13204	0
13204	
12744;0;0;56;54;58.0
13228	0
13228	
12768;0;0;56;54;55.0
13252	0
13252	
12793;0;0;56;54;55.0
13277	0
13277	
12820;0;0;56;54;57.0
13301	0
13301	
12844;0;0;56;54;57.0
13326	0
13326	
12869;0;0;56;54;57.0
13362	0
13362	
12893;0;0;56;54;62.0
13382	0
13382	
12917;0;0;56;54;62.0
13401	0
13401	
12942;0;0;56;54;77.0
13426	0
13426	
12967;0;0;56;54;77.0
13451	0
13451	
12994;0;0;56;54;58.0
13475	0
13475	
13018;0;0;56;54;62.0
13500	0
13500	
13043;0;0;56;54;62.0
13524	0
13524	
13067;0;0;56;54;51.0
13551	0
13551	
13091;0;0;56;54;51.0
13581	0
13581	
13122;0;0;56;54;56.0
13606	0
13606	
13149;0;0;56;54;76.0
13630	0
13630	
13173;0;0;56;54;60.0
13654	0
13654	
13197;0;0;56;54;60.0
13678	0
13678	
13221;0;0;56;54;71.0
13706	0
13706	
13246;0;0;56;54;71.0
13731	0
13731	
13270;0;0;56;54;73.0
13754	0
13754	
13297;0;0;56;54;73.0
13796	0
13796	
13322;0;0;56;54;57.0
13807	0
13807	
13346;0;0;56;54;95.0
13827	0
13827	
13370;0;0;56;54;95.0
13851	0
13851	
13394;0;0;56;54;67.0
13875	0
13875	
13418;0;0;56;54;67.0
13902	0
13902	
13443;0;0;56;54;58.0
13927	0
13927	
13467;0;0;56;54;58.0
13951	0
13951	
13493;0;0;56;54;62.0
13980	0
13980	
13519;0;0;56;54;62.0
14004	0
14004	
13544;0;0;56;54;62.0
14025	0
14025	
13568;0;0;56;54;58.0
14049	0
14049	
13592;0;0;56;54;58.0
14074	0
14074	
13616;0;0;56;54;62.0
14100	0
14100	
13640;0;0;56;54;62.0
14124	0
14124	
13664;0;0;56;54;59.0
14148	0
14148	
13689;0;0;56;54;59.0
14173	0
14173	
13716;0;0;56;54;58.0
14214	0
14214	
13740;0;0;56;54;58.0
14228	0
14228	
13764;0;0;56;54;58.0
14246	0
14246	
13789;0;0;56;54;58.0
14271	0
14271	
13813;0;0;56;54;58.0
14297	0
14297	
13837;0;0;56;54;51.0
14321	0
14321	
13861;0;0;56;54;51.0
14345	0
14345	
13888;0;0;56;54;57.0
14371	0
14371	
13914;0;0;56;54;56.0
14407	0
14407	
13938;0;0;56;54;56.0
14425	0
14425	
13963;0;0;56;54;58.0
14444	0
14444	
13987;0;0;56;54;58.0
14469	0
14469	
14011;0;0;56;54;62.0
14495	0
14495	
14035;0;0;56;54;58.0
14519	0
14519	
14059;0;0;56;54;61.0
14543	0
14543	
14084;0;0;56;54;58.0
14568	0
14568	
14111;0;0;56;54;67.0
14592	0
14592	
14135;0;0;56;54;58.0
14628	0
14628	
14164;0;0;56;54;58.0
14648	0
14648	
14188;0;0;56;54;57.0
14672	0
14672	
14212;0;0;56;54;62.0
14696	0
14696	
14236;0;0;56;54;67.0
14720	0
14720	
14263;0;0;56;54;58.0
14745	0
14745	
14288;0;0;56;54;61.0
14769	0
14769	
14312;0;0;56;54;61.0
14793	0
14793	
14336;0;0;56;54;62.0
14824	0
14824	
14360;0;0;56;54;62.0
14847	0
14847	
14386;0;0;56;54;51.0
14870	0
14870	
14413;0;0;56;54;51.0
14896	0
14896	
14438;0;0;56;54;57.0
14919	0
14919	
14462;0;0;56;54;74.0
14943	0
14943	
14486;0;0;56;54;74.0
14968	0
14968	
14510;0;0;56;54;62.0
14994	0
14994	
14534;0;0;56;54;62.0
15018	0
15018	
14558;0;0;56;54;58.0
15051	0
15051	
14592;0;0;56;54;46.0
15073	0
15073	
14616;0;0;56;54;46.0
15097	0
15097	
14640;0;0;56;54;61.0
15121	0
15121	
14664;0;0;56;54;61.0
15146	0
15146	
14688;0;0;56;54;62.0
15172	0
15172	
14712;0;0;56;54;62.0
15196	0
15196	
14736;0;0;56;54;58.0
15220	0
15220	
14761;0;0;56;54;58.0
15251	0
15251	
14788;0;0;56;54;74.0
15273	0
15273	
14813;0;0;56;54;51.0
15294	0
15294	
14837;0;0;56;54;55.0
15318	0
15318	
14861;0;0;56;54;58.0
15342	0
15342	
14885;0;0;56;54;74.0
15369	0
15369	
14909;0;0;56;54;62.0
15393	0
15393	
14933;0;0;56;54;57.0
15417	0
15417	
14957;0;0;56;54;67.0
15441	0
15441	
14984;0;0;56;54;58.0
15471	0
15471	
15014;0;0;56;54;46.0
15495	0
15495	
15038;0;0;56;54;46.0
15519	0
15519	
15062;0;0;56;54;48.0
15544	0
15544	
15086;0;0;56;54;56.0
15570	0
15570	
15110;0;0;56;54;56.0
15595	0
15595	
15137;0;0;56;54;57.0
15620	0
15620	
15163;0;0;56;54;58.0
15644	0
15644	
15187;0;0;56;54;58.0
15679	0
15679	
15211;0;0;56;54;58.0
15699	0
15699	
15235;0;0;56;54;58.0
15721	0
15721	
15260;0;0;56;54;68.0
15744	0
15744	
15284;0;0;56;54;68.0
15768	0
15768	
15308;0;0;56;54;57.0
15792	0
15792	
15333;0;0;56;54;57.0
15817	0
15817	
15360;0;0;56;54;77.0
15841	0
15841	
15384;0;0;56;54;58.0
15876	0
15876	
15408;0;0;56;54;58.0
15894	0
15894	
15432;0;0;56;54;62.0
15913	0
15913	
15456;0;0;56;54;62.0
15938	0
15938	
15480;0;0;56;54;57.0
15964	0
15964	
15504;0;0;56;54;57.0
15988	0
15988	
15528;0;0;56;54;43.0
16012	0
16012	
15554;0;0;56;54;43.0
16037	0
16037	
15580;0;0;56;54;61.0
16061	0
16061	
15604;0;0;56;54;57.0
16097	0
16097	
15628;0;0;56;54;57.0
16117	0
16117	
15653;0;0;56;54;43.0
16137	0
16137	
15677;0;0;56;54;43.0
16161	0
16161	
15701;0;0;56;54;56.0
16185	0
16185	
15726;0;0;56;54;56.0
16210	0
16210	
15753;0;0;56;54;60.0
16235	0
16235	
15778;0;0;56;54;59.0
16259	0
16259	
15802;0;0;56;54;59.0
16293	0
16293	
15826;0;0;56;54;58.0
16315	0
16315	
15852;0;0;56;54;58.0
16336	0
16336	
15878;0;0;56;54;62.0
16362	0
16362	
15905;0;0;56;54;57.0
16386	0
16386	
15929;0;0;56;54;57.0
