milliseconds	Werte
463	0
463	
6;0;0;56;54;0.0
488	0
488	
30;0;0;56;54;67.0
514	0
514	
54;0;0;56;54;67.0
539	0
539	
78;0;0;56;54;62.0
563	0
563	
102;0;0;56;54;62.0
587	0
587	
129;0;0;56;54;62.0
612	0
612	
154;0;0;56;54;51.0
648	0
648	
183;0;0;56;54;51.0
668	0
668	
207;0;0;56;54;67.0
692	0
692	
231;0;0;56;54;67.0
716	0
716	
258;0;0;56;54;73.0
741	0
741	
283;0;0;56;54;65.0
765	0
765	
307;0;0;56;54;65.0
789	0
789	
331;0;0;56;54;86.0
816	0
816	
355;0;0;56;54;86.0
849	0
849	
379;0;0;56;54;67.0
868	0
868	
404;0;0;56;54;67.0
889	0
889	
430;0;0;56;54;67.0
914	0
914	
456;0;0;56;54;67.0
938	0
938	
480;0;0;56;54;67.0
962	0
962	
504;0;0;56;54;67.0
987	0
987	
528;0;0;56;54;67.0
1013	0
1013	
552;0;0;56;54;66.0
1037	0
1037	
576;0;0;56;54;66.0
1068	0
1068	
602;0;0;56;54;67.0
1090	0
1090	
628;0;0;56;54;86.0
1110	0
1110	
652;0;0;56;54;86.0
1134	0
1134	
676;0;0;56;54;68.0
1159	0
1159	
700;0;0;56;54;68.0
1183	0
1183	
724;0;0;56;54;67.0
1209	0
1209	
748;0;0;56;54;67.0
1233	0
1233	
774;0;0;56;54;62.0
1258	0
1258	
800;0;0;56;54;67.0
1295	0
1295	
824;0;0;56;54;67.0
1313	0
1313	
849;0;0;56;54;62.0
1332	0
1332	
873;0;0;56;54;86.0
1356	0
1356	
897;0;0;56;54;86.0
1382	0
1382	
921;0;0;56;54;63.0
1406	0
1406	
946;0;0;56;54;66.0
1431	0
1431	
973;0;0;56;54;66.0
1455	0
1455	
997;0;0;56;54;67.0
1479	0
1479	
1021;0;0;56;54;67.0
1520	0
1520	
1045;0;0;56;54;61.0
1534	0
1534	
1069;0;0;56;54;61.0
1552	0
1552	
1093;0;0;56;54;67.0
1578	0
1578	
1117;0;0;56;54;67.0
1602	0
1602	
1141;0;0;56;54;66.0
1626	0
1626	
1166;0;0;56;54;66.0
1652	0
1652	
1194;0;0;56;54;67.0
1676	0
1676	
1218;0;0;56;54;67.0
1700	0
1700	
1242;0;0;56;54;67.0
1733	0
1733	
1270;0;0;56;54;86.0
1755	0
1755	
1294;0;0;56;54;86.0
1779	0
1779	
1320;0;0;56;54;66.0
1804	0
1804	
1346;0;0;56;54;53.0
1828	0
1828	
1370;0;0;56;54;53.0
1853	0
1853	
1395;0;0;56;54;62.0
1878	0
1878	
1419;0;0;56;54;62.0
1904	0
1904	
1443;0;0;56;54;65.0
1928	0
1928	
1467;0;0;56;54;65.0
1962	0
1962	
1500;0;0;56;54;67.0
1983	0
1983	
1525;0;0;56;54;67.0
2007	0
2007	
1549;0;0;56;54;67.0
2031	0
2031	
1573;0;0;56;54;63.0
2056	0
2056	
1597;0;0;56;54;63.0
2082	0
2082	
1621;0;0;56;54;66.0
2106	0
2106	
1645;0;0;56;54;66.0
2130	0
2130	
1671;0;0;56;54;67.0
2159	0
2159	
1697;0;0;56;54;67.0
2184	0
2184	
1722;0;0;56;54;67.0
2204	0
2204	
1746;0;0;56;54;62.0
2228	0
2228	
1770;0;0;56;54;62.0
2253	0
2253	
1794;0;0;56;54;67.0
2277	0
2277	
1818;0;0;56;54;67.0
2303	0
2303	
1842;0;0;56;54;67.0
2327	0
2327	
1867;0;0;56;54;67.0
2354	0
2354	
1896;0;0;56;54;67.0
2383	0
2383	
1920;0;0;56;54;67.0
2406	0
2406	
1944;0;0;56;54;67.0
2426	0
2426	
1968;0;0;56;54;68.0
2452	0
2452	
1993;0;0;56;54;68.0
2476	0
2476	
2017;0;0;56;54;67.0
2502	0
2502	
2041;0;0;56;54;67.0
2526	0
2526	
2067;0;0;56;54;59.0
2551	0
2551	
2093;0;0;56;54;67.0
2576	0
2576	
2118;0;0;56;54;67.0
2612	0
2612	
2142;0;0;56;54;67.0
2631	0
2631	
2167;0;0;56;54;67.0
2652	0
2652	
2192;0;0;56;54;72.0
2677	0
2677	
2217;0;0;56;54;67.0
2701	0
2701	
2243;0;0;56;54;67.0
2726	0
2726	
2268;0;0;56;54;73.0
2752	0
2752	
2293;0;0;56;54;73.0
2776	0
2776	
2317;0;0;56;54;67.0
2800	0
2800	
2341;0;0;56;54;67.0
2833	0
2833	
2374;0;0;56;54;67.0
2857	0
2857	
2399;0;0;56;54;59.0
2881	0
2881	
2423;0;0;56;54;59.0
2906	0
2906	
2447;0;0;56;54;66.0
2930	0
2930	
2471;0;0;56;54;66.0
2956	0
2956	
2496;0;0;56;54;80.0
2981	0
2981	
2521;0;0;56;54;66.0
3005	0
3005	
2545;0;0;56;54;66.0
3028	0
3028	
2570;0;0;56;54;67.0
3066	0
3066	
2605;0;0;56;54;67.0
3090	0
3090	
2631;0;0;56;54;86.0
3114	0
3114	
2656;0;0;56;54;67.0
3139	0
3139	
2681;0;0;56;54;67.0
3163	0
3163	
2705;0;0;56;54;66.0
3188	0
3188	
2729;0;0;56;54;66.0
3212	0
3212	
2753;0;0;56;54;63.0
3238	0
3238	
2777;0;0;56;54;63.0
3268	0
3268	
2803;0;0;56;54;71.0
3290	0
3290	
2830;0;0;56;54;67.0
3314	0
3314	
2856;0;0;56;54;67.0
3338	0
3338	
2880;0;0;56;54;67.0
3362	0
3362	
2904;0;0;56;54;67.0
3389	0
3389	
2928;0;0;56;54;67.0
3413	0
3413	
2952;0;0;56;54;67.0
3437	0
3437	
2976;0;0;56;54;68.0
3461	0
3461	
3003;0;0;56;54;68.0
3498	0
3498	
3028;0;0;56;54;67.0
3514	0
3514	
3053;0;0;56;54;67.0
3536	0
3536	
3078;0;0;56;54;67.0
3561	0
3561	
3102;0;0;56;54;66.0
3587	0
3587	
3126;0;0;56;54;66.0
3611	0
3611	
3150;0;0;56;54;67.0
3635	0
3635	
3175;0;0;56;54;67.0
3660	0
3660	
3203;0;0;56;54;67.0
3685	0
3685	
3227;0;0;56;54;66.0
3721	0
3721	
3256;0;0;56;54;66.0
3741	0
3741	
3280;0;0;56;54;86.0
3765	0
3765	
3304;0;0;56;54;86.0
3789	0
3789	
3331;0;0;56;54;71.0
3814	0
3814	
3356;0;0;56;54;67.0
3838	0
3838	
3380;0;0;56;54;67.0
3862	0
3862	
3404;0;0;56;54;67.0
3887	0
3887	
3428;0;0;56;54;67.0
3918	0
3918	
3452;0;0;56;54;66.0
3940	0
3940	
3480;0;0;56;54;67.0
3963	0
3963	
3505;0;0;56;54;67.0
3987	0
3987	
3529;0;0;56;54;52.0
4011	0
4011	
3553;0;0;56;54;52.0
4036	0
4036	
3577;0;0;56;54;66.0
4060	0
4060	
3601;0;0;56;54;66.0
4086	0
4086	
3625;0;0;56;54;67.0
4110	0
4110	
3650;0;0;56;54;67.0
4144	0
4144	
3678;0;0;56;54;53.0
4164	0
4164	
3703;0;0;56;54;66.0
4186	0
4186	
3727;0;0;56;54;66.0
4209	0
4209	
3751;0;0;56;54;55.0
4236	0
4236	
3775;0;0;56;54;55.0
4260	0
4260	
3800;0;0;56;54;67.0
4285	0
4285	
3827;0;0;56;54;67.0
4310	0
4310	
3852;0;0;56;54;55.0
4334	0
4334	
3876;0;0;56;54;67.0
4371	0
4371	
3911;0;0;56;54;67.0
4396	0
4396	
3938;0;0;56;54;66.0
4420	0
4420	
3962;0;0;56;54;67.0
4444	0
4444	
3986;0;0;56;54;67.0
4468	0
4468	
4010;0;0;56;54;65.0
4495	0
4495	
4034;0;0;56;54;65.0
4519	0
4519	
4058;0;0;56;54;68.0
4543	0
4543	
4082;0;0;56;54;68.0
4567	0
4567	
4109;0;0;56;54;86.0
4595	0
4595	
4137;0;0;56;54;67.0
4619	0
4619	
4161;0;0;56;54;67.0
4643	0
4643	
4185;0;0;56;54;86.0
4668	0
4668	
4209;0;0;56;54;86.0
4694	0
4694	
4233;0;0;56;54;67.0
4718	0
4718	
4257;0;0;56;54;67.0
4742	0
4742	
4282;0;0;56;54;68.0
4767	0
4767	
4309;0;0;56;54;66.0
4796	0
4796	
4333;0;0;56;54;68.0
4819	0
4819	
4357;0;0;56;54;68.0
4840	0
4840	
4382;0;0;56;54;62.0
4864	0
4864	
4406;0;0;56;54;62.0
4889	0
4889	
4430;0;0;56;54;66.0
4915	0
4915	
4454;0;0;56;54;66.0
4939	0
4939	
4478;0;0;56;54;66.0
4963	0
4963	
4504;0;0;56;54;66.0
4988	0
4988	
4530;0;0;56;54;63.0
5024	0
5024	
4554;0;0;56;54;77.0
5043	0
5043	
4578;0;0;56;54;77.0
5062	0
5062	
4603;0;0;56;54;66.0
5089	0
5089	
4628;0;0;56;54;66.0
5113	0
5113	
4654;0;0;56;54;72.0
5138	0
5138	
4680;0;0;56;54;67.0
5162	0
5162	
4705;0;0;56;54;67.0
5187	0
5187	
4729;0;0;56;54;67.0
5218	0
5218	
4753;0;0;56;54;67.0
5241	0
5241	
4779;0;0;56;54;59.0
5264	0
5264	
4805;0;0;56;54;59.0
5289	0
5289	
4831;0;0;56;54;52.0
5314	0
5314	
4856;0;0;56;54;62.0
5338	0
5338	
4880;0;0;56;54;62.0
5366	0
5366	
4905;0;0;56;54;66.0
5390	0
5390	
4929;0;0;56;54;66.0
5414	0
5414	
4955;0;0;56;54;67.0
5451	0
5451	
4981;0;0;56;54;67.0
5467	0
5467	
5007;0;0;56;54;67.0
5489	0
5489	
5031;0;0;56;54;59.0
5514	0
5514	
5055;0;0;56;54;59.0
5540	0
5540	
5079;0;0;56;54;67.0
5564	0
5564	
5104;0;0;56;54;67.0
5589	0
5589	
5131;0;0;56;54;51.0
5613	0
5613	
5155;0;0;56;54;66.0
5637	0
5637	
5179;0;0;56;54;66.0
5673	0
5673	
5212;0;0;56;54;67.0
5697	0
5697	
5239;0;0;56;54;67.0
5721	0
5721	
5263;0;0;56;54;67.0
5745	0
5745	
5287;0;0;56;54;63.0
5769	0
5769	
5311;0;0;56;54;63.0
5796	0
5796	
5335;0;0;56;54;72.0
5820	0
5820	
5359;0;0;56;54;72.0
5844	0
5844	
5383;0;0;56;54;66.0
5873	0
5873	
5410;0;0;56;54;66.0
5896	0
5896	
5437;0;0;56;54;67.0
5919	0
5919	
5461;0;0;56;54;63.0
5943	0
5943	
5485;0;0;56;54;63.0
5968	0
5968	
5509;0;0;56;54;51.0
5994	0
5994	
5533;0;0;56;54;51.0
6018	0
6018	
5557;0;0;56;54;68.0
6042	0
6042	
5582;0;0;56;54;68.0
6067	0
6067	
5609;0;0;56;54;68.0
6105	0
6105	
5634;0;0;56;54;66.0
6122	0
6122	
5659;0;0;56;54;66.0
6143	0
6143	
5684;0;0;56;54;86.0
6169	0
6169	
5709;0;0;56;54;67.0
6194	0
6194	
5734;0;0;56;54;67.0
6219	0
6219	
5761;0;0;56;54;51.0
6243	0
6243	
5785;0;0;56;54;67.0
6268	0
6268	
5810;0;0;56;54;67.0
6301	0
6301	
5834;0;0;56;54;61.0
6323	0
6323	
5859;0;0;56;54;61.0
6344	0
6344	
5883;0;0;56;54;67.0
6368	0
6368	
5908;0;0;56;54;67.0
6393	0
6393	
5935;0;0;56;54;67.0
6417	0
6417	
5959;0;0;56;54;59.0
6441	0
6441	
5983;0;0;56;54;59.0
6467	0
6467	
6008;0;0;56;54;67.0
6494	0
6494	
6033;0;0;56;54;67.0
6525	0
6525	
6059;0;0;56;54;51.0
6546	0
6546	
6085;0;0;56;54;67.0
6567	0
6567	
6110;0;0;56;54;67.0
6592	0
6592	
6134;0;0;56;54;67.0
6617	0
6617	
6158;0;0;56;54;67.0
6643	0
6643	
6182;0;0;56;54;84.0
6667	0
6667	
6207;0;0;56;54;84.0
6692	0
6692	
6234;0;0;56;54;66.0
6717	0
6717	
6259;0;0;56;54;66.0
6749	0
6749	
6289;0;0;56;54;66.0
6772	0
6772	
6313;0;0;56;54;61.0
6796	0
6796	
6338;0;0;56;54;61.0
6823	0
6823	
6364;0;0;56;54;67.0
6847	0
6847	
6388;0;0;56;54;51.0
6871	0
6871	
6413;0;0;56;54;51.0
6898	0
6898	
6438;0;0;56;54;51.0
6921	0
6921	
6462;0;0;56;54;51.0
6953	0
6953	
6486;0;0;56;54;67.0
6976	0
6976	
6514;0;0;56;54;52.0
6997	0
6997	
6538;0;0;56;54;52.0
7021	0
7021	
6563;0;0;56;54;66.0
7048	0
7048	
6588;0;0;56;54;66.0
7071	0
7071	
6612;0;0;56;54;52.0
7095	0
7095	
6636;0;0;56;54;52.0
7121	0
7121	
6662;0;0;56;54;66.0
7146	0
7146	
6686;0;0;56;54;66.0
7179	0
7179	
6711;0;0;56;54;66.0
7200	0
7200	
6737;0;0;56;54;58.0
7221	0
7221	
6762;0;0;56;54;58.0
7245	0
7245	
6786;0;0;56;54;67.0
7271	0
7271	
6812;0;0;56;54;67.0
7296	0
7296	
6837;0;0;56;54;50.0
7320	0
7320	
6862;0;0;56;54;51.0
7345	0
7345	
6887;0;0;56;54;51.0
7371	0
7371	
6911;0;0;56;54;66.0
7405	0
7405	
6944;0;0;56;54;54.0
7427	0
7427	
6969;0;0;56;54;54.0
7452	0
7452	
6994;0;0;56;54;59.0
7476	0
7476	
7018;0;0;56;54;59.0
7501	0
7501	
7042;0;0;56;54;60.0
7525	0
7525	
7066;0;0;56;54;60.0
7551	0
7551	
7090;0;0;56;54;59.0
7575	0
7575	
7115;0;0;56;54;59.0
7605	0
7605	
7142;0;0;56;54;62.0
7628	0
7628	
7167;0;0;56;54;67.0
7649	0
7649	
7191;0;0;56;54;67.0
7673	0
7673	
7215;0;0;56;54;63.0
7698	0
7698	
7239;0;0;56;54;63.0
7724	0
7724	
7263;0;0;56;54;67.0
7748	0
7748	
7287;0;0;56;54;66.0
7772	0
7772	
7313;0;0;56;54;67.0
7798	0
7798	
7340;0;0;56;54;67.0
7834	0
7834	
7364;0;0;56;54;60.0
7851	0
7851	
7388;0;0;56;54;60.0
7870	0
7870	
7413;0;0;56;54;67.0
7895	0
7895	
7437;0;0;56;54;67.0
7922	0
7922	
7461;0;0;56;54;67.0
7946	0
7946	
7485;0;0;56;54;67.0
7970	0
7970	
7509;0;0;56;54;62.0
7994	0
7994	
7536;0;0;56;54;62.0
8019	0
8019	
7561;0;0;56;54;67.0
8055	0
8055	
7592;0;0;56;54;67.0
8077	0
8077	
7616;0;0;56;54;67.0
8101	0
8101	
7643;0;0;56;54;66.0
8126	0
8126	
7668;0;0;56;54;59.0
8150	0
8150	
7692;0;0;56;54;59.0
8175	0
8175	
7717;0;0;56;54;67.0
8202	0
8202	
7741;0;0;56;54;67.0
8226	0
8226	
7765;0;0;56;54;89.0
8252	0
8252	
7789;0;0;56;54;89.0
8278	0
8278	
7819;0;0;56;54;84.0
8302	0
8302	
7844;0;0;56;54;80.0
8326	0
8326	
7868;0;0;56;54;80.0
8350	0
8350	
7892;0;0;56;54;67.0
8377	0
8377	
7916;0;0;56;54;67.0
8401	0
8401	
7940;0;0;56;54;86.0
8425	0
8425	
7964;0;0;56;54;86.0
8449	0
8449	
7991;0;0;56;54;86.0
8480	0
8480	
8016;0;0;56;54;93.0
8502	0
8502	
8040;0;0;56;54;93.0
8522	0
8522	
8064;0;0;56;54;76.0
8547	0
8547	
8088;0;0;56;54;76.0
8570	0
8570	
8112;0;0;56;54;68.0
8595	0
8595	
8136;0;0;56;54;68.0
8621	0
8621	
8160;0;0;56;54;59.0
8645	0
8645	
8184;0;0;56;54;67.0
8670	0
8670	
8212;0;0;56;54;66.0
8706	0
8706	
8244;0;0;56;54;66.0
8729	0
8729	
8268;0;0;56;54;67.0
8753	0
8753	
8293;0;0;56;54;67.0
8779	0
8779	
8321;0;0;56;54;67.0
8803	0
8803	
8345;0;0;56;54;66.0
8827	0
8827	
8369;0;0;56;54;66.0
8851	0
8851	
8393;0;0;56;54;67.0
8878	0
8878	
8418;0;0;56;54;67.0
8910	0
8910	
8445;0;0;56;54;67.0
8934	0
8934	
8472;0;0;56;54;86.0
8954	0
8954	
8496;0;0;56;54;86.0
8978	0
8978	
8520;0;0;56;54;68.0
9003	0
9003	
8544;0;0;56;54;68.0
9029	0
9029	
8568;0;0;56;54;67.0
9053	0
9053	
8592;0;0;56;54;67.0
9078	0
9078	
8618;0;0;56;54;66.0
9103	0
9103	
8645;0;0;56;54;67.0
9139	0
9139	
8669;0;0;56;54;67.0
9159	0
9159	
8694;0;0;56;54;67.0
9177	0
9177	
8720;0;0;56;54;67.0
9203	0
9203	
8744;0;0;56;54;53.0
9229	0
9229	
8768;0;0;56;54;53.0
9253	0
9253	
8792;0;0;56;54;65.0
9277	0
9277	
8818;0;0;56;54;65.0
9303	0
9303	
8845;0;0;56;54;61.0
9327	0
9327	
8869;0;0;56;54;63.0
9357	0
9357	
8897;0;0;56;54;63.0
9383	0
9383	
8922;0;0;56;54;67.0
9407	0
9407	
8946;0;0;56;54;67.0
9431	0
9431	
8972;0;0;56;54;67.0
9456	0
9456	
8998;0;0;56;54;63.0
9481	0
9481	
9023;0;0;56;54;63.0
9505	0
9505	
9047;0;0;56;54;67.0
9531	0
9531	
9072;0;0;56;54;67.0
9564	0
9564	
9096;0;0;56;54;68.0
9586	0
9586	
9123;0;0;56;54;67.0
9606	0
9606	
9147;0;0;56;54;67.0
9630	0
9630	
9171;0;0;56;54;80.0
9654	0
9654	
9196;0;0;56;54;80.0
9681	0
9681	
9222;0;0;56;54;67.0
9705	0
9705	
9246;0;0;56;54;67.0
9729	0
9729	
9270;0;0;56;54;65.0
9753	0
9753	
9295;0;0;56;54;65.0
9790	0
9790	
9321;0;0;56;54;67.0
9808	0
9808	
9345;0;0;56;54;59.0
9828	0
9828	
9369;0;0;56;54;59.0
9852	0
9852	
9394;0;0;56;54;67.0
9879	0
9879	
9420;0;0;56;54;67.0
9903	0
9903	
9444;0;0;56;54;83.0
9927	0
9927	
9468;0;0;56;54;66.0
9951	0
9951	
9493;0;0;56;54;66.0
9978	0
9978	
9519;0;0;56;54;67.0
10013	0
10013	
9553;0;0;56;54;67.0
10036	0
10036	
9577;0;0;56;54;67.0
10060	0
10060	
9603;0;0;56;54;66.0
10087	0
10087	
9627;0;0;56;54;87.0
10110	0
10110	
9651;0;0;56;54;87.0
10134	0
10134	
9675;0;0;56;54;67.0
10158	0
10158	
9700;0;0;56;54;67.0
10185	0
10185	
9725;0;0;56;54;67.0
10211	0
10211	
9749;0;0;56;54;67.0
10238	0
10238	
9776;0;0;56;54;67.0
10260	0
10260	
9800;0;0;56;54;62.0
10283	0
10283	
9824;0;0;56;54;62.0
10307	0
10307	
9848;0;0;56;54;67.0
10331	0
10331	
9873;0;0;56;54;67.0
10358	0
10358	
9898;0;0;56;54;67.0
10382	0
10382	
9923;0;0;56;54;67.0
10406	0
10406	
9949;0;0;56;54;67.0
10443	0
10443	
9973;0;0;56;54;72.0
10462	0
10462	
9998;0;0;56;54;72.0
10483	0
10483	
10023;0;0;56;54;67.0
10508	0
10508	
10048;0;0;56;54;67.0
10531	0
10531	
10072;0;0;56;54;66.0
10556	0
10556	
10097;0;0;56;54;66.0
10581	0
10581	
10123;0;0;56;54;73.0
10608	0
10608	
10148;0;0;56;54;67.0
10635	0
10635	
10172;0;0;56;54;61.0
10659	0
10659	
10199;0;0;56;54;61.0
10681	0
10681	
10224;0;0;56;54;67.0
10707	0
10707	
10248;0;0;56;54;67.0
10731	0
10731	
10272;0;0;56;54;62.0
10757	0
10757	
10296;0;0;56;54;62.0
10781	0
10781	
10322;0;0;56;54;67.0
10807	0
10807	
10349;0;0;56;54;52.0
10831	0
10831	
10373;0;0;56;54;66.0
10867	0
10867	
10404;0;0;56;54;86.0
10889	0
10889	
10428;0;0;56;54;86.0
10913	0
10913	
10455;0;0;56;54;62.0
10938	0
10938	
10480;0;0;56;54;73.0
10962	0
10962	
10504;0;0;56;54;73.0
10986	0
10986	
10528;0;0;56;54;67.0
11010	0
11010	
10552;0;0;56;54;67.0
11037	0
11037	
10576;0;0;56;54;67.0
11065	0
11065	
10600;0;0;56;54;67.0
11090	0
11090	
10629;0;0;56;54;65.0
11111	0
11111	
10653;0;0;56;54;67.0
11135	0
11135	
10677;0;0;56;54;67.0
11159	0
11159	
10701;0;0;56;54;66.0
11186	0
11186	
10726;0;0;56;54;66.0
11211	0
11211	
10750;0;0;56;54;67.0
11235	0
11235	
10774;0;0;56;54;67.0
11262	0
11262	
10801;0;0;56;54;66.0
11288	0
11288	
10828;0;0;56;54;66.0
11310	0
11310	
10852;0;0;56;54;66.0
11334	0
11334	
10876;0;0;56;54;67.0
11361	0
11361	
10900;0;0;56;54;67.0
11385	0
11385	
10925;0;0;56;54;68.0
11410	0
11410	
10952;0;0;56;54;68.0
11435	0
11435	
10977;0;0;56;54;67.0
11459	0
11459	
11001;0;0;56;54;67.0
11495	0
11495	
11030;0;0;56;54;67.0
11515	0
11515	
11054;0;0;56;54;66.0
11539	0
11539	
11078;0;0;56;54;66.0
11564	0
11564	
11106;0;0;56;54;61.0
11588	0
11588	
11130;0;0;56;54;68.0
11612	0
11612	
11154;0;0;56;54;68.0
11636	0
11636	
11178;0;0;56;54;66.0
11663	0
11663	
11202;0;0;56;54;66.0
11696	0
11696	
11228;0;0;56;54;67.0
11716	0
11716	
11256;0;0;56;54;66.0
11739	0
11739	
11280;0;0;56;54;66.0
11762	0
11762	
11304;0;0;56;54;66.0
11789	0
11789	
11329;0;0;56;54;66.0
11814	0
11814	
11353;0;0;56;54;52.0
11838	0
11838	
11377;0;0;56;54;52.0
11862	0
11862	
11404;0;0;56;54;62.0
11887	0
11887	
11429;0;0;56;54;67.0
11923	0
11923	
11457;0;0;56;54;67.0
11943	0
11943	
11482;0;0;56;54;62.0
11967	0
11967	
11506;0;0;56;54;62.0
11991	0
11991	
11531;0;0;56;54;61.0
12016	0
12016	
11558;0;0;56;54;67.0
12040	0
12040	
11582;0;0;56;54;67.0
12064	0
12064	
11606;0;0;56;54;67.0
12091	0
12091	
11631;0;0;56;54;67.0
12116	0
12116	
11655;0;0;56;54;67.0
12149	0
12149	
11691;0;0;56;54;62.0
12173	0
12173	
11715;0;0;56;54;62.0
12197	0
12197	
11739;0;0;56;54;65.0
12221	0
12221	
11763;0;0;56;54;65.0
12246	0
12246	
11787;0;0;56;54;67.0
12272	0
12272	
11811;0;0;56;54;67.0
12296	0
12296	
11835;0;0;56;54;52.0
12320	0
12320	
11860;0;0;56;54;52.0
12349	0
12349	
11887;0;0;56;54;67.0
12373	0
12373	
11913;0;0;56;54;86.0
12395	0
12395	
11937;0;0;56;54;86.0
12419	0
12419	
11961;0;0;56;54;68.0
12443	0
12443	
11985;0;0;56;54;67.0
12470	0
12470	
12009;0;0;56;54;67.0
12494	0
12494	
12033;0;0;56;54;68.0
12518	0
12518	
12057;0;0;56;54;68.0
12542	0
12542	
12084;0;0;56;54;67.0
12578	0
12578	
12109;0;0;56;54;67.0
12596	0
12596	
12135;0;0;56;54;67.0
12617	0
12617	
12159;0;0;56;54;67.0
12641	0
12641	
12183;0;0;56;54;67.0
12665	0
12665	
12207;0;0;56;54;66.0
12692	0
12692	
12232;0;0;56;54;66.0
12717	0
12717	
12256;0;0;56;54;67.0
12741	0
12741	
12283;0;0;56;54;67.0
12766	0
12766	
12308;0;0;56;54;66.0
12803	0
12803	
12337;0;0;56;54;61.0
12822	0
12822	
12361;0;0;56;54;61.0
12846	0
12846	
12385;0;0;56;54;66.0
12870	0
12870	
12409;0;0;56;54;66.0
12894	0
12894	
12437;0;0;56;54;67.0
12919	0
12919	
12461;0;0;56;54;51.0
12943	0
12943	
12485;0;0;56;54;51.0
12967	0
12967	
12509;0;0;56;54;67.0
13001	0
13001	
12534;0;0;56;54;67.0
13024	0
13024	
12559;0;0;56;54;67.0
13044	0
13044	
12584;0;0;56;54;67.0
13067	0
13067	
12608;0;0;56;54;67.0
13092	0
13092	
12634;0;0;56;54;67.0
13116	0
13116	
12658;0;0;56;54;67.0
13141	0
13141	
12682;0;0;56;54;66.0
13165	0
13165	
12706;0;0;56;54;66.0
13191	0
13191	
12730;0;0;56;54;53.0
13223	0
13223	
12755;0;0;56;54;53.0
13243	0
13243	
12782;0;0;56;54;67.0
13266	0
13266	
12808;0;0;56;54;67.0
13292	0
13292	
12834;0;0;56;54;67.0
13318	0
13318	
12858;0;0;56;54;89.0
13341	0
13341	
12882;0;0;56;54;89.0
13365	0
13365	
12906;0;0;56;54;73.0
13391	0
13391	
12931;0;0;56;54;66.0
13420	0
13420	
12956;0;0;56;54;67.0
13443	0
13443	
12984;0;0;56;54;67.0
13466	0
13466	
13008;0;0;56;54;67.0
13490	0
13490	
13032;0;0;56;54;68.0
13517	0
13517	
13056;0;0;56;54;67.0
13541	0
13541	
13080;0;0;56;54;67.0
13565	0
13565	
13104;0;0;56;54;69.0
13589	0
13589	
13129;0;0;56;54;69.0
13614	0
13614	
13156;0;0;56;54;72.0
13650	0
13650	
13180;0;0;56;54;67.0
13666	0
13666	
13204;0;0;56;54;67.0
13687	0
13687	
13228;0;0;56;54;86.0
13710	0
13710	
13252;0;0;56;54;86.0
13738	0
13738	
13276;0;0;56;54;69.0
13761	0
13761	
13300;0;0;56;54;69.0
13785	0
13785	
13324;0;0;56;54;67.0
13809	0
13809	
13351;0;0;56;54;67.0
13834	0
13834	
13376;0;0;56;54;61.0
13870	0
13870	
13407;0;0;56;54;67.0
13892	0
13892	
13431;0;0;56;54;67.0
13916	0
13916	
13458;0;0;56;54;67.0
13941	0
13941	
13483;0;0;56;54;48.0
13965	0
13965	
13507;0;0;56;54;48.0
13990	0
13990	
13532;0;0;56;54;71.0
14017	0
14017	
13556;0;0;56;54;71.0
14041	0
14041	
13580;0;0;56;54;68.0
14071	0
14071	
13604;0;0;56;54;68.0
14093	0
14093	
13632;0;0;56;54;62.0
14115	0
14115	
13657;0;0;56;54;67.0
14139	0
14139	
13681;0;0;56;54;67.0
14163	0
14163	
13705;0;0;56;54;67.0
14190	0
14190	
13729;0;0;56;54;67.0
14214	0
14214	
13753;0;0;56;54;67.0
14238	0
14238	
13777;0;0;56;54;67.0
14262	0
14262	
13804;0;0;56;54;66.0
14298	0
14298	
13839;0;0;56;54;66.0
14322	0
14322	
13863;0;0;56;54;66.0
14348	0
14348	
13889;0;0;56;54;67.0
14373	0
14373	
13913;0;0;56;54;67.0
14397	0
14397	
13938;0;0;56;54;67.0
14421	0
14421	
13963;0;0;56;54;50.0
14446	0
14446	
13987;0;0;56;54;50.0
14471	0
14471	
14011;0;0;56;54;67.0
14504	0
14504	
14035;0;0;56;54;67.0
14525	0
14525	
14061;0;0;56;54;60.0
14545	0
14545	
14085;0;0;56;54;67.0
14568	0
14568	
14109;0;0;56;54;67.0
14593	0
14593	
14134;0;0;56;54;61.0
14619	0
14619	
14159;0;0;56;54;61.0
14642	0
14642	
14183;0;0;56;54;62.0
14666	0
14666	
14207;0;0;56;54;62.0
14692	0
14692	
14233;0;0;56;54;59.0
14728	0
14728	
14265;0;0;56;54;67.0
14749	0
14749	
14289;0;0;56;54;67.0
14772	0
14772	
14313;0;0;56;54;71.0
14797	0
14797	
14337;0;0;56;54;71.0
14820	0
14820	
14362;0;0;56;54;66.0
14847	0
14847	
14388;0;0;56;54;72.0
14871	0
14871	
14412;0;0;56;54;66.0
14896	0
14896	
14437;0;0;56;54;66.0
14938	0
14938	
14462;0;0;56;54;67.0
14951	0
14951	
14487;0;0;56;54;67.0
14970	0
14970	
14511;0;0;56;54;83.0
14995	0
14995	
14536;0;0;56;54;83.0
15021	0
15021	
14562;0;0;56;54;67.0
15045	0
15045	
14586;0;0;56;54;67.0
15069	0
15069	
14610;0;0;56;54;67.0
15096	0
15096	
14635;0;0;56;54;67.0
15120	0
15120	
14660;0;0;56;54;67.0
15154	0
15154	
14691;0;0;56;54;66.0
15174	0
15174	
14715;0;0;56;54;68.0
15199	0
15199	
14739;0;0;56;54;68.0
15222	0
15222	
14764;0;0;56;54;66.0
15249	0
15249	
14789;0;0;56;54;66.0
15272	0
15272	
14813;0;0;56;54;67.0
15297	0
15297	
14838;0;0;56;54;67.0
15324	0
15324	
14865;0;0;56;54;67.0
15353	0
15353	
14889;0;0;56;54;66.0
15376	0
15376	
14915;0;0;56;54;66.0
15398	0
15398	
14939;0;0;56;54;65.0
15421	0
15421	
14963;0;0;56;54;65.0
15446	0
15446	
14987;0;0;56;54;53.0
15470	0
15470	
15011;0;0;56;54;53.0
15496	0
15496	
15035;0;0;56;54;66.0
15520	0
15520	
15060;0;0;56;54;66.0
15545	0
15545	
15087;0;0;56;54;66.0
15580	0
15580	
15117;0;0;56;54;62.0
15601	0
15601	
15141;0;0;56;54;62.0
15624	0
15624	
15165;0;0;56;54;67.0
15650	0
15650	
15190;0;0;56;54;67.0
15675	0
15675	
15216;0;0;56;54;66.0
15701	0
15701	
15242;0;0;56;54;66.0
15724	0
15724	
15266;0;0;56;54;66.0
15751	0
15751	
15290;0;0;56;54;66.0
15780	0
15780	
15314;0;0;56;54;66.0
15803	0
15803	
15339;0;0;56;54;66.0
15825	0
15825	
15365;0;0;56;54;81.0
15850	0
15850	
15392;0;0;56;54;66.0
15874	0
15874	
15416;0;0;56;54;53.0
15898	0
15898	
15440;0;0;56;54;67.0
15922	0
15922	
15464;0;0;56;54;67.0
15949	0
15949	
15488;0;0;56;54;65.0
15973	0
15973	
15512;0;0;56;54;65.0
16007	0
16007	
15547;0;0;56;54;66.0
16030	0
16030	
15572;0;0;56;54;67.0
16054	0
16054	
15596;0;0;56;54;67.0
16080	0
16080	
15620;0;0;56;54;67.0
16104	0
16104	
15644;0;0;56;54;67.0
16129	0
16129	
15668;0;0;56;54;62.0
16153	0
16153	
15693;0;0;56;54;62.0
16178	0
16178	
15720;0;0;56;54;68.0
16215	0
16215	
15744;0;0;56;54;65.0
16234	0
16234	
15769;0;0;56;54;65.0
16251	0
16251	
15793;0;0;56;54;66.0
16275	0
16275	
15817;0;0;56;54;66.0
16303	0
16303	
15841;0;0;56;54;67.0
16326	0
16326	
15865;0;0;56;54;67.0
16350	0
16350	
15889;0;0;56;54;67.0
16374	0
16374	
15916;0;0;56;54;67.0
16399	0
16399	
15941;0;0;56;54;63.0
16433	0
16433	
15970;0;0;56;54;67.0
16455	0
16455	
15994;0;0;56;54;67.0
16479	0
16479	
16018;0;0;56;54;63.0
16503	0
16503	
16045;0;0;56;54;63.0
16528	0
16528	
16070;0;0;56;54;59.0
16553	0
16553	
16095;0;0;56;54;67.0
16577	0
16577	
16119;0;0;56;54;67.0
16605	0
16605	
16143;0;0;56;54;63.0
16635	0
16635	
16167;0;0;56;54;63.0
16656	0
16656	
16192;0;0;56;54;86.0
16677	0
16677	
16217;0;0;56;54;86.0
16702	0
16702	
16244;0;0;56;54;66.0
16726	0
16726	
16268;0;0;56;54;66.0
16750	0
16750	
16292;0;0;56;54;66.0
16774	0
16774	
16316;0;0;56;54;89.0
16802	0
16802	
16341;0;0;56;54;89.0
16830	0
16830	
16365;0;0;56;54;67.0
16853	0
16853	
16393;0;0;56;54;65.0
16876	0
16876	
16418;0;0;56;54;66.0
16900	0
16900	
16442;0;0;56;54;66.0
16928	0
16928	
16466;0;0;56;54;63.0
16951	0
16951	
16490;0;0;56;54;63.0
16975	0
16975	
16514;0;0;56;54;67.0
16999	0
16999	
16538;0;0;56;54;67.0
17023	0
17023	
16565;0;0;56;54;67.0
17060	0
17060	
16594;0;0;56;54;51.0
17077	0
17077	
16619;0;0;56;54;51.0
17104	0
17104	
16643;0;0;56;54;67.0
17128	0
17128	
16667;0;0;56;54;67.0
17152	0
17152	
16691;0;0;56;54;49.0
17176	0
17176	
16718;0;0;56;54;49.0
17203	0
17203	
16744;0;0;56;54;53.0
17226	0
17226	
16768;0;0;56;54;66.0
17262	0
17262	
16792;0;0;56;54;66.0
17280	0
17280	
16817;0;0;56;54;53.0
17302	0
17302	
16841;0;0;56;54;53.0
17326	0
17326	
16865;0;0;56;54;53.0
17350	0
17350	
16890;0;0;56;54;53.0
17375	0
