milliseconds	Werte
463	0
463	
6;0;0;56;54;0.0
488	0
488	
30;0;0;56;54;68.0
514	0
514	
54;0;0;56;54;68.0
539	0
539	
78;0;0;56;54;66.0
563	0
563	
102;0;0;56;54;66.0
587	0
587	
129;0;0;56;54;71.0
612	0
612	
154;0;0;56;54;71.0
648	0
648	
183;0;0;56;54;71.0
668	0
668	
207;0;0;56;54;73.0
692	0
692	
231;0;0;56;54;68.0
716	0
716	
256;0;0;56;54;68.0
741	0
741	
283;0;0;56;54;73.0
765	0
765	
307;0;0;56;54;59.0
789	0
789	
331;0;0;56;54;59.0
813	0
813	
355;0;0;56;54;86.0
849	0
849	
379;0;0;56;54;86.0
869	0
869	
404;0;0;56;54;68.0
889	0
889	
429;0;0;56;54;68.0
914	0
914	
456;0;0;56;54;72.0
940	0
940	
482;0;0;56;54;67.0
964	0
964	
506;0;0;56;54;68.0
988	0
988	
530;0;0;56;54;69.0
1015	0
1015	
554;0;0;56;54;62.0
1039	0
1039	
578;0;0;56;54;62.0
1070	0
1070	
602;0;0;56;54;68.0
1090	0
1090	
630;0;0;56;54;67.0
1112	0
1112	
654;0;0;56;54;67.0
1136	0
1136	
678;0;0;56;54;68.0
1160	0
1160	
702;0;0;56;54;68.0
1187	0
1187	
726;0;0;56;54;46.0
1211	0
1211	
750;0;0;56;54;46.0
1235	0
1235	
774;0;0;56;54;63.0
1259	0
1259	
801;0;0;56;54;63.0
1291	0
1291	
827;0;0;56;54;67.0
1314	0
1314	
851;0;0;56;54;68.0
1333	0
1333	
875;0;0;56;54;72.0
1357	0
1357	
899;0;0;56;54;89.0
1382	0
1382	
923;0;0;56;54;89.0
1408	0
1408	
947;0;0;56;54;68.0
1432	0
1432	
971;0;0;56;54;68.0
1456	0
1456	
997;0;0;56;54;68.0
1481	0
1481	
1023;0;0;56;54;66.0
1517	0
1517	
1047;0;0;56;54;62.0
1535	0
1535	
1072;0;0;56;54;62.0
1557	0
1557	
1098;0;0;56;54;68.0
1583	0
1583	
1122;0;0;56;54;68.0
1607	0
1607	
1146;0;0;56;54;67.0
1631	0
1631	
1171;0;0;56;54;67.0
1657	0
1657	
1199;0;0;56;54;68.0
1681	0
1681	
1223;0;0;56;54;51.0
1705	0
1705	
1247;0;0;56;54;51.0
1741	0
1741	
1271;0;0;56;54;66.0
1761	0
1761	
1296;0;0;56;54;66.0
1781	0
1781	
1320;0;0;56;54;72.0
1805	0
1805	
1344;0;0;56;54;72.0
1829	0
1829	
1370;0;0;56;54;68.0
1854	0
1854	
1396;0;0;56;54;73.0
1878	0
1878	
1420;0;0;56;54;73.0
1902	0
1902	
1444;0;0;56;54;67.0
1927	0
1927	
1468;0;0;56;54;67.0
1963	0
1963	
1500;0;0;56;54;59.0
1985	0
1985	
1527;0;0;56;54;62.0
2009	0
2009	
1551;0;0;56;54;62.0
2033	0
2033	
1575;0;0;56;54;68.0
2059	0
2059	
1600;0;0;56;54;68.0
2085	0
2085	
1624;0;0;56;54;72.0
2109	0
2109	
1648;0;0;56;54;72.0
2133	0
2133	
1674;0;0;56;54;86.0
2163	0
2163	
1700;0;0;56;54;73.0
2189	0
2189	
1725;0;0;56;54;73.0
2207	0
2207	
1749;0;0;56;54;67.0
2232	0
2232	
1773;0;0;56;54;67.0
2259	0
2259	
1799;0;0;56;54;68.0
2284	0
2284	
1824;0;0;56;54;68.0
2309	0
2309	
1851;0;0;56;54;67.0
2333	0
2333	
1875;0;0;56;54;67.0
2357	0
2357	
1900;0;0;56;54;67.0
2394	0
2394	
1924;0;0;56;54;63.0
2413	0
2413	
1948;0;0;56;54;63.0
2433	0
2433	
1972;0;0;56;54;67.0
2457	0
2457	
1996;0;0;56;54;67.0
2481	0
2481	
2022;0;0;56;54;67.0
2506	0
2506	
2048;0;0;56;54;68.0
2530	0
2530	
2072;0;0;56;54;68.0
2554	0
2554	
2096;0;0;56;54;67.0
2578	0
2578	
2120;0;0;56;54;67.0
2612	0
2612	
2144;0;0;56;54;68.0
2634	0
2634	
2169;0;0;56;54;68.0
2654	0
2654	
2195;0;0;56;54;68.0
2679	0
2679	
2221;0;0;56;54;73.0
2703	0
2703	
2245;0;0;56;54;73.0
2727	0
2727	
2269;0;0;56;54;68.0
2755	0
2755	
2294;0;0;56;54;68.0
2779	0
2779	
2318;0;0;56;54;67.0
2803	0
2803	
2343;0;0;56;54;67.0
2837	0
2837	
2374;0;0;56;54;68.0
2856	0
2856	
2398;0;0;56;54;68.0
2880	0
2880	
2422;0;0;56;54;68.0
2907	0
2907	
2446;0;0;56;54;67.0
2931	0
2931	
2470;0;0;56;54;67.0
2955	0
2955	
2494;0;0;56;54;53.0
2979	0
2979	
2521;0;0;56;54;53.0
3005	0
3005	
2546;0;0;56;54;72.0
3039	0
3039	
2570;0;0;56;54;53.0
3058	0
3058	
2594;0;0;56;54;53.0
3076	0
3076	
2618;0;0;56;54;66.0
3101	0
3101	
2642;0;0;56;54;66.0
3127	0
3127	
2666;0;0;56;54;67.0
3151	0
3151	
2690;0;0;56;54;67.0
3175	0
3175	
2716;0;0;56;54;68.0
3200	0
3200	
2742;0;0;56;54;68.0
3224	0
3224	
2766;0;0;56;54;68.0
3260	0
3260	
2790;0;0;56;54;68.0
3279	0
3279	
2815;0;0;56;54;68.0
3298	0
3298	
2839;0;0;56;54;71.0
3324	0
3324	
2863;0;0;56;54;73.0
3348	0
3348	
2888;0;0;56;54;67.0
3373	0
3373	
2915;0;0;56;54;68.0
3397	0
3397	
2939;0;0;56;54;67.0
3421	0
3421	
2963;0;0;56;54;67.0
3445	0
3445	
2987;0;0;56;54;68.0
3481	0
3481	
3012;0;0;56;54;68.0
3500	0
3500	
3036;0;0;56;54;72.0
3521	0
3521	
3060;0;0;56;54;72.0
3545	0
3545	
3086;0;0;56;54;66.0
3570	0
3570	
3112;0;0;56;54;53.0
3594	0
3594	
3136;0;0;56;54;53.0
3618	0
3618	
3160;0;0;56;54;67.0
3643	0
3643	
3184;0;0;56;54;67.0
3669	0
3669	
3209;0;0;56;54;68.0
3702	0
3702	
3234;0;0;56;54;68.0
3722	0
3722	
3261;0;0;56;54;68.0
3743	0
3743	
3285;0;0;56;54;62.0
3767	0
3767	
3310;0;0;56;54;62.0
3792	0
3792	
3334;0;0;56;54;72.0
3819	0
3819	
3358;0;0;56;54;72.0
3843	0
3843	
3382;0;0;56;54;67.0
3867	0
3867	
3406;0;0;56;54;67.0
3891	0
3891	
3433;0;0;56;54;67.0
3928	0
3928	
3465;0;0;56;54;63.0
3950	0
3950	
3489;0;0;56;54;63.0
3974	0
3974	
3513;0;0;56;54;72.0
3998	0
3998	
3540;0;0;56;54;72.0
4023	0
4023	
3565;0;0;56;54;83.0
4047	0
4047	
3589;0;0;56;54;66.0
4071	0
4071	
3613;0;0;56;54;66.0
4098	0
4098	
3637;0;0;56;54;73.0
4126	0
4126	
3661;0;0;56;54;73.0
4150	0
4150	
3690;0;0;56;54;67.0
4174	0
4174	
3715;0;0;56;54;73.0
4197	0
4197	
3739;0;0;56;54;73.0
4221	0
4221	
3763;0;0;56;54;72.0
4246	0
4246	
3787;0;0;56;54;72.0
4272	0
4272	
3812;0;0;56;54;67.0
4297	0
4297	
3837;0;0;56;54;67.0
4322	0
4322	
3864;0;0;56;54;52.0
4358	0
4358	
3888;0;0;56;54;67.0
4374	0
4374	
3914;0;0;56;54;67.0
4396	0
4396	
3938;0;0;56;54;67.0
4421	0
4421	
3962;0;0;56;54;67.0
4448	0
4448	
3987;0;0;56;54;67.0
4472	0
4472	
4013;0;0;56;54;67.0
4497	0
4497	
4039;0;0;56;54;66.0
4521	0
4521	
4063;0;0;56;54;68.0
4545	0
4545	
4087;0;0;56;54;68.0
4582	0
4582	
4116;0;0;56;54;67.0
4601	0
4601	
4140;0;0;56;54;67.0
4625	0
4625	
4166;0;0;56;54;68.0
4650	0
4650	
4192;0;0;56;54;68.0
4674	0
4674	
4216;0;0;56;54;68.0
4698	0
4698	
4240;0;0;56;54;62.0
4722	0
4722	
4264;0;0;56;54;62.0
4747	0
4747	
4288;0;0;56;54;67.0
4773	0
4773	
4313;0;0;56;54;67.0
4805	0
4805	
4346;0;0;56;54;53.0
4829	0
4829	
4371;0;0;56;54;68.0
4853	0
4853	
4395;0;0;56;54;68.0
4877	0
4877	
4419;0;0;56;54;74.0
4902	0
4902	
4443;0;0;56;54;72.0
4929	0
4929	
4468;0;0;56;54;66.0
4953	0
4953	
4494;0;0;56;54;68.0
4978	0
4978	
4520;0;0;56;54;67.0
5005	0
5005	
4544;0;0;56;54;67.0
5032	0
5032	
4569;0;0;56;54;73.0
5053	0
5053	
4594;0;0;56;54;72.0
5079	0
5079	
4618;0;0;56;54;73.0
5103	0
5103	
4642;0;0;56;54;73.0
5127	0
5127	
4667;0;0;56;54;55.0
5152	0
5152	
4694;0;0;56;54;68.0
5177	0
5177	
4719;0;0;56;54;67.0
5201	0
5201	
4743;0;0;56;54;67.0
5237	0
5237	
4767;0;0;56;54;73.0
5257	0
5257	
4791;0;0;56;54;73.0
5276	0
5276	
4816;0;0;56;54;58.0
5301	0
5301	
4841;0;0;56;54;58.0
5326	0
5326	
4868;0;0;56;54;77.0
5351	0
5351	
4892;0;0;56;54;71.0
5374	0
5374	
4917;0;0;56;54;71.0
5403	0
5403	
4942;0;0;56;54;67.0
5427	0
5427	
4966;0;0;56;54;67.0
5460	0
5460	
4999;0;0;56;54;77.0
5482	0
5482	
5024;0;0;56;54;68.0
5506	0
5506	
5048;0;0;56;54;68.0
5530	0
5530	
5072;0;0;56;54;62.0
5555	0
5555	
5096;0;0;56;54;62.0
5579	0
5579	
5120;0;0;56;54;45.0
5605	0
5605	
5144;0;0;56;54;45.0
5629	0
5629	
5169;0;0;56;54;72.0
5658	0
5658	
5196;0;0;56;54;68.0
5682	0
5682	
5223;0;0;56;54;58.0
5705	0
5705	
5247;0;0;56;54;68.0
5729	0
5729	
5271;0;0;56;54;67.0
5753	0
5753	
5295;0;0;56;54;59.0
5780	0
5780	
5320;0;0;56;54;77.0
5805	0
5805	
5344;0;0;56;54;71.0
5829	0
5829	
5371;0;0;56;54;71.0
5854	0
5854	
5396;0;0;56;54;83.0
5890	0
5890	
5420;0;0;56;54;67.0
5908	0
5908	
5444;0;0;56;54;67.0
5926	0
5926	
5468;0;0;56;54;68.0
5951	0
5951	
5492;0;0;56;54;68.0
5977	0
5977	
5517;0;0;56;54;69.0
6002	0
6002	
5542;0;0;56;54;69.0
6027	0
6027	
5569;0;0;56;54;86.0
6051	0
6051	
5593;0;0;56;54;68.0
6075	0
6075	
5618;0;0;56;54;68.0
6113	0
6113	
5647;0;0;56;54;72.0
6132	0
6132	
5671;0;0;56;54;72.0
6156	0
6156	
5697;0;0;56;54;67.0
6182	0
6182	
5723;0;0;56;54;68.0
6205	0
6205	
5747;0;0;56;54;68.0
6230	0
6230	
5772;0;0;56;54;62.0
6255	0
6255	
5796;0;0;56;54;62.0
6281	0
6281	
5821;0;0;56;54;63.0
6306	0
6306	
5846;0;0;56;54;63.0
6340	0
6340	
5880;0;0;56;54;53.0
6362	0
6362	
5904;0;0;56;54;68.0
6386	0
6386	
5928;0;0;56;54;67.0
6410	0
6410	
5952;0;0;56;54;67.0
6435	0
6435	
5976;0;0;56;54;72.0
6461	0
6461	
6000;0;0;56;54;72.0
6485	0
6485	
6024;0;0;56;54;67.0
6509	0
6509	
6049;0;0;56;54;67.0
6541	0
6541	
6076;0;0;56;54;67.0
6563	0
6563	
6100;0;0;56;54;67.0
6582	0
6582	
6124;0;0;56;54;67.0
6606	0
6606	
6148;0;0;56;54;67.0
6630	0
6630	
6172;0;0;56;54;67.0
6655	0
6655	
6196;0;0;56;54;73.0
6681	0
6681	
6221;0;0;56;54;73.0
6706	0
6706	
6247;0;0;56;54;86.0
6731	0
6731	
6273;0;0;56;54;71.0
6761	0
6761	
6303;0;0;56;54;71.0
6786	0
6786	
6327;0;0;56;54;66.0
6810	0
6810	
6351;0;0;56;54;66.0
6836	0
6836	
6375;0;0;56;54;68.0
6860	0
6860	
6400;0;0;56;54;68.0
6885	0
6885	
6427;0;0;56;54;57.0
6909	0
6909	
6451;0;0;56;54;83.0
6933	0
6933	
6475;0;0;56;54;83.0
6967	0
6967	
6499;0;0;56;54;61.0
6988	0
6988	
6525;0;0;56;54;61.0
7010	0
7010	
6551;0;0;56;54;67.0
7035	0
7035	
6575;0;0;56;54;73.0
7059	0
7059	
6601;0;0;56;54;73.0
7083	0
7083	
6625;0;0;56;54;72.0
7108	0
7108	
6649;0;0;56;54;72.0
7132	0
7132	
6673;0;0;56;54;68.0
7158	0
7158	
6697;0;0;56;54;68.0
7193	0
7193	
6735;0;0;56;54;59.0
7217	0
7217	
6759;0;0;56;54;68.0
7242	0
7242	
6783;0;0;56;54;68.0
7266	0
7266	
6807;0;0;56;54;67.0
7292	0
7292	
6831;0;0;56;54;67.0
7316	0
7316	
6857;0;0;56;54;68.0
7341	0
7341	
6883;0;0;56;54;66.0
7366	0
7366	
6907;0;0;56;54;66.0
7394	0
7394	
6931;0;0;56;54;66.0
7420	0
7420	
6957;0;0;56;54;66.0
7442	0
7442	
6981;0;0;56;54;53.0
7466	0
7466	
7006;0;0;56;54;53.0
7491	0
7491	
7033;0;0;56;54;72.0
7515	0
7515	
7057;0;0;56;54;72.0
7539	0
7539	
7081;0;0;56;54;72.0
7563	0
7563	
7105;0;0;56;54;73.0
7588	0
7588	
7129;0;0;56;54;73.0
7623	0
7623	
7153;0;0;56;54;62.0
7642	0
7642	
7177;0;0;56;54;62.0
7662	0
7662	
7201;0;0;56;54;68.0
7686	0
7686	
7227;0;0;56;54;72.0
7711	0
7711	
7253;0;0;56;54;73.0
7735	0
7735	
7277;0;0;56;54;73.0
7759	0
7759	
7301;0;0;56;54;67.0
7786	0
7786	
7326;0;0;56;54;67.0
7815	0
7815	
7350;0;0;56;54;68.0
7839	0
7839	
7379;0;0;56;54;67.0
7861	0
7861	
7403;0;0;56;54;67.0
7885	0
7885	
7428;0;0;56;54;66.0
7910	0
7910	
7452;0;0;56;54;66.0
7937	0
7937	
7476;0;0;56;54;66.0
7961	0
7961	
7500;0;0;56;54;66.0
7985	0
7985	
7525;0;0;56;54;68.0
8010	0
8010	
7552;0;0;56;54;68.0
8046	0
8046	
7576;0;0;56;54;68.0
8062	0
8062	
7600;0;0;56;54;67.0
8082	0
8082	
7625;0;0;56;54;67.0
8107	0
8107	
7649;0;0;56;54;71.0
8134	0
8134	
7673;0;0;56;54;71.0
8158	0
8158	
7697;0;0;56;54;66.0
8182	0
8182	
7721;0;0;56;54;66.0
8206	0
8206	
7748;0;0;56;54;67.0
8231	0
8231	
7773;0;0;56;54;68.0
8266	0
8266	
7803;0;0;56;54;68.0
8288	0
8288	
7828;0;0;56;54;67.0
8313	0
8313	
7855;0;0;56;54;67.0
8338	0
8338	
7880;0;0;56;54;68.0
8362	0
8362	
7904;0;0;56;54;72.0
8389	0
8389	
7930;0;0;56;54;72.0
8415	0
8415	
7954;0;0;56;54;71.0
8439	0
8439	
7978;0;0;56;54;71.0
8468	0
8468	
8004;0;0;56;54;68.0
8491	0
8491	
8031;0;0;56;54;72.0
8514	0
8514	
8056;0;0;56;54;72.0
8540	0
8540	
8080;0;0;56;54;72.0
8563	0
8563	
8104;0;0;56;54;72.0
8589	0
8589	
8129;0;0;56;54;67.0
8614	0
8614	
8154;0;0;56;54;67.0
8639	0
8639	
8181;0;0;56;54;67.0
8663	0
8663	
8205;0;0;56;54;71.0
8700	0
8700	
8234;0;0;56;54;71.0
8719	0
8719	
8258;0;0;56;54;67.0
8743	0
8743	
8282;0;0;56;54;67.0
8767	0
8767	
8308;0;0;56;54;69.0
8792	0
8792	
8334;0;0;56;54;73.0
8816	0
8816	
8358;0;0;56;54;73.0
8840	0
8840	
8382;0;0;56;54;53.0
8865	0
8865	
8406;0;0;56;54;53.0
8898	0
8898	
8431;0;0;56;54;67.0
8920	0
8920	
8457;0;0;56;54;67.0
8941	0
8941	
8483;0;0;56;54;73.0
8965	0
8965	
8507;0;0;56;54;67.0
8989	0
8989	
8532;0;0;56;54;67.0
9015	0
9015	
8556;0;0;56;54;68.0
9039	0
9039	
8580;0;0;56;54;68.0
9065	0
9065	
8604;0;0;56;54;67.0
9092	0
9092	
8630;0;0;56;54;67.0
9117	0
9117	
8658;0;0;56;54;66.0
9140	0
9140	
8682;0;0;56;54;73.0
9164	0
9164	
8706;0;0;56;54;73.0
9191	0
9191	
8731;0;0;56;54;68.0
9216	0
9216	
8755;0;0;56;54;68.0
9240	0
9240	
8781;0;0;56;54;68.0
9265	0
9265	
8807;0;0;56;54;86.0
9289	0
9289	
8832;0;0;56;54;86.0
9327	0
9327	
8857;0;0;56;54;67.0
9346	0
9346	
8881;0;0;56;54;67.0
9367	0
9367	
8905;0;0;56;54;55.0
9390	0
9390	
8930;0;0;56;54;55.0
9415	0
9415	
8957;0;0;56;54;62.0
9439	0
9439	
8981;0;0;56;54;76.0
9463	0
9463	
9005;0;0;56;54;76.0
9487	0
9487	
9029;0;0;56;54;68.0
9514	0
9514	
9053;0;0;56;54;68.0
9545	0
9545	
9078;0;0;56;54;58.0
9568	0
9568	
9106;0;0;56;54;65.0
9588	0
9588	
9130;0;0;56;54;68.0
9612	0
9612	
9154;0;0;56;54;73.0
9636	0
9636	
9178;0;0;56;54;73.0
9661	0
9661	
9202;0;0;56;54;67.0
9687	0
9687	
9226;0;0;56;54;67.0
9711	0
9711	
9250;0;0;56;54;67.0
9735	0
9735	
9275;0;0;56;54;65.0
9764	0
9764	
9302;0;0;56;54;67.0
9788	0
9788	
9327;0;0;56;54;71.0
9810	0
9810	
9352;0;0;56;54;72.0
9834	0
9834	
9376;0;0;56;54;67.0
9859	0
9859	
9400;0;0;56;54;66.0
9885	0
9885	
9424;0;0;56;54;66.0
9909	0
9909	
9448;0;0;56;54;84.0
9934	0
9934	
9476;0;0;56;54;68.0
9958	0
9958	
9500;0;0;56;54;68.0
10000	0
10000	
9524;0;0;56;54;71.0
10012	0
10012	
9548;0;0;56;54;71.0
10030	0
10030	
9572;0;0;56;54;68.0
10055	0
10055	
9596;0;0;56;54;68.0
10081	0
10081	
9620;0;0;56;54;68.0
10105	0
10105	
9644;0;0;56;54;68.0
10129	0
10129	
9670;0;0;56;54;69.0
10154	0
10154	
9696;0;0;56;54;69.0
10178	0
10178	
9720;0;0;56;54;69.0
10214	0
10214	
9744;0;0;56;54;67.0
10233	0
10233	
9768;0;0;56;54;67.0
10251	0
10251	
9792;0;0;56;54;67.0
10277	0
10277	
9816;0;0;56;54;67.0
10301	0
10301	
9841;0;0;56;54;73.0
10326	0
10326	
9868;0;0;56;54;73.0
10350	0
10350	
9892;0;0;56;54;73.0
10374	0
10374	
9916;0;0;56;54;55.0
10400	0
10400	
9941;0;0;56;54;55.0
10432	0
10432	
9965;0;0;56;54;68.0
10455	0
10455	
9990;0;0;56;54;53.0
10475	0
10475	
10016;0;0;56;54;66.0
10500	0
10500	
10042;0;0;56;54;68.0
10525	0
10525	
10066;0;0;56;54;68.0
10548	0
10548	
10090;0;0;56;54;51.0
10573	0
10573	
10114;0;0;56;54;51.0
10599	0
10599	
10139;0;0;56;54;69.0
10624	0
10624	
10164;0;0;56;54;69.0
10656	0
10656	
10191;0;0;56;54;67.0
10677	0
10677	
10216;0;0;56;54;68.0
10699	0
10699	
10242;0;0;56;54;68.0
10724	0
10724	
10266;0;0;56;54;65.0
10751	0
10751	
10290;0;0;56;54;65.0
10775	0
10775	
10314;0;0;56;54;68.0
10799	0
10799	
10338;0;0;56;54;68.0
10823	0
10823	
10365;0;0;56;54;69.0
10848	0
10848	
10390;0;0;56;54;54.0
10884	0
10884	
10421;0;0;56;54;54.0
10906	0
10906	
10445;0;0;56;54;67.0
10930	0
10930	
10472;0;0;56;54;67.0
10955	0
10955	
10497;0;0;56;54;54.0
10979	0
10979	
10521;0;0;56;54;59.0
11003	0
11003	
10545;0;0;56;54;59.0
11027	0
11027	
10569;0;0;56;54;67.0
11054	0
11054	
10593;0;0;56;54;67.0
11083	0
11083	
10617;0;0;56;54;54.0
11106	0
11106	
10647;0;0;56;54;72.0
11129	0
11129	
10671;0;0;56;54;58.0
11153	0
11153	
10695;0;0;56;54;58.0
11177	0
11177	
10719;0;0;56;54;68.0
11204	0
11204	
10744;0;0;56;54;68.0
11229	0
11229	
10768;0;0;56;54;58.0
11253	0
11253	
10793;0;0;56;54;58.0
11278	0
11278	
10820;0;0;56;54;59.0
11315	0
11315	
10845;0;0;56;54;71.0
11331	0
11331	
10869;0;0;56;54;71.0
11351	0
11351	
10893;0;0;56;54;67.0
11375	0
11375	
10917;0;0;56;54;67.0
11402	0
11402	
10941;0;0;56;54;55.0
11426	0
11426	
10965;0;0;56;54;55.0
11450	0
11450	
10989;0;0;56;54;53.0
11474	0
11474	
11016;0;0;56;54;53.0
11500	0
11500	
11041;0;0;56;54;84.0
11535	0
11535	
11072;0;0;56;54;55.0
11557	0
11557	
11096;0;0;56;54;55.0
11581	0
11581	
11123;0;0;56;54;66.0
11606	0
11606	
11148;0;0;56;54;68.0
11630	0
11630	
11172;0;0;56;54;68.0
11655	0
11655	
11197;0;0;56;54;68.0
11682	0
11682	
11221;0;0;56;54;68.0
11707	0
11707	
11246;0;0;56;54;68.0
11731	0
11731	
11273;0;0;56;54;68.0
11759	0
11759	
11301;0;0;56;54;78.0
11783	0
11783	
11325;0;0;56;54;73.0
11808	0
11808	
11350;0;0;56;54;73.0
11835	0
11835	
11374;0;0;56;54;68.0
11859	0
11859	
11398;0;0;56;54;68.0
11883	0
11883	
11422;0;0;56;54;66.0
11907	0
11907	
11449;0;0;56;54;66.0
11932	0
11932	
11474;0;0;56;54;73.0
11968	0
11968	
11498;0;0;56;54;67.0
11986	0
11986	
11523;0;0;56;54;67.0
12008	0
12008	
11549;0;0;56;54;63.0
12034	0
12034	
11573;0;0;56;54;63.0
12058	0
12058	
11597;0;0;56;54;67.0
12082	0
12082	
11622;0;0;56;54;67.0
12107	0
12107	
11650;0;0;56;54;67.0
12132	0
12132	
11674;0;0;56;54;73.0
12167	0
12167	
11698;0;0;56;54;73.0
12187	0
12187	
11722;0;0;56;54;92.0
12207	0
12207	
11746;0;0;56;54;92.0
12231	0
12231	
11770;0;0;56;54;60.0
12255	0
12255	
11794;0;0;56;54;60.0
12279	0
12279	
11820;0;0;56;54;72.0
12304	0
12304	
11846;0;0;56;54;68.0
12328	0
12328	
11870;0;0;56;54;89.0
12352	0
12352	
11894;0;0;56;54;89.0
12388	0
12388	
11918;0;0;56;54;68.0
12407	0
12407	
11943;0;0;56;54;68.0
12428	0
12428	
11969;0;0;56;54;67.0
12453	0
12453	
11995;0;0;56;54;67.0
12477	0
12477	
12019;0;0;56;54;67.0
12503	0
12503	
12043;0;0;56;54;68.0
12529	0
12529	
12067;0;0;56;54;68.0
12552	0
12552	
12091;0;0;56;54;68.0
12576	0
12576	
12115;0;0;56;54;68.0
12610	0
12610	
12152;0;0;56;54;67.0
12634	0
12634	
12176;0;0;56;54;72.0
12659	0
12659	
12200;0;0;56;54;72.0
12683	0
12683	
12224;0;0;56;54;77.0
12709	0
12709	
12248;0;0;56;54;77.0
12733	0
12733	
12273;0;0;56;54;57.0
12758	0
12758	
12300;0;0;56;54;86.0
12782	0
12782	
12324;0;0;56;54;92.0
12823	0
12823	
12348;0;0;56;54;92.0
12836	0
12836	
12372;0;0;56;54;69.0
12854	0
12854	
12396;0;0;56;54;69.0
12879	0
12879	
12420;0;0;56;54;81.0
12905	0
12905	
12444;0;0;56;54;69.0
12929	0
12929	
12468;0;0;56;54;69.0
12953	0
12953	
12494;0;0;56;54;102.0
12978	0
12978	
12520;0;0;56;54;84.0
13002	0
13002	
12544;0;0;56;54;84.0
13038	0
13038	
12575;0;0;56;54;68.0
13060	0
13060	
12599;0;0;56;54;68.0
13084	0
13084	
12626;0;0;56;54;90.0
13109	0
13109	
12651;0;0;56;54;72.0
13133	0
13133	
12675;0;0;56;54;77.0
13157	0
13157	
12699;0;0;56;54;77.0
13182	0
13182	
12723;0;0;56;54;68.0
13208	0
13208	
12747;0;0;56;54;68.0
13240	0
13240	
12771;0;0;56;54;73.0
13261	0
13261	
12796;0;0;56;54;73.0
13281	0
13281	
12822;0;0;56;54;84.0
13305	0
13305	
12847;0;0;56;54;89.0
13331	0
13331	
12873;0;0;56;54;89.0
13356	0
13356	
12897;0;0;56;54;67.0
13380	0
13380	
12921;0;0;56;54;67.0
13404	0
13404	
12945;0;0;56;54;89.0
13430	0
13430	
12970;0;0;56;54;89.0
13464	0
13464	
13006;0;0;56;54;67.0
13489	0
13489	
13030;0;0;56;54;84.0
13514	0
13514	
13054;0;0;56;54;84.0
13537	0
13537	
13078;0;0;56;54;67.0
13563	0
13563	
13103;0;0;56;54;67.0
13588	0
13588	
13129;0;0;56;54;54.0
13613	0
13613	
13154;0;0;56;54;69.0
13637	0
13637	
13179;0;0;56;54;69.0
13666	0
13666	
13203;0;0;56;54;77.0
13692	0
13692	
13229;0;0;56;54;77.0
13715	0
13715	
13255;0;0;56;54;84.0
13739	0
13739	
13279;0;0;56;54;77.0
13762	0
13762	
13303;0;0;56;54;77.0
13786	0
13786	
13328;0;0;56;54;67.0
13813	0
13813	
13353;0;0;56;54;67.0
13838	0
13838	
13378;0;0;56;54;68.0
13861	0
13861	
13403;0;0;56;54;68.0
13897	0
13897	
13433;0;0;56;54;72.0
13917	0
13917	
13459;0;0;56;54;68.0
13941	0
13941	
13483;0;0;56;54;68.0
13966	0
13966	
13507;0;0;56;54;67.0
13990	0
13990	
13531;0;0;56;54;67.0
14016	0
14016	
13555;0;0;56;54;73.0
14040	0
14040	
13580;0;0;56;54;73.0
14065	0
14065	
13607;0;0;56;54;66.0
14101	0
14101	
13631;0;0;56;54;84.0
14120	0
14120	
13656;0;0;56;54;84.0
14138	0
14138	
13680;0;0;56;54;68.0
14163	0
14163	
13704;0;0;56;54;68.0
14189	0
14189	
13728;0;0;56;54;63.0
14213	0
14213	
13752;0;0;56;54;63.0
14237	0
14237	
13778;0;0;56;54;67.0
14262	0
14262	
13804;0;0;56;54;67.0
14286	0
14286	
13828;0;0;56;54;67.0
14323	0
14323	
13856;0;0;56;54;67.0
14342	0
14342	
13880;0;0;56;54;67.0
14365	0
14365	
13906;0;0;56;54;73.0
14390	0
14390	
13932;0;0;56;54;67.0
14414	0
14414	
13956;0;0;56;54;67.0
14438	0
14438	
13980;0;0;56;54;76.0
14463	0
14463	
14004;0;0;56;54;76.0
14489	0
14489	
14028;0;0;56;54;68.0
14518	0
14518	
14052;0;0;56;54;68.0
14542	0
14542	
14081;0;0;56;54;72.0
14563	0
14563	
14105;0;0;56;54;67.0
14587	0
14587	
14129;0;0;56;54;67.0
14611	0
14611	
14153;0;0;56;54;68.0
14638	0
14638	
14177;0;0;56;54;68.0
14662	0
14662	
14201;0;0;56;54;67.0
14686	0
14686	
14225;0;0;56;54;67.0
14710	0
14710	
14252;0;0;56;54;67.0
14747	0
14747	
14281;0;0;56;54;68.0
14763	0
14763	
14305;0;0;56;54;68.0
14790	0
14790	
14329;0;0;56;54;72.0
14814	0
14814	
14353;0;0;56;54;72.0
14838	0
14838	
14377;0;0;56;54;68.0
14862	0
14862	
14404;0;0;56;54;78.0
14888	0
14888	
14429;0;0;56;54;67.0
14911	0
14911	
14453;0;0;56;54;67.0
14947	0
14947	
14477;0;0;56;54;68.0
14966	0
14966	
14502;0;0;56;54;68.0
14985	0
14985	
14526;0;0;56;54;57.0
15011	0
15011	
14550;0;0;56;54;57.0
15035	0
15035	
14574;0;0;56;54;73.0
15059	0
15059	
14599;0;0;56;54;73.0
15084	0
15084	
14626;0;0;56;54;63.0
15108	0
15108	
14650;0;0;56;54;68.0
15132	0
15132	
14674;0;0;56;54;68.0
15168	0
15168	
14702;0;0;56;54;73.0
15188	0
15188	
14728;0;0;56;54;73.0
15213	0
15213	
14755;0;0;56;54;63.0
15237	0
15237	
14779;0;0;56;54;67.0
15261	0
15261	
14803;0;0;56;54;67.0
15285	0
15285	
14827;0;0;56;54;68.0
15312	0
15312	
14851;0;0;56;54;68.0
15336	0
15336	
14875;0;0;56;54;68.0
15364	0
15364	
14899;0;0;56;54;68.0
15388	0
15388	
14928;0;0;56;54;89.0
15410	0
15410	
14952;0;0;56;54;73.0
15434	0
15434	
14976;0;0;56;54;73.0
15458	0
15458	
15000;0;0;56;54;89.0
15483	0
15483	
15024;0;0;56;54;89.0
15509	0
15509	
15048;0;0;56;54;68.0
15533	0
15533	
15072;0;0;56;54;68.0
15557	0
15557	
15098;0;0;56;54;68.0
15594	0
15594	
15128;0;0;56;54;67.0
15610	0
15610	
15152;0;0;56;54;67.0
15635	0
15635	
15176;0;0;56;54;53.0
15661	0
15661	
15200;0;0;56;54;53.0
15685	0
15685	
15224;0;0;56;54;73.0
15710	0
15710	
15249;0;0;56;54;73.0
15734	0
15734	
15276;0;0;56;54;72.0
15758	0
15758	
15300;0;0;56;54;67.0
15794	0
15794	
15324;0;0;56;54;67.0
15813	0
15813	
15349;0;0;56;54;68.0
15832	0
15832	
15373;0;0;56;54;68.0
15858	0
15858	
15397;0;0;56;54;68.0
15882	0
15882	
15421;0;0;56;54;68.0
15906	0
15906	
15447;0;0;56;54;71.0
15931	0
15931	
15473;0;0;56;54;86.0
15955	0
15955	
15497;0;0;56;54;86.0
15979	0
15979	
15521;0;0;56;54;68.0
16015	0
16015	
15549;0;0;56;54;68.0
16034	0
16034	
15575;0;0;56;54;77.0
16059	0
16059	
15601;0;0;56;54;62.0
16083	0
16083	
15625;0;0;56;54;62.0
16107	0
16107	
15649;0;0;56;54;71.0
16134	0
16134	
15674;0;0;56;54;71.0
16159	0
16159	
15698;0;0;56;54;67.0
16183	0
16183	
15723;0;0;56;54;67.0
16213	0
16213	
15750;0;0;56;54;86.0
16236	0
16236	
15776;0;0;56;54;62.0
16259	0
16259	
15801;0;0;56;54;62.0
16283	0
16283	
15825;0;0;56;54;68.0
16310	0
16310	
15849;0;0;56;54;68.0
16334	0
16334	
15874;0;0;56;54;59.0
16359	0
16359	
15901;0;0;56;54;73.0
16384	0
16384	
15926;0;0;56;54;68.0
16408	0
16408	
15950;0;0;56;54;68.0
16444	0
16444	
15979;0;0;56;54;67.0
16464	0
16464	
16003;0;0;56;54;67.0
16488	0
16488	
16027;0;0;56;54;68.0
16512	0
16512	
16054;0;0;56;54;68.0
16537	0
16537	
16079;0;0;56;54;73.0
16561	0
16561	
16103;0;0;56;54;71.0
16585	0
16585	
16127;0;0;56;54;71.0
16610	0
16610	
16151;0;0;56;54;68.0
16643	0
16643	
16175;0;0;56;54;68.0
16665	0
16665	
16202;0;0;56;54;68.0
16686	0
16686	
16226;0;0;56;54;66.0
16709	0
16709	
16250;0;0;56;54;66.0
16734	0
16734	
16276;0;0;56;54;67.0
16759	0
16759	
16300;0;0;56;54;67.0
16783	0
16783	
16324;0;0;56;54;65.0
16807	0
16807	
16348;0;0;56;54;65.0
16834	0
16834	
16374;0;0;56;54;89.0
16867	0
16867	
16408;0;0;56;54;67.0
16891	0
16891	
16432;0;0;56;54;68.0
16915	0
16915	
16456;0;0;56;54;66.0
16939	0
16939	
16480;0;0;56;54;66.0
16965	0
16965	
16504;0;0;56;54;68.0
16990	0
16990	
16530;0;0;56;54;67.0
17013	0
17013	
16555;0;0;56;54;67.0
17038	0
17038	
16580;0;0;56;54;67.0
17067	0
17067	
16604;0;0;56;54;67.0
17091	0
17091	
16630;0;0;56;54;68.0
17113	0
17113	
16654;0;0;56;54;68.0
17139	0
17139	
16680;0;0;56;54;63.0
17164	0
17164	
16704;0;0;56;54;62.0
17187	0
17187	
16729;0;0;56;54;62.0
17212	0
17212	
16754;0;0;56;54;68.0
17238	0
17238	
16779;0;0;56;54;68.0
17262	0
17262	
16803;0;0;56;54;68.0
17297	0
17297	
16832;0;0;56;54;68.0
17315	0
17315	
16856;0;0;56;54;67.0
17339	0
17339	
16881;0;0;56;54;55.0
17364	0
17364	
16906;0;0;56;54;55.0
17389	0
17389	
16930;0;0;56;54;68.0
17413	0
17413	
16954;0;0;56;54;68.0
17437	0
17437	
16978;0;0;56;54;84.0
17463	0
17463	
17003;0;0;56;54;84.0
17493	0
17493	
17029;0;0;56;54;68.0
17516	0
17516	
17055;0;0;56;54;72.0
17537	0
17537	
17079;0;0;56;54;72.0
17561	0
17561	
17103;0;0;56;54;68.0
17585	0
17585	
17127;0;0;56;54;68.0
17612	0
17612	
17151;0;0;56;54;71.0
17636	0
17636	
17176;0;0;56;54;68.0
17661	0
17661	
17203;0;0;56;54;68.0
17686	0
17686	
17228;0;0;56;54;66.0
17722	0
17722	
17259;0;0;56;54;67.0
17744	0
17744	
17283;0;0;56;54;67.0
17768	0
17768	
17310;0;0;56;54;68.0
17793	0
17793	
17335;0;0;56;54;68.0
17817	0
17817	
17359;0;0;56;54;68.0
17841	0
17841	
17383;0;0;56;54;68.0
17866	0
17866	
17407;0;0;56;54;67.0
17892	0
17892	
17431;0;0;56;54;67.0
17921	0
17921	
17455;0;0;56;54;55.0
17944	0
17944	
17484;0;0;56;54;67.0
17967	0
17967	
17509;0;0;56;54;67.0
17991	0
17991	
17533;0;0;56;54;73.0
18015	0
18015	
17557;0;0;56;54;73.0
18040	0
18040	
17581;0;0;56;54;58.0
18067	0
18067	
17605;0;0;56;54;73.0
18090	0
18090	
17629;0;0;56;54;72.0
18114	0
18114	
17654;0;0;56;54;67.0
18151	0
18151	
17686;0;0;56;54;65.0
18168	0
18168	
17710;0;0;56;54;61.0
18195	0
18195	
17734;0;0;56;54;61.0
18219	0
18219	
17758;0;0;56;54;84.0
18243	0
18243	
17782;0;0;56;54;84.0
18267	0
18267	
17809;0;0;56;54;52.0
18292	0
18292	
17834;0;0;56;54;63.0
18316	0
18316	
17858;0;0;56;54;63.0
18352	0
18352	
17882;0;0;56;54;86.0
18371	0
18371	
17907;0;0;56;54;86.0
18392	0
18392	
17931;0;0;56;54;73.0
18416	0
18416	
17955;0;0;56;54;73.0
18441	0
18441	
17984;0;0;56;54;67.0
18466	0
18466	
18008;0;0;56;54;73.0
18490	0
18490	
18032;0;0;56;54;73.0
18514	0
18514	
18056;0;0;56;54;67.0
18541	0
18541	
18081;0;0;56;54;67.0
18575	0
18575	
18117;0;0;56;54;67.0
18599	0
18599	
18141;0;0;56;54;63.0
18623	0
18623	
18165;0;0;56;54;63.0
18647	0
18647	
18189;0;0;56;54;68.0
18672	0
18672	
18213;0;0;56;54;68.0
18698	0
18698	
18237;0;0;56;54;71.0
18722	0
18722	
18261;0;0;56;54;71.0
18746	0
18746	
18287;0;0;56;54;53.0
18776	0
18776	
18313;0;0;56;54;67.0
18799	0
18799	
18337;0;0;56;54;67.0
18819	0
18819	
18361;0;0;56;54;59.0
18843	0
18843	
18385;0;0;56;54;59.0
18868	0
18868	
18409;0;0;56;54;67.0
18895	0
18895	
18433;0;0;56;54;67.0
18918	0
18918	
18457;0;0;56;54;71.0
18942	0
18942	
18483;0;0;56;54;71.0
18967	0
18967	
18509;0;0;56;54;68.0
19003	0
19003	
18537;0;0;56;54;67.0
19022	0
19022	
18561;0;0;56;54;67.0
19046	0
19046	
18585;0;0;56;54;68.0
19070	0
19070	
18609;0;0;56;54;68.0
19094	0
19094	
18636;0;0;56;54;67.0
19119	0
19119	
18661;0;0;56;54;68.0
19143	0
19143	
18685;0;0;56;54;68.0
19168	0
19168	
18710;0;0;56;54;68.0
19202	0
19202	
18734;0;0;56;54;68.0
19222	0
19222	
18759;0;0;56;54;67.0
19244	0
19244	
18783;0;0;56;54;67.0
19268	0
19268	
18809;0;0;56;54;92.0
19293	0
19293	
18835;0;0;56;54;71.0
19317	0
19317	
18859;0;0;56;54;71.0
19341	0
19341	
18883;0;0;56;54;58.0
19366	0
19366	
18907;0;0;56;54;58.0
19392	0
19392	
18931;0;0;56;54;67.0
19426	0
19426	
18966;0;0;56;54;73.0
19448	0
19448	
18990;0;0;56;54;73.0
19472	0
19472	
19014;0;0;56;54;77.0
19496	0
19496	
19038;0;0;56;54;77.0
19521	0
19521	
19062;0;0;56;54;67.0
19547	0
19547	
19086;0;0;56;54;67.0
19571	0
19571	
19110;0;0;56;54;66.0
19595	0
19595	
19135;0;0;56;54;66.0
19624	0
19624	
19162;0;0;56;54;68.0
19648	0
19648	
19188;0;0;56;54;78.0
19672	0
19672	
19214;0;0;56;54;72.0
19696	0
19696	
19238;0;0;56;54;61.0
19723	0
19723	
19262;0;0;56;54;61.0
19747	0
19747	
19286;0;0;56;54;67.0
19771	0
19771	
19310;0;0;56;54;67.0
19795	0
19795	
19337;0;0;56;54;66.0
19820	0
19820	
19362;0;0;56;54;68.0
19856	0
19856	
19390;0;0;56;54;68.0
19875	0
19875	
19414;0;0;56;54;68.0
19899	0
19899	
19438;0;0;56;54;68.0
19923	0
19923	
19462;0;0;56;54;62.0
19947	0
19947	
19489;0;0;56;54;68.0
19972	0
19972	
19514;0;0;56;54;67.0
19996	0
19996	
19538;0;0;56;54;67.0
20020	0
20020	
19562;0;0;56;54;68.0
20052	0
20052	
19586;0;0;56;54;68.0
20076	0
20076	
19611;0;0;56;54;68.0
20096	0
20096	
19636;0;0;56;54;68.0
20121	0
20121	
19663;0;0;56;54;57.0
20145	0
20145	
19687;0;0;56;54;72.0
20169	0
20169	
19711;0;0;56;54;72.0
20193	0
20193	
19735;0;0;56;54;54.0
20218	0
20218	
19759;0;0;56;54;54.0
20246	0
20246	
19785;0;0;56;54;72.0
20273	0
20273	
19815;0;0;56;54;73.0
20298	0
20298	
19840;0;0;56;54;73.0
20322	0
20322	
19864;0;0;56;54;67.0
20346	0
20346	
19888;0;0;56;54;67.0
20371	0
20371	
19912;0;0;56;54;68.0
20397	0
20397	
19936;0;0;56;54;68.0
20421	0
20421	
19960;0;0;56;54;72.0
20445	0
20445	
19986;0;0;56;54;72.0
20476	0
20476	
20012;0;0;56;54;67.0
20499	0
20499	
20036;0;0;56;54;53.0
20519	0
20519	
20061;0;0;56;54;53.0
20545	0
20545	
20086;0;0;56;54;68.0
20571	0
20571	
20110;0;0;56;54;73.0
20595	0
20595	
20134;0;0;56;54;73.0
20619	0
20619	
20160;0;0;56;54;67.0
20644	0
20644	
20186;0;0;56;54;55.0
20671	0
20671	
20210;0;0;56;54;55.0
20695	0
20695	
20235;0;0;56;54;67.0
20717	0
20717	
20259;0;0;56;54;67.0
20744	0
20744	
20284;0;0;56;54;73.0
20769	0
20769	
20308;0;0;56;54;73.0
20793	0
20793	
20334;0;0;56;54;68.0
20818	0
20818	
20360;0;0;56;54;72.0
20843	0
20843	
20385;0;0;56;54;72.0
20867	0
20867	
20409;0;0;56;54;68.0
20903	0
20903	
20433;0;0;56;54;68.0
20922	0
20922	
20458;0;0;56;54;83.0
20943	0
20943	
20483;0;0;56;54;83.0
20968	0
20968	
20510;0;0;56;54;67.0
20992	0
20992	
20534;0;0;56;54;68.0
21016	0
21016	
20558;0;0;56;54;68.0
21044	0
21044	
20582;0;0;56;54;67.0
21067	0
21067	
20606;0;0;56;54;67.0
21091	0
21091	
20630;0;0;56;54;73.0
21122	0
21122	
20654;0;0;56;54;73.0
21145	0
21145	
20682;0;0;56;54;71.0
21165	0
21165	
20707;0;0;56;54;72.0
21189	0
21189	
20731;0;0;56;54;72.0
21213	0
21213	
20755;0;0;56;54;68.0
21241	0
21241	
20779;0;0;56;54;68.0
21264	0
21264	
20803;0;0;56;54;68.0
21288	0
21288	
20827;0;0;56;54;68.0
21312	0
21312	
20854;0;0;56;54;89.0
21354	0
21354	
20879;0;0;56;54;67.0
21366	0
21366	
20903;0;0;56;54;67.0
21385	0
21385	
20927;0;0;56;54;67.0
21409	0
21409	
20951;0;0;56;54;67.0
21434	0
21434	
20975;0;0;56;54;72.0
21460	0
21460	
20999;0;0;56;54;72.0
21484	0
21484	
21023;0;0;56;54;74.0
21508	0
21508	
21048;0;0;56;54;74.0
21537	0
21537	
21075;0;0;56;54;67.0
21561	0
21561	
21101;0;0;56;54;54.0
21583	0
21583	
21125;0;0;56;54;54.0
21607	0
21607	
21149;0;0;56;54;72.0
21632	0
21632	
21173;0;0;56;54;72.0
21658	0
21658	
21197;0;0;56;54;67.0
21682	0
21682	
21221;0;0;56;54;67.0
21706	0
21706	
21247;0;0;56;54;67.0
21731	0
21731	
21273;0;0;56;54;68.0
21773	0
21773	
21298;0;0;56;54;68.0
21786	0
21786	
21322;0;0;56;54;66.0
21805	0
21805	
21346;0;0;56;54;66.0
21831	0
21831	
21370;0;0;56;54;67.0
21855	0
21855	
21394;0;0;56;54;67.0
21879	0
21879	
21420;0;0;56;54;67.0
21904	0
21904	
21446;0;0;56;54;73.0
21928	0
21928	
21470;0;0;56;54;73.0
21952	0
21952	
21494;0;0;56;54;68.0
21988	0
21988	
21518;0;0;56;54;68.0
22008	0
22008	
21543;0;0;56;54;73.0
22028	0
22028	
21568;0;0;56;54;73.0
22054	0
22054	
21596;0;0;56;54;66.0
22078	0
22078	
21620;0;0;56;54;67.0
22102	0
22102	
21644;0;0;56;54;67.0
22126	0
22126	
21668;0;0;56;54;68.0
22153	0
22153	
21693;0;0;56;54;68.0
22178	0
22178	
21717;0;0;56;54;73.0
22211	0
22211	
21742;0;0;56;54;73.0
22230	0
22230	
21769;0;0;56;54;58.0
22253	0
22253	
21795;0;0;56;54;76.0
22277	0
22277	
21819;0;0;56;54;76.0
22301	0
22301	
21843;0;0;56;54;72.0
22326	0
22326	
21867;0;0;56;54;72.0
22352	0
22352	
21892;0;0;56;54;67.0
22377	0
22377	
21918;0;0;56;54;67.0
22402	0
22402	
21944;0;0;56;54;68.0
22437	0
22437	
21978;0;0;56;54;68.0
22461	0
22461	
22004;0;0;56;54;68.0
22488	0
22488	
22028;0;0;56;54;66.0
22511	0
22511	
22052;0;0;56;54;66.0
22535	0
22535	
22076;0;0;56;54;72.0
22559	0
22559	
22101;0;0;56;54;72.0
22587	0
22587	
22127;0;0;56;54;66.0
22610	0
22610	
22151;0;0;56;54;66.0
22644	0
22644	
22177;0;0;56;54;68.0
22666	0
22666	
22203;0;0;56;54;67.0
22686	0
22686	
22227;0;0;56;54;67.0
22710	0
22710	
22252;0;0;56;54;68.0
22737	0
22737	
22277;0;0;56;54;68.0
22760	0
22760	
22301;0;0;56;54;72.0
22784	0
22784	
22325;0;0;56;54;72.0
22810	0
22810	
22351;0;0;56;54;72.0
22835	0
22835	
22375;0;0;56;54;68.0
22869	0
22869	
22399;0;0;56;54;68.0
22889	0
22889	
22423;0;0;56;54;67.0
22906	0
22906	
22447;0;0;56;54;67.0
22932	0
22932	
22472;0;0;56;54;68.0
22957	0
22957	
22497;0;0;56;54;68.0
22980	0
22980	
22523;0;0;56;54;72.0
23005	0
23005	
22547;0;0;56;54;66.0
23029	0
23029	
22571;0;0;56;54;66.0
23059	0
23059	
22596;0;0;56;54;66.0
23086	0
23086	
22624;0;0;56;54;66.0
23108	0
23108	
22650;0;0;56;54;67.0
23132	0
23132	
22674;0;0;56;54;56.0
23156	0
23156	
22698;0;0;56;54;56.0
23180	0
23180	
22722;0;0;56;54;71.0
23208	0
23208	
22747;0;0;56;54;71.0
23233	0
23233	
22771;0;0;56;54;72.0
23256	0
23256	
22797;0;0;56;54;72.0
23286	0
23286	
22823;0;0;56;54;67.0
23309	0
23309	
22847;0;0;56;54;67.0
23329	0
23329	
22871;0;0;56;54;67.0
23355	0
23355	
22896;0;0;56;54;67.0
23381	0
23381	
22920;0;0;56;54;67.0
23405	0
23405	
22944;0;0;56;54;68.0
23429	0
23429	
22969;0;0;56;54;68.0
23455	0
23455	
22997;0;0;56;54;67.0
23479	0
23479	
23021;0;0;56;54;71.0
23515	0
23515	
23049;0;0;56;54;71.0
23534	0
23534	
23073;0;0;56;54;68.0
23558	0
23558	
23098;0;0;56;54;68.0
23583	0
23583	
23125;0;0;56;54;67.0
23607	0
23607	
23149;0;0;56;54;67.0
23631	0
23631	
23173;0;0;56;54;67.0
23655	0
23655	
23197;0;0;56;54;68.0
23680	0
23680	
23221;0;0;56;54;68.0
23715	0
23715	
23245;0;0;56;54;56.0
23734	0
23734	
23270;0;0;56;54;56.0
23755	0
23755	
23295;0;0;56;54;67.0
23780	0
23780	
23322;0;0;56;54;71.0
23804	0
23804	
23346;0;0;56;54;71.0
23828	0
23828	
23370;0;0;56;54;67.0
23853	0
23853	
23395;0;0;56;54;67.0
23880	0
23880	
23419;0;0;56;54;73.0
23904	0
23904	
23443;0;0;56;54;73.0
23937	0
23937	
23477;0;0;56;54;71.0
23959	0
23959	
23501;0;0;56;54;67.0
23983	0
23983	
23525;0;0;56;54;67.0
24007	0
24007	
23549;0;0;56;54;68.0
24032	0
24032	
23573;0;0;56;54;68.0
24058	0
24058	
23598;0;0;56;54;67.0
24083	0
24083	
23623;0;0;56;54;67.0
24108	0
24108	
23650;0;0;56;54;66.0
24144	0
24144	
23674;0;0;56;54;68.0
24160	0
24160	
23699;0;0;56;54;68.0
24181	0
24181	
23723;0;0;56;54;50.0
24205	0
24205	
23747;0;0;56;54;50.0
24232	0
24232	
23771;0;0;56;54;67.0
24256	0
24256	
23795;0;0;56;54;67.0
24280	0
24280	
23819;0;0;56;54;67.0
24304	0
24304	
23846;0;0;56;54;67.0
24334	0
24334	
23871;0;0;56;54;68.0
24357	0
24357	
23896;0;0;56;54;68.0
24378	0
24378	
23920;0;0;56;54;67.0
24404	0
24404	
23944;0;0;56;54;67.0
24430	0
24430	
23969;0;0;56;54;67.0
24454	0
24454	
23993;0;0;56;54;67.0
24478	0
24478	
24019;0;0;56;54;66.0
24503	0
24503	
24045;0;0;56;54;66.0
24527	0
24527	
24069;0;0;56;54;66.0
24561	0
24561	
24099;0;0;56;54;65.0
24584	0
24584	
24124;0;0;56;54;65.0
24609	0
24609	
24151;0;0;56;54;67.0
24633	0
24633	
24175;0;0;56;54;72.0
24657	0
24657	
24200;0;0;56;54;72.0
24686	0
24686	
24225;0;0;56;54;68.0
24710	0
24710	
24249;0;0;56;54;68.0
24734	0
24734	
24273;0;0;56;54;67.0
24764	0
24764	
24300;0;0;56;54;67.0
24787	0
24787	
24325;0;0;56;54;67.0
24807	0
24807	
24349;0;0;56;54;67.0
24831	0
24831	
24373;0;0;56;54;67.0
24857	0
24857	
24397;0;0;56;54;67.0
24880	0
24880	
24421;0;0;56;54;67.0
24906	0
24906	
24445;0;0;56;54;66.0
24931	0
24931	
24471;0;0;56;54;66.0
24961	0
24961	
24498;0;0;56;54;71.0
24984	0
24984	
24523;0;0;56;54;53.0
25006	0
25006	
24548;0;0;56;54;53.0
25030	0
25030	
24572;0;0;56;54;66.0
25057	0
25057	
24596;0;0;56;54;66.0
25081	0
25081	
24620;0;0;56;54;67.0
25105	0
25105	
24644;0;0;56;54;67.0
25129	0
25129	
24670;0;0;56;54;66.0
25154	0
25154	
24696;0;0;56;54;66.0
25190	0
25190	
24725;0;0;56;54;66.0
25210	0
25210	
24749;0;0;56;54;67.0
25235	0
25235	
24773;0;0;56;54;67.0
25258	0
25258	
24797;0;0;56;54;66.0
25282	0
25282	
24822;0;0;56;54;66.0
25307	0
25307	
24849;0;0;56;54;71.0
25331	0
25331	
24873;0;0;56;54;54.0
25356	0
25356	
24897;0;0;56;54;54.0
25388	0
25388	
24921;0;0;56;54;65.0
25410	0
25410	
24946;0;0;56;54;65.0
25432	0
25432	
24971;0;0;56;54;71.0
25456	0
25456	
24996;0;0;56;54;71.0
25481	0
25481	
25023;0;0;56;54;51.0
25505	0
25505	
25047;0;0;56;54;66.0
25530	0
25530	
25072;0;0;56;54;66.0
25554	0
25554	
25096;0;0;56;54;68.0
25581	0
25581	
25120;0;0;56;54;66.0
25614	0
25614	
25151;0;0;56;54;66.0
25636	0
25636	
25178;0;0;56;54;71.0
25661	0
25661	
25202;0;0;56;54;63.0
25684	0
25684	
25226;0;0;56;54;63.0
25708	0
25708	
25250;0;0;56;54;63.0
25733	0
25733	
25274;0;0;56;54;63.0
25761	0
25761	
25299;0;0;56;54;72.0
25784	0
25784	
25324;0;0;56;54;72.0
25816	0
25816	
25351;0;0;56;54;92.0
25837	0
25837	
25376;0;0;56;54;66.0
25859	0
25859	
25400;0;0;56;54;66.0
25882	0
25882	
25424;0;0;56;54;63.0
25906	0
25906	
25448;0;0;56;54;63.0
25933	0
25933	
25472;0;0;56;54;66.0
25957	0
25957	
25496;0;0;56;54;66.0
25981	0
25981	
25520;0;0;56;54;67.0
26010	0
26010	
25547;0;0;56;54;67.0
26034	0
26034	
25574;0;0;56;54;66.0
26056	0
26056	
25598;0;0;56;54;86.0
26080	0
26080	
25622;0;0;56;54;68.0
26104	0
26104	
25646;0;0;56;54;83.0
26131	0
26131	
25670;0;0;56;54;68.0
26155	0
26155	
25694;0;0;56;54;67.0
26179	0
26179	
25718;0;0;56;54;67.0
26203	0
26203	
25745;0;0;56;54;63.0
26240	0
26240	
25770;0;0;56;54;68.0
26256	0
26256	
25795;0;0;56;54;68.0
26277	0
26277	
25819;0;0;56;54;89.0
26302	0
26302	
25843;0;0;56;54;89.0
26328	0
26328	
25867;0;0;56;54;72.0
26352	0
26352	
25891;0;0;56;54;72.0
26376	0
26376	
25916;0;0;56;54;51.0
26403	0
26403	
25944;0;0;56;54;53.0
26438	0
26438	
25968;0;0;56;54;71.0
26454	0
26454	
25992;0;0;56;54;71.0
26474	0
26474	
26016;0;0;56;54;57.0
26498	0
26498	
26040;0;0;56;54;57.0
26525	0
26525	
26064;0;0;56;54;68.0
26549	0
26549	
26088;0;0;56;54;68.0
26574	0
26574	
26113;0;0;56;54;92.0
26598	0
26598	
26140;0;0;56;54;56.0
26622	0
26622	
26164;0;0;56;54;56.0
26655	0
26655	
26192;0;0;56;54;67.0
26677	0
26677	
26216;0;0;56;54;67.0
26702	0
26702	
26241;0;0;56;54;58.0
26726	0
26726	
26268;0;0;56;54;58.0
26751	0
26751	
26293;0;0;56;54;54.0
26776	0
26776	
26318;0;0;56;54;73.0
26800	0
26800	
26342;0;0;56;54;73.0
26827	0
26827	
26366;0;0;56;54;53.0
26858	0
26858	
26390;0;0;56;54;53.0
26880	0
26880	
26416;0;0;56;54;68.0
26901	0
26901	
26443;0;0;56;54;68.0
26926	0
26926	
26468;0;0;56;54;66.0
26950	0
26950	
26492;0;0;56;54;58.0
26974	0
26974	
26516;0;0;56;54;58.0
26999	0
26999	
26540;0;0;56;54;69.0
27025	0
27025	
26564;0;0;56;54;69.0
27053	0
27053	
26588;0;0;56;54;68.0
27077	0
27077	
26617;0;0;56;54;52.0
27099	0
27099	
26641;0;0;56;54;52.0
27123	0
27123	
26665;0;0;56;54;72.0
27147	0
27147	
26689;0;0;56;54;72.0
27174	0
27174	
26714;0;0;56;54;55.0
27199	0
27199	
26738;0;0;56;54;55.0
27223	0
27223	
26764;0;0;56;54;59.0
27248	0
27248	
26790;0;0;56;54;68.0
27279	0
27279	
26821;0;0;56;54;68.0
27304	0
27304	
26845;0;0;56;54;66.0
27328	0
27328	
26869;0;0;56;54;66.0
27354	0
27354	
26893;0;0;56;54;63.0
27378	0
27378	
26919;0;0;56;54;63.0
27403	0
27403	
26945;0;0;56;54;53.0
27427	0
27427	
26969;0;0;56;54;63.0
27451	0
27451	
26993;0;0;56;54;63.0
27487	0
27487	
27018;0;0;56;54;87.0
27506	0
27506	
27042;0;0;56;54;87.0
27528	0
27528	
27067;0;0;56;54;68.0
27552	0
27552	
27092;0;0;56;54;68.0
27578	0
27578	
27119;0;0;56;54;68.0
27602	0
27602	
27144;0;0;56;54;67.0
27626	0
27626	
27168;0;0;56;54;66.0
27650	0
27650	
27192;0;0;56;54;66.0
27682	0
27682	
27217;0;0;56;54;67.0
27706	0
27706	
27244;0;0;56;54;67.0
27729	0
27729	
27271;0;0;56;54;68.0
27755	0
27755	
27297;0;0;56;54;73.0
27779	0
27779	
27321;0;0;56;54;73.0
27803	0
27803	
27345;0;0;56;54;72.0
27830	0
27830	
27369;0;0;56;54;72.0
27854	0
27854	
27393;0;0;56;54;66.0
27878	0
27878	
27418;0;0;56;54;66.0
27912	0
27912	
27451;0;0;56;54;67.0
27933	0
27933	
27475;0;0;56;54;87.0
27958	0
27958	
27499;0;0;56;54;87.0
27982	0
27982	
27523;0;0;56;54;63.0
28006	0
28006	
27547;0;0;56;54;63.0
28032	0
28032	
27573;0;0;56;54;86.0
28057	0
28057	
27597;0;0;56;54;86.0
28081	0
28081	
27623;0;0;56;54;86.0
28122	0
28122	
27647;0;0;56;54;68.0
28135	0
28135	
27671;0;0;56;54;68.0
28154	0
28154	
27695;0;0;56;54;92.0
28180	0
28180	
27720;0;0;56;54;92.0
28205	0
28205	
27746;0;0;56;54;59.0
28229	0
28229	
27771;0;0;56;54;68.0
28254	0
28254	
27796;0;0;56;54;68.0
28280	0
28280	
27821;0;0;56;54;83.0
28304	0
28304	
27845;0;0;56;54;83.0
28333	0
28333	
27874;0;0;56;54;73.0
28357	0
28357	
27899;0;0;56;54;84.0
28382	0
28382	
27924;0;0;56;54;84.0
28408	0
28408	
27948;0;0;56;54;73.0
28431	0
28431	
27972;0;0;56;54;73.0
28458	0
28458	
27997;0;0;56;54;72.0
28482	0
28482	
28023;0;0;56;54;72.0
28507	0
28507	
28049;0;0;56;54;89.0
28544	0
28544	
28078;0;0;56;54;68.0
28561	0
28561	
28102;0;0;56;54;68.0
28587	0
28587	
28126;0;0;56;54;84.0
28611	0
28611	
28150;0;0;56;54;84.0
28635	0
28635	
28176;0;0;56;54;89.0
28660	0
28660	
28202;0;0;56;54;66.0
28685	0
28685	
28227;0;0;56;54;66.0
28709	0
28709	
28251;0;0;56;54;86.0
28743	0
28743	
28275;0;0;56;54;86.0
28764	0
28764	
28300;0;0;56;54;53.0
28785	0
28785	
28326;0;0;56;54;53.0
28810	0
28810	
28352;0;0;56;54;68.0
28834	0
28834	
28376;0;0;56;54;87.0
28858	0
28858	
28400;0;0;56;54;87.0
28885	0
28885	
28425;0;0;56;54;71.0
28910	0
28910	
28449;0;0;56;54;71.0
28938	0
28938	
28475;0;0;56;54;89.0
28961	0
28961	
28503;0;0;56;54;102.0
28985	0
28985	
28527;0;0;56;54;77.0
29009	0
29009	
28551;0;0;56;54;77.0
29033	0
29033	
28575;0;0;56;54;77.0
29060	0
29060	
28599;0;0;56;54;77.0
29085	0
29085	
28624;0;0;56;54;86.0
29109	0
29109	
28651;0;0;56;54;86.0
29134	0
29134	
28676;0;0;56;54;72.0
29171	0
29171	
28708;0;0;56;54;72.0
29193	0
29193	
28733;0;0;56;54;72.0
29218	0
29218	
28760;0;0;56;54;68.0
29242	0
29242	
28784;0;0;56;54;69.0
29266	0
29266	
28808;0;0;56;54;69.0
29294	0
29294	
28833;0;0;56;54;72.0
29318	0
29318	
28857;0;0;56;54;72.0
29342	0
29342	
28881;0;0;56;54;73.0
29371	0
29371	
28908;0;0;56;54;73.0
29394	0
29394	
28935;0;0;56;54;72.0
29417	0
29417	
28959;0;0;56;54;68.0
29441	0
29441	
28983;0;0;56;54;68.0
29465	0
29465	
29007;0;0;56;54;68.0
29492	0
29492	
29031;0;0;56;54;68.0
29516	0
29516	
29055;0;0;56;54;68.0
29540	0
29540	
29079;0;0;56;54;68.0
29564	0
29564	
29106;0;0;56;54;39.0
29593	0
29593	
29134;0;0;56;54;67.0
29616	0
29616	
29158;0;0;56;54;67.0
29640	0
29640	
29182;0;0;56;54;68.0
29665	0
29665	
29206;0;0;56;54;68.0
29689	0
29689	
29230;0;0;56;54;68.0
29715	0
29715	
29254;0;0;56;54;68.0
29739	0
29739	
29280;0;0;56;54;77.0
29764	0
29764	
29306;0;0;56;54;73.0
29800	0
29800	
29330;0;0;56;54;73.0
29818	0
29818	
29354;0;0;56;54;66.0
29837	0
29837	
29378;0;0;56;54;66.0
29861	0
29861	
29402;0;0;56;54;73.0
29888	0
29888	
29429;0;0;56;54;73.0
29913	0
29913	
29454;0;0;56;54;68.0
29937	0
29937	
29479;0;0;56;54;68.0
29961	0
29961	
29503;0;0;56;54;68.0
29994	0
29994	
29528;0;0;56;54;71.0
30017	0
30017	
29554;0;0;56;54;71.0
30039	0
30039	
29580;0;0;56;54;66.0
30064	0
30064	
29604;0;0;56;54;68.0
30087	0
30087	
29629;0;0;56;54;68.0
30112	0
30112	
29654;0;0;56;54;68.0
30138	0
30138	
29679;0;0;56;54;68.0
30162	0
30162	
29703;0;0;56;54;73.0
30188	0
30188	
29729;0;0;56;54;73.0
30223	0
30223	
29764;0;0;56;54;67.0
30248	0
30248	
29788;0;0;56;54;54.0
30271	0
30271	
29812;0;0;56;54;54.0
30297	0
30297	
29838;0;0;56;54;67.0
30322	0
30322	
29862;0;0;56;54;68.0
30345	0
30345	
29886;0;0;56;54;68.0
30369	0
30369	
29911;0;0;56;54;68.0
30396	0
30396	
29936;0;0;56;54;68.0
30430	0
30430	
29960;0;0;56;54;68.0
30449	0
30449	
29984;0;0;56;54;68.0
30467	0
30467	
30010;0;0;56;54;67.0
30494	0
30494	
30034;0;0;56;54;66.0
30517	0
30517	
30058;0;0;56;54;66.0
30541	0
30541	
30082;0;0;56;54;67.0
30565	0
30565	
30107;0;0;56;54;67.0
30592	0
30592	
30132;0;0;56;54;67.0
30615	0
30615	
30156;0;0;56;54;67.0
30650	0
30650	
30187;0;0;56;54;73.0
30670	0
30670	
30211;0;0;56;54;71.0
30694	0
30694	
30235;0;0;56;54;71.0
30718	0
30718	
30260;0;0;56;54;67.0
30745	0
30745	
30285;0;0;56;54;67.0
30769	0
30769	
30309;0;0;56;54;67.0
30792	0
30792	
30334;0;0;56;54;67.0
30819	0
30819	
30360;0;0;56;54;68.0
30843	0
30843	
30384;0;0;56;54;73.0
30874	0
30874	
30415;0;0;56;54;73.0
30899	0
30899	
30439;0;0;56;54;89.0
30922	0
30922	
30464;0;0;56;54;89.0
30947	0
30947	
30490;0;0;56;54;71.0
30973	0
30973	
30514;0;0;56;54;68.0
30997	0
30997	
30538;0;0;56;54;68.0
31021	0
31021	
30562;0;0;56;54;67.0
31047	0
31047	
30587;0;0;56;54;67.0
31072	0
31072	
30612;0;0;56;54;68.0
31106	0
31106	
30643;0;0;56;54;72.0
31127	0
31127	
30668;0;0;56;54;68.0
31151	0
31151	
30692;0;0;56;54;52.0
31175	0
31175	
30717;0;0;56;54;73.0
31202	0
31202	
30742;0;0;56;54;72.0
31225	0
31225	
30766;0;0;56;54;68.0
31249	0
31249	
30790;0;0;56;54;68.0
31275	0
31275	
30816;0;0;56;54;66.0
31300	0
31300	
30840;0;0;56;54;67.0
31334	0
31334	
30874;0;0;56;54;67.0
31357	0
31357	
30900;0;0;56;54;77.0
31384	0
31384	
30924;0;0;56;54;73.0
31407	0
31407	
30948;0;0;56;54;73.0
31431	0
31431	
30972;0;0;56;54;68.0
31455	0
31455	
30996;0;0;56;54;68.0
31481	0
31481	
31021;0;0;56;54;67.0
31506	0
31506	
31046;0;0;56;54;67.0
31538	0
31538	
31070;0;0;56;54;73.0
31559	0
31559	
31097;0;0;56;54;86.0
31581	0
31581	
31121;0;0;56;54;86.0
31606	0
31606	
31146;0;0;56;54;59.0
31629	0
31629	
31171;0;0;56;54;59.0
31656	0
31656	
31196;0;0;56;54;69.0
31680	0
31680	
31220;0;0;56;54;69.0
31703	0
31703	
31246;0;0;56;54;68.0
31730	0
31730	
31270;0;0;56;54;67.0
31764	0
31764	
31294;0;0;56;54;67.0
31784	0
31784	
31318;0;0;56;54;68.0
31801	0
31801	
31342;0;0;56;54;68.0
31827	0
31827	
31367;0;0;56;54;72.0
31852	0
31852	
31392;0;0;56;54;72.0
31875	0
31875	
31418;0;0;56;54;61.0
31900	0
31900	
31442;0;0;56;54;68.0
31925	0
31925	
31466;0;0;56;54;68.0
31949	0
31949	
31490;0;0;56;54;68.0
31984	0
31984	
31521;0;0;56;54;68.0
32005	0
32005	
31547;0;0;56;54;68.0
32029	0
32029	
31571;0;0;56;54;67.0
32053	0
32053	
31595;0;0;56;54;67.0
32077	0
32077	
31619;0;0;56;54;69.0
32102	0
32102	
31643;0;0;56;54;69.0
32128	0
32128	
31667;0;0;56;54;68.0
32152	0
32152	
31691;0;0;56;54;68.0
32180	0
32180	
31716;0;0;56;54;54.0
32205	0
32205	
31745;0;0;56;54;74.0
32228	0
32228	
31770;0;0;56;54;73.0
32252	0
32252	
31794;0;0;56;54;73.0
32277	0
32277	
31818;0;0;56;54;67.0
32303	0
32303	
31842;0;0;56;54;67.0
32327	0
32327	
31866;0;0;56;54;73.0
32352	0
32352	
31894;0;0;56;54;73.0
32377	0
32377	
31919;0;0;56;54;72.0
32413	0
32413	
31943;0;0;56;54;72.0
32433	0
32433	
31967;0;0;56;54;72.0
32449	0
32449	
31991;0;0;56;54;73.0
32476	0
32476	
32015;0;0;56;54;73.0
32500	0
32500	
32039;0;0;56;54;67.0
32524	0
32524	
32063;0;0;56;54;67.0
32548	0
32548	
32090;0;0;56;54;65.0
32573	0
32573	
32115;0;0;56;54;73.0
32597	0
32597	
32139;0;0;56;54;73.0
32625	0
32625	
32167;0;0;56;54;68.0
32650	0
32650	
32191;0;0;56;54;68.0
32676	0
32676	
32215;0;0;56;54;68.0
32700	0
32700	
32239;0;0;56;54;68.0
32724	0
32724	
32265;0;0;56;54;68.0
32749	0
32749	
32291;0;0;56;54;67.0
32774	0
32774	
32315;0;0;56;54;67.0
32797	0
32797	
32339;0;0;56;54;67.0
32833	0
32833	
32373;0;0;56;54;67.0
32858	0
32858	
32400;0;0;56;54;68.0
32882	0
32882	
32424;0;0;56;54;77.0
32906	0
32906	
32448;0;0;56;54;77.0
32930	0
32930	
32472;0;0;56;54;84.0
32955	0
32955	
32496;0;0;56;54;84.0
32981	0
32981	
32520;0;0;56;54;73.0
33005	0
33005	
32544;0;0;56;54;73.0
33037	0
33037	
32570;0;0;56;54;68.0
33057	0
33057	
32597;0;0;56;54;73.0
33079	0
33079	
32621;0;0;56;54;68.0
33103	0
33103	
32645;0;0;56;54;67.0
33127	0
33127	
32669;0;0;56;54;67.0
33152	0
33152	
32693;0;0;56;54;73.0
33178	0
33178	
32717;0;0;56;54;73.0
33202	0
33202	
32741;0;0;56;54;72.0
33231	0
33231	
32766;0;0;56;54;72.0
33254	0
33254	
32794;0;0;56;54;67.0
33276	0
33276	
32818;0;0;56;54;68.0
33300	0
33300	
32842;0;0;56;54;68.0
33324	0
33324	
32866;0;0;56;54;66.0
33349	0
33349	
32890;0;0;56;54;66.0
33375	0
33375	
32914;0;0;56;54;53.0
33399	0
33399	
32939;0;0;56;54;53.0
33425	0
33425	
32967;0;0;56;54;89.0
33461	0
33461	
32995;0;0;56;54;71.0
33477	0
33477	
33019;0;0;56;54;71.0
33504	0
33504	
33043;0;0;56;54;73.0
33528	0
33528	
33067;0;0;56;54;73.0
33552	0
33552	
33091;0;0;56;54;68.0
33576	0
