milliseconds	Werte
462	0
462	
6;0;0;56;54;0.0
487	0
487	
30;0;0;56;54;68.0
513	0
513	
54;0;0;56;54;68.0
537	0
537	
78;0;0;56;54;68.0
562	0
562	
102;0;0;56;54;72.0
586	0
586	
129;0;0;56;54;68.0
611	0
611	
154;0;0;56;54;69.0
647	0
647	
183;0;0;56;54;69.0
667	0
667	
207;0;0;56;54;76.0
691	0
691	
231;0;0;56;54;76.0
715	0
715	
258;0;0;56;54;73.0
740	0
740	
283;0;0;56;54;73.0
764	0
764	
307;0;0;56;54;73.0
788	0
788	
331;0;0;56;54;73.0
815	0
815	
355;0;0;56;54;73.0
848	0
848	
379;0;0;56;54;68.0
868	0
868	
404;0;0;56;54;68.0
888	0
888	
428;0;0;56;54;84.0
912	0
912	
455;0;0;56;54;73.0
937	0
937	
480;0;0;56;54;73.0
961	0
961	
504;0;0;56;54;68.0
985	0
985	
528;0;0;56;54;68.0
1009	0
1009	
552;0;0;56;54;68.0
1036	0
1036	
576;0;0;56;54;68.0
1071	0
1071	
602;0;0;56;54;68.0
1089	0
1089	
627;0;0;56;54;72.0
1110	0
1110	
654;0;0;56;54;73.0
1136	0
1136	
679;0;0;56;54;73.0
1160	0
1160	
703;0;0;56;54;73.0
1184	0
1184	
727;0;0;56;54;72.0
1211	0
1211	
751;0;0;56;54;72.0
1235	0
1235	
775;0;0;56;54;78.0
1259	0
1259	
800;0;0;56;54;78.0
1289	0
1289	
827;0;0;56;54;67.0
1313	0
1313	
853;0;0;56;54;68.0
1334	0
1334	
877;0;0;56;54;68.0
1358	0
1358	
902;0;0;56;54;68.0
1383	0
1383	
926;0;0;56;54;68.0
1410	0
1410	
950;0;0;56;54;78.0
1434	0
1434	
974;0;0;56;54;78.0
1458	0
1458	
999;0;0;56;54;55.0
1483	0
1483	
1026;0;0;56;54;72.0
1512	0
1512	
1050;0;0;56;54;72.0
1535	0
1535	
1074;0;0;56;54;73.0
1555	0
1555	
1098;0;0;56;54;73.0
1579	0
1579	
1122;0;0;56;54;55.0
1603	0
1603	
1146;0;0;56;54;55.0
1630	0
1630	
1170;0;0;56;54;60.0
1654	0
1654	
1194;0;0;56;54;60.0
1678	0
1678	
1218;0;0;56;54;62.0
1702	0
1702	
1245;0;0;56;54;62.0
1739	0
1739	
1270;0;0;56;54;68.0
1755	0
1755	
1295;0;0;56;54;73.0
1776	0
1776	
1319;0;0;56;54;72.0
1804	0
1804	
1344;0;0;56;54;68.0
1828	0
1828	
1368;0;0;56;54;55.0
1852	0
1852	
1392;0;0;56;54;55.0
1876	0
1876	
1419;0;0;56;54;68.0
1901	0
1901	
1444;0;0;56;54;73.0
1926	0
1926	
1469;0;0;56;54;73.0
1963	0
1963	
1493;0;0;56;54;54.0
1981	0
1981	
1518;0;0;56;54;54.0
2002	0
2002	
1542;0;0;56;54;68.0
2026	0
2026	
1566;0;0;56;54;68.0
2050	0
2050	
1590;0;0;56;54;89.0
2074	0
2074	
1617;0;0;56;54;89.0
2099	0
2099	
1642;0;0;56;54;73.0
2123	0
2123	
1666;0;0;56;54;68.0
2147	0
2147	
1690;0;0;56;54;68.0
2189	0
2189	
1714;0;0;56;54;73.0
2203	0
2203	
1738;0;0;56;54;73.0
2223	0
2223	
1763;0;0;56;54;68.0
2247	0
2247	
1790;0;0;56;54;68.0
2272	0
2272	
1815;0;0;56;54;73.0
2296	0
2296	
1839;0;0;56;54;68.0
2320	0
2320	
1863;0;0;56;54;68.0
2345	0
2345	
1887;0;0;56;54;68.0
2371	0
2371	
1911;0;0;56;54;68.0
2402	0
2402	
1935;0;0;56;54;84.0
2424	0
2424	
1960;0;0;56;54;84.0
2444	0
2444	
1987;0;0;56;54;67.0
2468	0
2468	
2011;0;0;56;54;72.0
2492	0
2492	
2035;0;0;56;54;72.0
2516	0
2516	
2059;0;0;56;54;71.0
2543	0
2543	
2083;0;0;56;54;71.0
2568	0
2568	
2109;0;0;56;54;72.0
2593	0
2593	
2136;0;0;56;54;72.0
2630	0
2630	
2165;0;0;56;54;77.0
2646	0
2646	
2189;0;0;56;54;68.0
2673	0
2673	
2213;0;0;56;54;68.0
2697	0
2697	
2237;0;0;56;54;90.0
2721	0
2721	
2261;0;0;56;54;90.0
2745	0
2745	
2288;0;0;56;54;68.0
2770	0
2770	
2313;0;0;56;54;68.0
2794	0
2794	
2337;0;0;56;54;68.0
2818	0
2818	
2361;0;0;56;54;78.0
2854	0
2854	
2397;0;0;56;54;78.0
2879	0
2879	
2422;0;0;56;54;73.0
2903	0
2903	
2446;0;0;56;54;68.0
2927	0
2927	
2470;0;0;56;54;68.0
2952	0
2952	
2494;0;0;56;54;61.0
2978	0
2978	
2518;0;0;56;54;61.0
3002	0
3002	
2542;0;0;56;54;78.0
3026	0
3026	
2567;0;0;56;54;73.0
3055	0
3055	
2594;0;0;56;54;68.0
3079	0
3079	
2620;0;0;56;54;68.0
3101	0
3101	
2644;0;0;56;54;73.0
3125	0
3125	
2668;0;0;56;54;68.0
3149	0
3149	
2692;0;0;56;54;63.0
3176	0
3176	
2716;0;0;56;54;73.0
3200	0
3200	
2740;0;0;56;54;73.0
3224	0
3224	
2764;0;0;56;54;72.0
3248	0
3248	
2791;0;0;56;54;54.0
3291	0
3291	
2817;0;0;56;54;73.0
3302	0
3302	
2841;0;0;56;54;73.0
3322	0
3322	
2865;0;0;56;54;73.0
3346	0
3346	
2889;0;0;56;54;73.0
3370	0
3370	
2913;0;0;56;54;73.0
3397	0
3397	
2937;0;0;56;54;68.0
3421	0
3421	
2961;0;0;56;54;68.0
3445	0
3445	
2985;0;0;56;54;68.0
3469	0
3469	
3012;0;0;56;54;72.0
3499	0
3499	
3037;0;0;56;54;68.0
3522	0
3522	
3062;0;0;56;54;68.0
3544	0
3544	
3087;0;0;56;54;68.0
3571	0
3571	
3112;0;0;56;54;68.0
3596	0
3596	
3136;0;0;56;54;83.0
3620	0
3620	
3160;0;0;56;54;83.0
3644	0
3644	
3187;0;0;56;54;69.0
3669	0
3669	
3212;0;0;56;54;63.0
3693	0
3693	
3236;0;0;56;54;63.0
3729	0
3729	
3260;0;0;56;54;59.0
3748	0
3748	
3285;0;0;56;54;59.0
3771	0
3771	
3311;0;0;56;54;68.0
3795	0
3795	
3335;0;0;56;54;68.0
3819	0
3819	
3362;0;0;56;54;61.0
3844	0
3844	
3387;0;0;56;54;59.0
3868	0
3868	
3412;0;0;56;54;63.0
3893	0
3893	
3436;0;0;56;54;68.0
3920	0
3920	
3460;0;0;56;54;73.0
3953	0
3953	
3496;0;0;56;54;68.0
3977	0
3977	
3520;0;0;56;54;68.0
4001	0
4001	
3544;0;0;56;54;68.0
4025	0
4025	
3568;0;0;56;54;68.0
4052	0
4052	
3592;0;0;56;54;109.0
4076	0
4076	
3616;0;0;56;54;109.0
4100	0
4100	
3640;0;0;56;54;83.0
4124	0
4124	
3667;0;0;56;54;83.0
4154	0
4154	
3692;0;0;56;54;68.0
4178	0
4178	
3717;0;0;56;54;68.0
4198	0
4198	
3741;0;0;56;54;68.0
4223	0
4223	
3766;0;0;56;54;68.0
4250	0
4250	
3790;0;0;56;54;68.0
4274	0
4274	
3815;0;0;56;54;68.0
4299	0
4299	
3842;0;0;56;54;72.0
4324	0
4324	
3867;0;0;56;54;73.0
4348	0
4348	
3891;0;0;56;54;73.0
4384	0
4384	
3915;0;0;56;54;68.0
4403	0
4403	
3940;0;0;56;54;68.0
4424	0
4424	
3964;0;0;56;54;68.0
4448	0
4448	
3988;0;0;56;54;68.0
4472	0
4472	
4013;0;0;56;54;68.0
4497	0
4497	
4040;0;0;56;54;67.0
4521	0
4521	
4064;0;0;56;54;67.0
4545	0
4545	
4088;0;0;56;54;72.0
4572	0
4572	
4113;0;0;56;54;72.0
4602	0
4602	
4145;0;0;56;54;73.0
4628	0
4628	
4171;0;0;56;54;84.0
4652	0
4652	
4195;0;0;56;54;84.0
4676	0
4676	
4219;0;0;56;54;73.0
4701	0
4701	
4243;0;0;56;54;73.0
4727	0
4727	
4267;0;0;56;54;89.0
4751	0
4751	
4291;0;0;56;54;89.0
4775	0
4775	
4316;0;0;56;54;51.0
4800	0
4800	
4343;0;0;56;54;73.0
4835	0
4835	
4373;0;0;56;54;73.0
4857	0
4857	
4397;0;0;56;54;67.0
4881	0
4881	
4422;0;0;56;54;67.0
4906	0
4906	
4449;0;0;56;54;77.0
4930	0
4930	
4473;0;0;56;54;73.0
4954	0
4954	
4497;0;0;56;54;73.0
4979	0
4979	
4521;0;0;56;54;68.0
5005	0
5005	
4545;0;0;56;54;68.0
5034	0
5034	
4569;0;0;56;54;73.0
5057	0
5057	
4598;0;0;56;54;68.0
5080	0
5080	
4623;0;0;56;54;68.0
5104	0
5104	
4647;0;0;56;54;68.0
5128	0
5128	
4671;0;0;56;54;68.0
5153	0
5153	
4695;0;0;56;54;68.0
5177	0
5177	
4719;0;0;56;54;68.0
5204	0
5204	
4746;0;0;56;54;73.0
5229	0
5229	
4770;0;0;56;54;67.0
5262	0
5262	
4795;0;0;56;54;67.0
5283	0
5283	
4821;0;0;56;54;68.0
5302	0
5302	
4845;0;0;56;54;68.0
5327	0
5327	
4869;0;0;56;54;89.0
5352	0
5352	
4893;0;0;56;54;89.0
5375	0
5375	
4917;0;0;56;54;68.0
5401	0
5401	
4942;0;0;56;54;68.0
5426	0
5426	
4968;0;0;56;54;67.0
5450	0
5450	
4993;0;0;56;54;67.0
5486	0
5486	
5023;0;0;56;54;67.0
5505	0
5505	
5047;0;0;56;54;67.0
5529	0
5529	
5072;0;0;56;54;67.0
5556	0
5556	
5098;0;0;56;54;73.0
5580	0
5580	
5122;0;0;56;54;68.0
5604	0
5604	
5147;0;0;56;54;68.0
5631	0
5631	
5172;0;0;56;54;89.0
5654	0
5654	
5196;0;0;56;54;89.0
5678	0
5678	
5220;0;0;56;54;68.0
5710	0
5710	
5251;0;0;56;54;68.0
5733	0
5733	
5276;0;0;56;54;68.0
5758	0
5758	
5301;0;0;56;54;68.0
5782	0
5782	
5325;0;0;56;54;68.0
5807	0
5807	
5349;0;0;56;54;67.0
5831	0
5831	
5373;0;0;56;54;67.0
5855	0
5855	
5397;0;0;56;54;73.0
5881	0
5881	
5422;0;0;56;54;73.0
5911	0
5911	
5448;0;0;56;54;66.0
5933	0
5933	
5474;0;0;56;54;73.0
5956	0
5956	
5499;0;0;56;54;73.0
5981	0
5981	
5523;0;0;56;54;83.0
6005	0
6005	
5547;0;0;56;54;83.0
6029	0
6029	
5571;0;0;56;54;73.0
6053	0
6053	
5596;0;0;56;54;68.0
6081	0
6081	
5622;0;0;56;54;77.0
6104	0
6104	
5646;0;0;56;54;68.0
6139	0
6139	
5677;0;0;56;54;68.0
6161	0
6161	
5702;0;0;56;54;72.0
6185	0
6185	
5727;0;0;56;54;72.0
6209	0
6209	
5753;0;0;56;54;68.0
6234	0
6234	
5777;0;0;56;54;63.0
6259	0
6259	
5801;0;0;56;54;63.0
6283	0
6283	
5825;0;0;56;54;68.0
6309	0
6309	
5849;0;0;56;54;68.0
6338	0
6338	
5874;0;0;56;54;73.0
6360	0
6360	
5902;0;0;56;54;68.0
6383	0
6383	
5926;0;0;56;54;68.0
6407	0
6407	
5950;0;0;56;54;73.0
6433	0
6433	
5975;0;0;56;54;73.0
6459	0
6459	
5999;0;0;56;54;67.0
6483	0
6483	
6023;0;0;56;54;67.0
6507	0
6507	
6048;0;0;56;54;73.0
6532	0
6532	
6075;0;0;56;54;83.0
6569	0
6569	
6104;0;0;56;54;59.0
6588	0
6588	
6128;0;0;56;54;59.0
6612	0
6612	
6152;0;0;56;54;68.0
6636	0
6636	
6176;0;0;56;54;68.0
6660	0
6660	
6203;0;0;56;54;68.0
6685	0
6685	
6228;0;0;56;54;66.0
6709	0
6709	
6252;0;0;56;54;66.0
6733	0
6733	
6276;0;0;56;54;73.0
6765	0
6765	
6300;0;0;56;54;73.0
6789	0
6789	
6326;0;0;56;54;78.0
6810	0
6810	
6350;0;0;56;54;78.0
6834	0
6834	
6374;0;0;56;54;62.0
6858	0
6858	
6401;0;0;56;54;62.0
6883	0
6883	
6426;0;0;56;54;67.0
6907	0
6907	
6450;0;0;56;54;68.0
6931	0
6931	
6474;0;0;56;54;68.0
6956	0
6956	
6498;0;0;56;54;68.0
6991	0
6991	
6522;0;0;56;54;68.0
7010	0
7010	
6547;0;0;56;54;71.0
7031	0
7031	
6571;0;0;56;54;71.0
7056	0
7056	
6599;0;0;56;54;67.0
7080	0
7080	
6623;0;0;56;54;67.0
7104	0
7104	
6647;0;0;56;54;72.0
7128	0
7128	
6671;0;0;56;54;72.0
7153	0
7153	
6695;0;0;56;54;68.0
7180	0
7180	
6721;0;0;56;54;68.0
7213	0
7213	
6747;0;0;56;54;73.0
7233	0
7233	
6774;0;0;56;54;68.0
7255	0
7255	
6798;0;0;56;54;68.0
7279	0
7279	
6823;0;0;56;54;73.0
7305	0
7305	
6847;0;0;56;54;73.0
7331	0
7331	
6871;0;0;56;54;68.0
7356	0
7356	
6895;0;0;56;54;68.0
7379	0
7379	
6921;0;0;56;54;67.0
7404	0
7404	
6947;0;0;56;54;68.0
7440	0
7440	
6971;0;0;56;54;68.0
7458	0
7458	
6996;0;0;56;54;68.0
7479	0
7479	
7021;0;0;56;54;68.0
7505	0
7505	
7045;0;0;56;54;73.0
7529	0
7529	
7069;0;0;56;54;73.0
7553	0
7553	
7095;0;0;56;54;72.0
7578	0
7578	
7121;0;0;56;54;77.0
7602	0
7602	
7145;0;0;56;54;77.0
7626	0
7626	
7169;0;0;56;54;73.0
7662	0
7662	
7193;0;0;56;54;73.0
7681	0
7681	
7218;0;0;56;54;62.0
7702	0
7702	
7243;0;0;56;54;62.0
7727	0
7727	
7270;0;0;56;54;73.0
7751	0
7751	
7294;0;0;56;54;68.0
7775	0
7775	
7318;0;0;56;54;68.0
7800	0
7800	
7342;0;0;56;54;72.0
7826	0
7826	
7366;0;0;56;54;72.0
7850	0
7850	
7390;0;0;56;54;68.0
7881	0
7881	
7415;0;0;56;54;68.0
7904	0
7904	
7443;0;0;56;54;83.0
7924	0
7924	
7467;0;0;56;54;73.0
7948	0
7948	
7491;0;0;56;54;73.0
7972	0
7972	
7515;0;0;56;54;66.0
7999	0
7999	
7539;0;0;56;54;66.0
8023	0
8023	
7563;0;0;56;54;72.0
8047	0
8047	
7587;0;0;56;54;72.0
8071	0
8071	
7614;0;0;56;54;68.0
8102	0
8102	
7639;0;0;56;54;68.0
8124	0
8124	
7664;0;0;56;54;68.0
8145	0
8145	
7688;0;0;56;54;84.0
8169	0
8169	
7712;0;0;56;54;84.0
8193	0
8193	
7736;0;0;56;54;67.0
8220	0
8220	
7760;0;0;56;54;67.0
8244	0
8244	
7784;0;0;56;54;73.0
8268	0
8268	
7808;0;0;56;54;73.0
8292	0
8292	
7835;0;0;56;54;68.0
8329	0
8329	
7860;0;0;56;54;68.0
8345	0
8345	
7885;0;0;56;54;68.0
8366	0
8366	
7909;0;0;56;54;59.0
8390	0
8390	
7933;0;0;56;54;59.0
8415	0
8415	
7957;0;0;56;54;68.0
8441	0
8441	
7981;0;0;56;54;68.0
8465	0
8465	
8005;0;0;56;54;58.0
8489	0
8489	
8031;0;0;56;54;63.0
8514	0
8514	
8057;0;0;56;54;73.0
8550	0
8550	
8085;0;0;56;54;62.0
8566	0
8566	
8109;0;0;56;54;73.0
8593	0
8593	
8133;0;0;56;54;55.0
8617	0
8617	
8157;0;0;56;54;68.0
8642	0
8642	
8185;0;0;56;54;73.0
8667	0
8667	
8210;0;0;56;54;68.0
8691	0
8691	
8234;0;0;56;54;68.0
8715	0
8715	
8258;0;0;56;54;68.0
8740	0
8740	
8282;0;0;56;54;62.0
8774	0
8774	
8317;0;0;56;54;62.0
8800	0
8800	
8343;0;0;56;54;67.0
8824	0
8824	
8367;0;0;56;54;68.0
8848	0
8848	
8391;0;0;56;54;68.0
8873	0
8873	
8415;0;0;56;54;80.0
8899	0
8899	
8439;0;0;56;54;80.0
8923	0
8923	
8463;0;0;56;54;54.0
8947	0
8947	
8488;0;0;56;54;54.0
8978	0
8978	
8515;0;0;56;54;72.0
9002	0
9002	
8540;0;0;56;54;68.0
9022	0
9022	
8565;0;0;56;54;68.0
9046	0
9046	
8589;0;0;56;54;73.0
9070	0
9070	
8613;0;0;56;54;73.0
9097	0
9097	
8637;0;0;56;54;67.0
9121	0
9121	
8661;0;0;56;54;72.0
9145	0
9145	
8685;0;0;56;54;68.0
9169	0
9169	
8712;0;0;56;54;68.0
9206	0
9206	
8737;0;0;56;54;84.0
9222	0
9222	
8762;0;0;56;54;84.0
9243	0
9243	
8786;0;0;56;54;72.0
9267	0
9267	
8810;0;0;56;54;72.0
9292	0
9292	
8834;0;0;56;54;72.0
9318	0
9318	
8858;0;0;56;54;72.0
9343	0
9343	
8882;0;0;56;54;73.0
9366	0
9366	
8907;0;0;56;54;73.0
9391	0
9391	
8934;0;0;56;54;78.0
9427	0
9427	
8958;0;0;56;54;78.0
9443	0
9443	
8982;0;0;56;54;63.0
9463	0
9463	
9006;0;0;56;54;63.0
9490	0
9490	
9031;0;0;56;54;68.0
9515	0
9515	
9055;0;0;56;54;68.0
9539	0
9539	
9079;0;0;56;54;68.0
9563	0
9563	
9106;0;0;56;54;68.0
9588	0
9588	
9131;0;0;56;54;72.0
9613	0
9613	
9156;0;0;56;54;72.0
9649	0
9649	
9180;0;0;56;54;68.0
9668	0
9668	
9204;0;0;56;54;68.0
9688	0
9688	
9229;0;0;56;54;77.0
9713	0
9713	
9253;0;0;56;54;77.0
9738	0
9738	
9281;0;0;56;54;71.0
9763	0
9763	
9306;0;0;56;54;68.0
9787	0
9787	
9331;0;0;56;54;68.0
9812	0
9812	
9355;0;0;56;54;68.0
9839	0
9839	
9379;0;0;56;54;68.0
9872	0
9872	
9411;0;0;56;54;51.0
9895	0
9895	
9438;0;0;56;54;73.0
9919	0
9919	
9462;0;0;56;54;73.0
9943	0
9943	
9486;0;0;56;54;68.0
9967	0
9967	
9510;0;0;56;54;68.0
9994	0
9994	
9534;0;0;56;54;67.0
10018	0
10018	
9558;0;0;56;54;67.0
10042	0
10042	
9582;0;0;56;54;90.0
10066	0
10066	
9609;0;0;56;54;90.0
10097	0
10097	
9640;0;0;56;54;71.0
10121	0
10121	
9664;0;0;56;54;73.0
10145	0
10145	
9688;0;0;56;54;73.0
10172	0
10172	
9712;0;0;56;54;55.0
10196	0
10196	
9736;0;0;56;54;55.0
10220	0
10220	
9760;0;0;56;54;73.0
10244	0
10244	
9787;0;0;56;54;73.0
10269	0
10269	
9812;0;0;56;54;51.0
10293	0
10293	
9836;0;0;56;54;68.0
10329	0
10329	
9865;0;0;56;54;68.0
10349	0
10349	
9889;0;0;56;54;78.0
10373	0
10373	
9913;0;0;56;54;78.0
10397	0
10397	
9940;0;0;56;54;66.0
10422	0
10422	
9965;0;0;56;54;68.0
10446	0
10446	
9989;0;0;56;54;68.0
10471	0
10471	
10014;0;0;56;54;68.0
10498	0
10498	
10038;0;0;56;54;68.0
10531	0
10531	
10062;0;0;56;54;68.0
10550	0
10550	
10090;0;0;56;54;68.0
10572	0
10572	
10115;0;0;56;54;68.0
10596	0
10596	
10139;0;0;56;54;68.0
10620	0
10620	
10163;0;0;56;54;58.0
10644	0
10644	
10187;0;0;56;54;58.0
10671	0
10671	
10211;0;0;56;54;68.0
10695	0
10695	
10235;0;0;56;54;68.0
10719	0
10719	
10259;0;0;56;54;66.0
10752	0
10752	
10291;0;0;56;54;66.0
10774	0
10774	
10317;0;0;56;54;78.0
10798	0
10798	
10341;0;0;56;54;68.0
10822	0
10822	
10365;0;0;56;54;68.0
10847	0
10847	
10389;0;0;56;54;68.0
10873	0
10873	
10413;0;0;56;54;68.0
10897	0
10897	
10437;0;0;56;54;72.0
10921	0
10921	
10462;0;0;56;54;72.0
10951	0
10951	
10489;0;0;56;54;78.0
10977	0
10977	
10514;0;0;56;54;77.0
10995	0
10995	
10538;0;0;56;54;77.0
11020	0
11020	
10562;0;0;56;54;58.0
11046	0
11046	
10586;0;0;56;54;58.0
11070	0
11070	
10610;0;0;56;54;68.0
11094	0
11094	
10636;0;0;56;54;68.0
11120	0
11120	
10663;0;0;56;54;72.0
11144	0
11144	
10687;0;0;56;54;68.0
11180	0
11180	
10711;0;0;56;54;68.0
11199	0
11199	
10737;0;0;56;54;62.0
11221	0
11221	
10761;0;0;56;54;73.0
11245	0
11245	
10785;0;0;56;54;68.0
11269	0
11269	
10810;0;0;56;54;68.0
11294	0
11294	
10838;0;0;56;54;89.0
11319	0
11319	
10862;0;0;56;54;68.0
11343	0
11343	
10886;0;0;56;54;68.0
11377	0
11377	
10910;0;0;56;54;68.0
11398	0
11398	
10936;0;0;56;54;68.0
11420	0
11420	
10962;0;0;56;54;68.0
11445	0
11445	
10986;0;0;56;54;68.0
11469	0
11469	
11012;0;0;56;54;68.0
11494	0
11494	
11037;0;0;56;54;83.0
11519	0
11519	
11061;0;0;56;54;83.0
11543	0
11543	
11085;0;0;56;54;68.0
11569	0
11569	
11109;0;0;56;54;68.0
11605	0
11605	
11142;0;0;56;54;73.0
11624	0
11624	
11167;0;0;56;54;68.0
11649	0
11649	
11191;0;0;56;54;68.0
11673	0
11673	
11215;0;0;56;54;68.0
11700	0
11700	
11240;0;0;56;54;68.0
11725	0
11725	
11267;0;0;56;54;73.0
11749	0
11749	
11291;0;0;56;54;59.0
11773	0
11773	
11316;0;0;56;54;59.0
11800	0
11800	
11342;0;0;56;54;68.0
11832	0
11832	
11375;0;0;56;54;68.0
11856	0
11856	
11399;0;0;56;54;73.0
11880	0
11880	
11423;0;0;56;54;69.0
11905	0
11905	
11447;0;0;56;54;68.0
11929	0
11929	
11471;0;0;56;54;67.0
11955	0
11955	
11495;0;0;56;54;83.0
11979	0
11979	
11520;0;0;56;54;63.0
12004	0
12004	
11547;0;0;56;54;59.0
12040	0
12040	
11571;0;0;56;54;73.0
12058	0
12058	
11596;0;0;56;54;73.0
12077	0
12077	
11620;0;0;56;54;73.0
12102	0
12102	
11644;0;0;56;54;73.0
12128	0
12128	
11668;0;0;56;54;68.0
12152	0
12152	
11692;0;0;56;54;68.0
12176	0
12176	
11717;0;0;56;54;68.0
12201	0
12201	
11744;0;0;56;54;59.0
12228	0
12228	
11769;0;0;56;54;59.0
12253	0
12253	
11794;0;0;56;54;73.0
12275	0
12275	
11818;0;0;56;54;73.0
12303	0
12303	
11843;0;0;56;54;78.0
12328	0
12328	
11868;0;0;56;54;78.0
12352	0
12352	
11893;0;0;56;54;73.0
12377	0
12377	
11920;0;0;56;54;68.0
12402	0
12402	
11945;0;0;56;54;68.0
12426	0
12426	
11969;0;0;56;54;68.0
12459	0
12459	
11997;0;0;56;54;68.0
12481	0
12481	
12021;0;0;56;54;50.0
12505	0
12505	
12048;0;0;56;54;50.0
12531	0
12531	
12073;0;0;56;54;55.0
12554	0
12554	
12097;0;0;56;54;55.0
12579	0
12579	
12122;0;0;56;54;62.0
12606	0
12606	
12146;0;0;56;54;62.0
12630	0
12630	
12170;0;0;56;54;77.0
12659	0
12659	
12194;0;0;56;54;77.0
12681	0
12681	
12222;0;0;56;54;66.0
12704	0
12704	
12247;0;0;56;54;73.0
12728	0
12728	
12271;0;0;56;54;73.0
12752	0
12752	
12295;0;0;56;54;68.0
12779	0
12779	
12319;0;0;56;54;68.0
12804	0
12804	
12344;0;0;56;54;68.0
12828	0
12828	
12371;0;0;56;54;68.0
12858	0
12858	
12396;0;0;56;54;73.0
12880	0
12880	
12421;0;0;56;54;55.0
12903	0
12903	
12446;0;0;56;54;55.0
12931	0
12931	
12471;0;0;56;54;68.0
12955	0
12955	
12495;0;0;56;54;68.0
12979	0
12979	
12519;0;0;56;54;68.0
13003	0
13003	
12546;0;0;56;54;68.0
13028	0
13028	
12571;0;0;56;54;67.0
13063	0
13063	
12596;0;0;56;54;68.0
13084	0
13084	
12621;0;0;56;54;68.0
13105	0
13105	
12646;0;0;56;54;68.0
13130	0
13130	
12670;0;0;56;54;68.0
13154	0
13154	
12694;0;0;56;54;72.0
13178	0
13178	
12721;0;0;56;54;72.0
13204	0
13204	
12747;0;0;56;54;59.0
13228	0
13228	
12771;0;0;56;54;68.0
13252	0
13252	
12795;0;0;56;54;68.0
13288	0
13288	
12830;0;0;56;54;54.0
13314	0
13314	
12857;0;0;56;54;67.0
13338	0
13338	
12881;0;0;56;54;68.0
13362	0
13362	
12905;0;0;56;54;68.0
13386	0
13386	
12929;0;0;56;54;73.0
13413	0
13413	
12953;0;0;56;54;73.0
13437	0
13437	
12977;0;0;56;54;73.0
13461	0
13461	
13001;0;0;56;54;73.0
13491	0
13491	
13028;0;0;56;54;89.0
13514	0
13514	
13053;0;0;56;54;59.0
13534	0
13534	
13077;0;0;56;54;59.0
13558	0
13558	
13101;0;0;56;54;68.0
13582	0
13582	
13125;0;0;56;54;68.0
13609	0
13609	
13150;0;0;56;54;83.0
13634	0
13634	
13174;0;0;56;54;83.0
13658	0
13658	
13200;0;0;56;54;68.0
13688	0
13688	
13226;0;0;56;54;77.0
13714	0
13714	
13250;0;0;56;54;77.0
13731	0
13731	
13274;0;0;56;54;59.0
13757	0
13757	
13299;0;0;56;54;59.0
13781	0
13781	
13323;0;0;56;54;72.0
13807	0
13807	
13348;0;0;56;54;72.0
13832	0
13832	
13374;0;0;56;54;73.0
13856	0
13856	
13399;0;0;56;54;73.0
13891	0
13891	
13424;0;0;56;54;73.0
13913	0
13913	
13450;0;0;56;54;63.0
13934	0
13934	
13474;0;0;56;54;63.0
13958	0
13958	
13500;0;0;56;54;68.0
13983	0
13983	
13526;0;0;56;54;83.0
14008	0
14008	
13551;0;0;56;54;83.0
14032	0
14032	
13575;0;0;56;54;67.0
14057	0
14057	
13599;0;0;56;54;67.0
14082	0
14082	
13623;0;0;56;54;63.0
14117	0
14117	
13648;0;0;56;54;63.0
14135	0
14135	
13674;0;0;56;54;68.0
14157	0
14157	
13700;0;0;56;54;68.0
14182	0
14182	
13725;0;0;56;54;68.0
14208	0
14208	
13750;0;0;56;54;77.0
14232	0
14232	
13774;0;0;56;54;77.0
14258	0
14258	
13800;0;0;56;54;62.0
14283	0
14283	
13824;0;0;56;54;68.0
14307	0
14307	
13849;0;0;56;54;68.0
14342	0
14342	
13885;0;0;56;54;67.0
14367	0
14367	
13910;0;0;56;54;62.0
14391	0
14391	
13934;0;0;56;54;62.0
14416	0
14416	
13958;0;0;56;54;77.0
14440	0
14440	
13982;0;0;56;54;77.0
14466	0
14466	
14006;0;0;56;54;68.0
14490	0
14490	
14031;0;0;56;54;68.0
14515	0
14515	
14058;0;0;56;54;68.0
14543	0
14543	
14082;0;0;56;54;68.0
14569	0
14569	
14107;0;0;56;54;68.0
14588	0
14588	
14131;0;0;56;54;67.0
14613	0
14613	
14155;0;0;56;54;67.0
14639	0
14639	
14179;0;0;56;54;68.0
14663	0
14663	
14203;0;0;56;54;68.0
14687	0
14687	
14228;0;0;56;54;67.0
14712	0
14712	
14255;0;0;56;54;54.0
14737	0
14737	
14280;0;0;56;54;54.0
14773	0
14773	
14304;0;0;56;54;73.0
14793	0
14793	
14329;0;0;56;54;73.0
14810	0
14810	
14353;0;0;56;54;73.0
14837	0
14837	
14377;0;0;56;54;73.0
14862	0
14862	
14402;0;0;56;54;73.0
14887	0
14887	
14429;0;0;56;54;73.0
14912	0
14912	
14455;0;0;56;54;72.0
14936	0
14936	
14479;0;0;56;54;66.0
14960	0
14960	
14503;0;0;56;54;66.0
14996	0
14996	
14534;0;0;56;54;68.0
15018	0
15018	
14561;0;0;56;54;68.0
15042	0
15042	
14586;0;0;56;54;63.0
15067	0
15067	
14610;0;0;56;54;67.0
15091	0
15091	
14634;0;0;56;54;67.0
15116	0
15116	
14658;0;0;56;54;68.0
15142	0
15142	
14682;0;0;56;54;68.0
15166	0
15166	
14706;0;0;56;54;73.0
15194	0
15194	
14731;0;0;56;54;73.0
15219	0
15219	
14760;0;0;56;54;53.0
15241	0
15241	
14784;0;0;56;54;67.0
15265	0
15265	
14808;0;0;56;54;67.0
15289	0
15289	
14832;0;0;56;54;68.0
15314	0
15314	
14856;0;0;56;54;68.0
15340	0
15340	
14880;0;0;56;54;72.0
15364	0
15364	
14904;0;0;56;54;72.0
15392	0
15392	
14930;0;0;56;54;73.0
15416	0
15416	
14959;0;0;56;54;68.0
15440	0
15440	
14983;0;0;56;54;67.0
15464	0
15464	
15007;0;0;56;54;68.0
15489	0
15489	
15031;0;0;56;54;68.0
15515	0
15515	
15055;0;0;56;54;68.0
15539	0
15539	
15079;0;0;56;54;68.0
15563	0
15563	
15105;0;0;56;54;72.0
15588	0
15588	
15131;0;0;56;54;51.0
15624	0
15624	
15160;0;0;56;54;51.0
15644	0
15644	
15184;0;0;56;54;68.0
15668	0
15668	
15208;0;0;56;54;68.0
15692	0
15692	
15234;0;0;56;54;73.0
15717	0
15717	
15260;0;0;56;54;83.0
15741	0
15741	
15284;0;0;56;54;83.0
15765	0
15765	
15308;0;0;56;54;58.0
15790	0
15790	
15332;0;0;56;54;58.0
15823	0
15823	
15357;0;0;56;54;67.0
15847	0
15847	
15383;0;0;56;54;71.0
15866	0
15866	
15409;0;0;56;54;71.0
15890	0
15890	
15433;0;0;56;54;73.0
15914	0
15914	
15457;0;0;56;54;73.0
15939	0
15939	
15481;0;0;56;54;72.0
15965	0
15965	
15505;0;0;56;54;72.0
15989	0
15989	
15529;0;0;56;54;84.0
16013	0
16013	
15555;0;0;56;54;84.0
16050	0
16050	
15581;0;0;56;54;68.0
16069	0
16069	
15606;0;0;56;54;66.0
16088	0
16088	
15631;0;0;56;54;66.0
16115	0
16115	
15656;0;0;56;54;73.0
16140	0
16140	
15680;0;0;56;54;73.0
16164	0
16164	
15706;0;0;56;54;68.0
16189	0
16189	
15732;0;0;56;54;68.0
16213	0
16213	
15757;0;0;56;54;68.0
16238	0
16238	
15781;0;0;56;54;55.0
16274	0
16274	
15809;0;0;56;54;55.0
16293	0
16293	
15835;0;0;56;54;71.0
16318	0
16318	
15861;0;0;56;54;72.0
16342	0
16342	
15885;0;0;56;54;72.0
16366	0
16366	
15909;0;0;56;54;63.0
16390	0
16390	
15933;0;0;56;54;63.0
16417	0
16417	
15957;0;0;56;54;68.0
16441	0
16441	
15981;0;0;56;54;73.0
16470	0
16470	
16005;0;0;56;54;68.0
16492	0
16492	
16034;0;0;56;54;89.0
16515	0
