milliseconds	Werte
463	0
463	
6;0;0;56;54;0.0
488	0
488	
30;0;0;56;54;16.0
515	0
515	
54;0;0;56;54;16.0
538	0
538	
78;0;0;56;54;10.0
563	0
563	
102;0;0;56;54;10.0
587	0
587	
129;0;0;56;54;10.0
612	0
612	
154;0;0;56;54;10.0
648	0
648	
183;0;0;56;54;9.0
668	0
668	
207;0;0;56;54;10.0
691	0
691	
231;0;0;56;54;9.0
715	0
715	
258;0;0;56;54;9.0
741	0
741	
283;0;0;56;54;10.0
765	0
765	
307;0;0;56;54;10.0
789	0
789	
331;0;0;56;54;9.0
816	0
816	
355;0;0;56;54;10.0
848	0
848	
379;0;0;56;54;10.0
869	0
869	
403;0;0;56;54;9.0
888	0
888	
427;0;0;56;54;10.0
911	0
911	
452;0;0;56;54;9.0
937	0
937	
480;0;0;56;54;9.0
962	0
962	
504;0;0;56;54;10.0
986	0
986	
528;0;0;56;54;10.0
1010	0
1010	
552;0;0;56;54;11.0
1035	0
1035	
576;0;0;56;54;10.0
1068	0
1068	
601;0;0;56;54;10.0
1090	0
1090	
627;0;0;56;54;10.0
1111	0
1111	
651;0;0;56;54;11.0
1134	0
1134	
675;0;0;56;54;10.0
1159	0
1159	
701;0;0;56;54;9.0
1185	0
1185	
725;0;0;56;54;14.0
1208	0
1208	
749;0;0;56;54;10.0
1232	0
1232	
773;0;0;56;54;10.0
1258	0
1258	
799;0;0;56;54;10.0
1287	0
1287	
823;0;0;56;54;9.0
1311	0
1311	
850;0;0;56;54;10.0
1333	0
1333	
875;0;0;56;54;10.0
1359	0
1359	
900;0;0;56;54;10.0
1383	0
1383	
924;0;0;56;54;10.0
1409	0
1409	
949;0;0;56;54;10.0
1434	0
1434	
975;0;0;56;54;9.0
1459	0
1459	
1001;0;0;56;54;10.0
1483	0
1483	
1025;0;0;56;54;10.0
1517	0
1517	
1049;0;0;56;54;9.0
1536	0
1536	
1074;0;0;56;54;10.0
1559	0
1559	
1098;0;0;56;54;10.0
1583	0
1583	
1123;0;0;56;54;11.0
1607	0
1607	
1148;0;0;56;54;9.0
1631	0
1631	
1173;0;0;56;54;14.0
1657	0
1657	
1198;0;0;56;54;10.0
1680	0
1680	
1222;0;0;56;54;10.0
1705	0
1705	
1246;0;0;56;54;10.0
1739	0
1739	
1270;0;0;56;54;10.0
1759	0
1759	
1294;0;0;56;54;10.0
1779	0
1779	
1319;0;0;56;54;9.0
1804	0
1804	
1346;0;0;56;54;11.0
1828	0
1828	
1370;0;0;56;54;9.0
1852	0
1852	
1394;0;0;56;54;10.0
1876	0
1876	
1418;0;0;56;54;10.0
1901	0
1901	
1442;0;0;56;54;10.0
1927	0
1927	
1466;0;0;56;54;10.0
1961	0
1961	
1490;0;0;56;54;10.0
1979	0
1979	
1515;0;0;56;54;10.0
2000	0
2000	
1540;0;0;56;54;10.0
2025	0
2025	
1567;0;0;56;54;10.0
2049	0
2049	
1591;0;0;56;54;10.0
2073	0
2073	
1615;0;0;56;54;9.0
2097	0
2097	
1639;0;0;56;54;9.0
2123	0
2123	
1663;0;0;56;54;9.0
2149	0
2149	
1688;0;0;56;54;9.0
2182	0
2182	
1720;0;0;56;54;10.0
2203	0
2203	
1745;0;0;56;54;10.0
2227	0
2227	
1769;0;0;56;54;10.0
2251	0
2251	
1793;0;0;56;54;10.0
2276	0
2276	
1817;0;0;56;54;10.0
2300	0
2300	
1841;0;0;56;54;10.0
2326	0
2326	
1865;0;0;56;54;10.0
2350	0
2350	
1890;0;0;56;54;17.0
2375	0
2375	
1917;0;0;56;54;10.0
2405	0
2405	
1947;0;0;56;54;10.0
2431	0
2431	
1971;0;0;56;54;10.0
2454	0
2454	
1995;0;0;56;54;10.0
2479	0
2479	
2019;0;0;56;54;9.0
2504	0
2504	
2044;0;0;56;54;10.0
2529	0
2529	
2071;0;0;56;54;10.0
2553	0
2553	
2095;0;0;56;54;10.0
2577	0
2577	
2119;0;0;56;54;10.0
2601	0
2601	
2143;0;0;56;54;9.0
2637	0
2637	
2171;0;0;56;54;9.0
2657	0
2657	
2199;0;0;56;54;9.0
2681	0
2681	
2223;0;0;56;54;10.0
2705	0
2705	
2247;0;0;56;54;9.0
2729	0
2729	
2271;0;0;56;54;9.0
2754	0
2754	
2295;0;0;56;54;9.0
2780	0
2780	
2319;0;0;56;54;11.0
2804	0
2804	
2343;0;0;56;54;17.0
2832	0
2832	
2368;0;0;56;54;10.0
2855	0
2855	
2397;0;0;56;54;10.0
2879	0
2879	
2421;0;0;56;54;10.0
2903	0
2903	
2445;0;0;56;54;10.0
2928	0
2928	
2469;0;0;56;54;10.0
2952	0
2952	
2493;0;0;56;54;10.0
2978	0
2978	
2517;0;0;56;54;10.0
3002	0
3002	
2542;0;0;56;54;13.0
3028	0
3028	
2570;0;0;56;54;9.0
3065	0
3065	
2594;0;0;56;54;10.0
3081	0
3081	
2619;0;0;56;54;10.0
3101	0
3101	
2643;0;0;56;54;9.0
3125	0
3125	
2667;0;0;56;54;9.0
3152	0
3152	
2691;0;0;56;54;10.0
3176	0
3176	
2715;0;0;56;54;10.0
3200	0
3200	
2739;0;0;56;54;10.0
3224	0
3224	
2766;0;0;56;54;10.0
3249	0
3249	
2791;0;0;56;54;29.0
3285	0
3285	
2815;0;0;56;54;10.0
3303	0
3303	
2840;0;0;56;54;10.0
3322	0
3322	
2864;0;0;56;54;10.0
3347	0
3347	
2888;0;0;56;54;10.0
3373	0
3373	
2913;0;0;56;54;11.0
3398	0
3398	
2938;0;0;56;54;10.0
3423	0
3423	
2965;0;0;56;54;10.0
3447	0
3447	
2989;0;0;56;54;9.0
3471	0
3471	
3014;0;0;56;54;10.0
3509	0
3509	
3044;0;0;56;54;10.0
3529	0
3529	
3069;0;0;56;54;10.0
3554	0
3554	
3096;0;0;56;54;10.0
3578	0
3578	
3120;0;0;56;54;9.0
3602	0
3602	
3144;0;0;56;54;10.0
3630	0
3630	
3169;0;0;56;54;10.0
3654	0
3654	
3193;0;0;56;54;9.0
3678	0
3678	
3217;0;0;56;54;10.0
3702	0
3702	
3244;0;0;56;54;10.0
3739	0
3739	
3273;0;0;56;54;10.0
3755	0
3755	
3297;0;0;56;54;10.0
3782	0
3782	
3321;0;0;56;54;10.0
3806	0
3806	
3345;0;0;56;54;10.0
3829	0
3829	
3369;0;0;56;54;9.0
3853	0
3853	
3396;0;0;56;54;9.0
3879	0
3879	
3421;0;0;56;54;11.0
3903	0
3903	
3445;0;0;56;54;10.0
3938	0
3938	
3469;0;0;56;54;10.0
3957	0
3957	
3493;0;0;56;54;10.0
3976	0
3976	
3517;0;0;56;54;11.0
4002	0
4002	
3541;0;0;56;54;10.0
4026	0
4026	
3565;0;0;56;54;10.0
4050	0
4050	
3590;0;0;56;54;10.0
4075	0
4075	
3617;0;0;56;54;9.0
4101	0
4101	
3642;0;0;56;54;10.0
4125	0
4125	
3667;0;0;56;54;10.0
4158	0
4158	
3691;0;0;56;54;9.0
4180	0
4180	
3716;0;0;56;54;16.0
4201	0
4201	
3741;0;0;56;54;10.0
4226	0
4226	
3766;0;0;56;54;10.0
4250	0
4250	
3792;0;0;56;54;9.0
4275	0
4275	
3817;0;0;56;54;10.0
4299	0
4299	
3841;0;0;56;54;9.0
4324	0
4324	
3865;0;0;56;54;10.0
4350	0
4350	
3889;0;0;56;54;10.0
4388	0
4388	
3913;0;0;56;54;11.0
4402	0
4402	
3937;0;0;56;54;10.0
4422	0
4422	
3962;0;0;56;54;17.0
4447	0
4447	
3989;0;0;56;54;13.0
4471	0
4471	
4013;0;0;56;54;10.0
4495	0
4495	
4037;0;0;56;54;10.0
4519	0
4519	
4061;0;0;56;54;9.0
4545	0
4545	
4085;0;0;56;54;9.0
4570	0
4570	
4109;0;0;56;54;10.0
4601	0
4601	
4133;0;0;56;54;10.0
4623	0
4623	
4161;0;0;56;54;16.0
4644	0
4644	
4186;0;0;56;54;10.0
4668	0
4668	
4210;0;0;56;54;10.0
4692	0
4692	
4234;0;0;56;54;10.0
4719	0
4719	
4258;0;0;56;54;10.0
4743	0
4743	
4282;0;0;56;54;10.0
4767	0
4767	
4306;0;0;56;54;10.0
4791	0
4791	
4333;0;0;56;54;9.0
4828	0
4828	
4362;0;0;56;54;9.0
4844	0
4844	
4386;0;0;56;54;10.0
4871	0
4871	
4410;0;0;56;54;17.0
4895	0
4895	
4434;0;0;56;54;11.0
4918	0
4918	
4458;0;0;56;54;9.0
4943	0
4943	
4485;0;0;56;54;10.0
4968	0
4968	
4510;0;0;56;54;10.0
4992	0
4992	
4534;0;0;56;54;12.0
5016	0
5016	
4558;0;0;56;54;9.0
5043	0
5043	
4585;0;0;56;54;10.0
5070	0
5070	
4609;0;0;56;54;10.0
5095	0
5095	
4634;0;0;56;54;10.0
5119	0
5119	
4659;0;0;56;54;10.0
5144	0
5144	
4686;0;0;56;54;10.0
5169	0
5169	
4710;0;0;56;54;10.0
5192	0
5192	
4734;0;0;56;54;9.0
5216	0
5216	
4758;0;0;56;54;10.0
5250	0
5250	
4782;0;0;56;54;10.0
5271	0
5271	
4807;0;0;56;54;9.0
5291	0
5291	
4831;0;0;56;54;9.0
5316	0
5316	
4856;0;0;56;54;10.0
5341	0
5341	
4883;0;0;56;54;10.0
5365	0
5365	
4907;0;0;56;54;9.0
5389	0
5389	
4931;0;0;56;54;10.0
5413	0
5413	
4955;0;0;56;54;9.0
5440	0
5440	
4979;0;0;56;54;10.0
5478	0
5478	
5003;0;0;56;54;9.0
5492	0
5492	
5027;0;0;56;54;10.0
5512	0
5512	
5051;0;0;56;54;10.0
5536	0
5536	
5078;0;0;56;54;9.0
5561	0
5561	
5103;0;0;56;54;10.0
5585	0
5585	
5127;0;0;56;54;10.0
5609	0
5609	
5151;0;0;56;54;10.0
5633	0
5633	
5175;0;0;56;54;10.0
5660	0
5660	
5199;0;0;56;54;10.0
5691	0
5691	
5223;0;0;56;54;10.0
5713	0
5713	
5249;0;0;56;54;10.0
5734	0
5734	
5274;0;0;56;54;10.0
5758	0
5758	
5298;0;0;56;54;14.0
5782	0
5782	
5324;0;0;56;54;17.0
5806	0
5806	
5348;0;0;56;54;10.0
5831	0
5831	
5372;0;0;56;54;11.0
5855	0
5855	
5396;0;0;56;54;10.0
5881	0
5881	
5421;0;0;56;54;10.0
5914	0
5914	
5446;0;0;56;54;9.0
5933	0
5933	
5470;0;0;56;54;11.0
5953	0
5953	
5494;0;0;56;54;10.0
5978	0
5978	
5520;0;0;56;54;9.0
6002	0
6002	
5544;0;0;56;54;10.0
6027	0
6027	
5568;0;0;56;54;10.0
6051	0
6051	
5592;0;0;56;54;15.0
6077	0
6077	
5616;0;0;56;54;10.0
6101	0
6101	
5641;0;0;56;54;10.0
6135	0
6135	
5674;0;0;56;54;10.0
6156	0
6156	
5698;0;0;56;54;10.0
6180	0
6180	
5723;0;0;56;54;10.0
6206	0
6206	
5747;0;0;56;54;10.0
6233	0
6233	
5771;0;0;56;54;16.0
6256	0
6256	
5795;0;0;56;54;10.0
6280	0
6280	
5821;0;0;56;54;10.0
6305	0
6305	
5847;0;0;56;54;10.0
6333	0
6333	
5871;0;0;56;54;10.0
6360	0
6360	
5896;0;0;56;54;10.0
6378	0
6378	
5921;0;0;55;54;10.0
6404	0
6404	
5945;0;0;56;54;10.0
6430	0
6430	
5969;0;0;56;54;10.0
6454	0
6454	
5993;0;0;56;54;16.0
6478	0
6478	
6018;0;0;56;54;16.0
6503	0
6503	
6045;0;0;56;54;10.0
6527	0
6527	
6069;0;0;56;54;10.0
6563	0
6563	
6093;0;0;56;54;10.0
6581	0
6581	
6118;0;0;56;54;10.0
6600	0
6600	
6142;0;0;56;54;10.0
6625	0
6625	
6166;0;0;56;54;10.0
6651	0
6651	
6190;0;0;56;54;10.0
6675	0
6675	
6214;0;0;56;54;9.0
6698	0
6698	
6239;0;0;56;54;9.0
6724	0
6724	
6266;0;0;56;54;10.0
6748	0
6748	
6290;0;0;56;54;10.0
6785	0
6785	
6314;0;0;56;54;10.0
6805	0
6805	
6339;0;0;56;54;10.0
6823	0
6823	
6364;0;0;56;54;10.0
6849	0
6849	
6388;0;0;56;54;11.0
6873	0
6873	
6412;0;0;56;54;11.0
6897	0
6897	
6437;0;0;56;54;10.0
6922	0
6922	
6464;0;0;56;54;15.0
6946	0
6946	
6488;0;0;56;54;10.0
6970	0
6970	
6512;0;0;56;54;10.0
7006	0
7006	
6536;0;0;56;54;10.0
7026	0
7026	
6560;0;0;56;54;10.0
7046	0
7046	
6585;0;0;56;54;10.0
7070	0
7070	
6610;0;0;56;54;10.0
7095	0
7095	
6637;0;0;56;54;10.0
7119	0
7119	
6661;0;0;56;54;9.0
7143	0
7143	
6685;0;0;56;54;10.0
7167	0
7167	
6709;0;0;56;54;10.0
7198	0
7198	
6733;0;0;56;54;10.0
7221	0
7221	
6759;0;0;56;54;10.0
7244	0
7244	
6786;0;0;56;54;10.0
7269	0
7269	
6811;0;0;56;54;10.0
7293	0
7293	
6835;0;0;56;54;10.0
7317	0
7317	
6859;0;0;56;54;10.0
7342	0
7342	
6883;0;0;56;54;9.0
7368	0
7368	
6907;0;0;56;54;10.0
7392	0
7392	
6931;0;0;56;54;17.0
7422	0
7422	
6956;0;0;56;54;10.0
7443	0
7443	
6984;0;0;56;54;10.0
7466	0
7466	
7008;0;0;56;54;10.0
7490	0
7490	
7032;0;0;56;54;10.0
7516	0
7516	
7056;0;0;56;54;10.0
7539	0
7539	
7080;0;0;56;54;10.0
7565	0
7565	
7104;0;0;56;54;11.0
7589	0
7589	
7128;0;0;56;54;11.0
7613	0
7613	
7154;0;0;56;54;10.0
7643	0
7643	
7180;0;0;56;54;10.0
7669	0
7669	
7204;0;0;56;54;10.0
7687	0
7687	
7228;0;0;56;54;10.0
7710	0
7710	
7252;0;0;56;54;10.0
7735	0
7735	
7276;0;0;56;54;10.0
7761	0
7761	
7300;0;0;56;54;10.0
7785	0
7785	
7325;0;0;56;54;10.0
7811	0
7811	
7353;0;0;56;54;10.0
7835	0
7835	
7377;0;0;56;54;16.0
7871	0
7871	
7401;0;0;56;54;10.0
7891	0
7891	
7426;0;0;56;54;10.0
7909	0
7909	
7450;0;0;56;54;10.0
7935	0
7935	
7474;0;0;56;54;10.0
7959	0
7959	
7498;0;0;56;54;10.0
7983	0
7983	
7524;0;0;56;54;10.0
8008	0
8008	
7550;0;0;56;54;10.0
8032	0
8032	
7574;0;0;56;54;10.0
8056	0
8056	
7598;0;0;56;54;14.0
8093	0
8093	
7631;0;0;56;54;10.0
8116	0
8116	
7658;0;0;56;54;10.0
8140	0
8140	
7682;0;0;56;54;10.0
8164	0
8164	
7706;0;0;56;54;10.0
8188	0
8188	
7730;0;0;56;54;10.0
8213	0
8213	
7754;0;0;56;54;10.0
8239	0
8239	
7778;0;0;56;54;10.0
8263	0
8263	
7802;0;0;56;54;10.0
8292	0
8292	
7828;0;0;56;54;11.0
8316	0
8316	
7856;0;0;56;54;10.0
8339	0
8339	
7880;0;0;56;54;10.0
8362	0
8362	
7904;0;0;56;54;11.0
8389	0
8389	
7929;0;0;56;54;11.0
8414	0
8414	
7953;0;0;56;54;10.0
8438	0
8438	
7978;0;0;56;54;10.0
8463	0
8463	
8005;0;0;56;54;10.0
8487	0
8487	
8029;0;0;56;54;10.0
8523	0
8523	
8053;0;0;56;54;12.0
8541	0
8541	
8077;0;0;56;54;10.0
8559	0
8559	
8101;0;0;56;54;10.0
8586	0
8586	
8126;0;0;56;54;10.0
8611	0
8611	
8150;0;0;56;54;10.0
8635	0
8635	
8175;0;0;56;54;10.0
8660	0
8660	
8202;0;0;56;54;10.0
8684	0
8684	
8226;0;0;56;54;9.0
8708	0
8708	
8250;0;0;56;54;10.0
8749	0
8749	
8274;0;0;56;54;10.0
8764	0
8764	
8298;0;0;56;54;21.0
8783	0
8783	
8322;0;0;56;54;10.0
8807	0
8807	
8346;0;0;56;54;10.0
8831	0
8831	
8372;0;0;56;54;10.0
8856	0
8856	
8398;0;0;56;54;10.0
8881	0
8881	
8423;0;0;56;54;10.0
8905	0
8905	
8447;0;0;56;54;11.0
8930	0
8930	
8471;0;0;56;54;10.0
8965	0
8965	
8495;0;0;56;54;10.0
8984	0
8984	
8519;0;0;56;54;9.0
9004	0
9004	
8544;0;0;56;54;10.0
9029	0
9029	
8571;0;0;56;54;10.0
9053	0
9053	
8595;0;0;56;54;10.0
9077	0
9077	
8619;0;0;56;54;10.0
9101	0
9101	
8643;0;0;56;54;10.0
9128	0
9128	
8667;0;0;56;54;10.0
9160	0
9160	
8691;0;0;56;54;10.0
9181	0
9181	
8716;0;0;56;54;9.0
9201	0
9201	
8743;0;0;56;54;10.0
9225	0
9225	
8767;0;0;56;54;17.0
9249	0
9249	
8791;0;0;56;54;10.0
9273	0
9273	
8815;0;0;56;54;10.0
9300	0
9300	
8839;0;0;56;54;10.0
9324	0
9324	
8863;0;0;56;54;11.0
9347	0
9347	
8887;0;0;56;54;9.0
9377	0
9377	
8915;0;0;56;54;10.0
9403	0
9403	
8941;0;0;56;54;10.0
9423	0
9423	
8965;0;0;56;54;9.0
9447	0
9447	
8989;0;0;56;54;9.0
9472	0
9472	
9013;0;0;56;54;12.0
9498	0
9498	
9037;0;0;56;54;12.0
9522	0
9522	
9061;0;0;56;54;10.0
9546	0
9546	
9086;0;0;56;54;10.0
9571	0
9571	
9113;0;0;56;54;10.0
9600	0
9600	
9137;0;0;56;54;10.0
9623	0
9623	
9161;0;0;56;54;10.0
9644	0
9644	
9186;0;0;56;54;10.0
9668	0
9668	
9210;0;0;56;54;10.0
9695	0
9695	
9235;0;0;56;54;10.0
9720	0
9720	
9259;0;0;56;54;10.0
9744	0
9744	
9284;0;0;56;54;10.0
9769	0
9769	
9311;0;0;56;54;10.0
9794	0
9794	
9336;0;0;56;54;10.0
9830	0
9830	
9360;0;0;56;54;10.0
9849	0
9849	
9384;0;0;56;54;10.0
9867	0
9867	
9408;0;0;56;54;10.0
9893	0
9893	
9432;0;0;56;54;9.0
9917	0
9917	
9456;0;0;56;54;10.0
9941	0
9941	
9481;0;0;56;54;10.0
9966	0
9966	
9508;0;0;56;54;10.0
9990	0
9990	
9532;0;0;56;54;9.0
10024	0
10024	
9556;0;0;56;54;10.0
10045	0
10045	
9581;0;0;56;54;10.0
10064	0
10064	
9605;0;0;56;54;10.0
10090	0
10090	
9629;0;0;56;54;10.0
10114	0
10114	
9653;0;0;56;54;11.0
10138	0
10138	
9679;0;0;56;54;14.0
10163	0
10163	
9705;0;0;56;54;10.0
10187	0
10187	
9729;0;0;56;54;10.0
10211	0
10211	
9753;0;0;56;54;12.0
10244	0
10244	
9777;0;0;56;54;12.0
10265	0
10265	
9802;0;0;56;54;10.0
10287	0
10287	
9826;0;0;56;54;10.0
10311	0
10311	
9852;0;0;56;54;10.0
10336	0
10336	
9878;0;0;56;54;16.0
10360	0
10360	
9902;0;0;56;54;16.0
10385	0
10385	
9927;0;0;56;54;10.0
10412	0
10412	
9951;0;0;56;54;10.0
10436	0
10436	
9975;0;0;56;54;10.0
10465	0
10465	
9999;0;0;56;54;10.0
10488	0
10488	
10028;0;0;56;54;10.0
10512	0
10512	
10054;0;0;56;54;10.0
10536	0
10536	
10078;0;0;56;54;10.0
10563	0
10563	
10102;0;0;56;54;9.0
10587	0
10587	
10126;0;0;56;54;10.0
10611	0
10611	
10150;0;0;56;54;16.0
10635	0
10635	
10177;0;0;56;54;10.0
10660	0
10660	
10202;0;0;56;54;12.0
10697	0
10697	
10231;0;0;56;54;10.0
10716	0
10716	
10255;0;0;56;54;9.0
10740	0
10740	
10279;0;0;56;54;10.0
10764	0
10764	
10304;0;0;56;54;9.0
10789	0
10789	
10331;0;0;56;54;10.0
10813	0
10813	
10355;0;0;56;54;15.0
10837	0
10837	
10379;0;0;56;54;9.0
10861	0
10861	
10403;0;0;56;54;10.0
10895	0
10895	
10427;0;0;56;54;10.0
10917	0
10917	
10452;0;0;56;54;10.0
10937	0
10937	
10477;0;0;56;54;10.0
10962	0
10962	
10504;0;0;56;54;10.0
10986	0
10986	
10528;0;0;56;54;10.0
11010	0
11010	
10552;0;0;56;54;10.0
11034	0
11034	
10576;0;0;56;54;10.0
11059	0
11059	
10600;0;0;56;54;10.0
11086	0
11086	
10625;0;0;56;54;10.0
11114	0
11114	
10656;0;0;56;54;11.0
11138	0
11138	
10680;0;0;56;54;10.0
11162	0
11162	
10704;0;0;56;54;10.0
11186	0
11186	
10728;0;0;56;54;9.0
11211	0
11211	
10752;0;0;56;54;10.0
11237	0
11237	
10776;0;0;56;54;10.0
11261	0
11261	
10800;0;0;56;54;9.0
11285	0
11285	
10825;0;0;56;54;13.0
11314	0
11314	
10852;0;0;56;54;9.0
11338	0
11338	
10878;0;0;56;54;10.0
11360	0
11360	
10902;0;0;56;54;10.0
11384	0
11384	
10926;0;0;56;54;10.0
11408	0
11408	
10950;0;0;56;54;11.0
11433	0
11433	
10974;0;0;56;54;10.0
11459	0
11459	
10998;0;0;56;54;10.0
11483	0
11483	
11022;0;0;56;54;9.0
11507	0
11507	
11047;0;0;56;54;10.0
11541	0
11541	
11078;0;0;56;54;9.0
11560	0
11560	
11102;0;0;56;54;10.0
11584	0
11584	
11126;0;0;56;54;9.0
11611	0
11611	
11150;0;0;56;54;10.0
11635	0
11635	
11174;0;0;56;54;11.0
11659	0
11659	
11198;0;0;56;54;10.0
11683	0
11683	
11225;0;0;56;54;10.0
11708	0
11708	
11250;0;0;56;54;9.0
11750	0
11750	
11274;0;0;56;54;10.0
11763	0
11763	
11298;0;0;56;54;10.0
11780	0
11780	
11322;0;0;56;54;10.0
11806	0
11806	
11347;0;0;56;54;10.0
11832	0
11832	
11371;0;0;56;54;10.0
11856	0
11856	
11395;0;0;56;54;10.0
11880	0
11880	
11420;0;0;56;54;10.0
11905	0
11905	
11447;0;0;56;54;10.0
11938	0
11938	
11473;0;0;56;54;10.0
11961	0
11961	
11498;0;0;56;54;9.0
11981	0
11981	
11522;0;0;56;54;26.0
12007	0
12007	
11547;0;0;56;54;10.0
12032	0
12032	
11572;0;0;56;54;10.0
12057	0
12057	
11599;0;0;56;54;10.0
12081	0
12081	
11623;0;0;56;54;10.0
12105	0
12105	
11647;0;0;56;54;11.0
12129	0
12129	
11671;0;0;56;54;9.0
12165	0
12165	
11695;0;0;56;54;10.0
12185	0
12185	
11720;0;0;56;54;11.0
12205	0
12205	
11745;0;0;56;54;10.0
12230	0
12230	
11770;0;0;56;54;18.0
12255	0
12255	
11797;0;0;56;54;11.0
12279	0
12279	
11821;0;0;56;54;11.0
12304	0
12304	
11846;0;0;56;54;11.0
12328	0
12328	
11870;0;0;56;54;11.0
12355	0
12355	
11894;0;0;56;54;10.0
12382	0
12382	
11924;0;0;56;54;10.0
12408	0
12408	
11950;0;0;56;54;9.0
12432	0
12432	
11974;0;0;56;54;11.0
12456	0
12456	
11998;0;0;56;54;11.0
12480	0
12480	
12022;0;0;56;54;10.0
12507	0
12507	
12047;0;0;56;54;11.0
12532	0
12532	
12071;0;0;56;54;10.0
12556	0
12556	
12096;0;0;56;54;10.0
12588	0
12588	
12123;0;0;56;54;10.0
12609	0
12609	
12149;0;0;56;54;10.0
12631	0
12631	
12173;0;0;56;54;11.0
12659	0
12659	
12198;0;0;56;54;10.0
12683	0
12683	
12222;0;0;56;54;16.0
12707	0
12707	
12247;0;0;56;54;12.0
12732	0
12732	
12274;0;0;56;54;10.0
12756	0
12756	
12298;0;0;56;54;11.0
12791	0
12791	
12322;0;0;56;54;12.0
12812	0
12812	
12346;0;0;56;54;9.0
12830	0
12830	
12371;0;0;56;54;11.0
12856	0
12856	
12395;0;0;56;54;10.0
12880	0
12880	
12419;0;0;56;54;10.0
12905	0
12905	
12445;0;0;56;54;26.0
12929	0
12929	
12471;0;0;56;54;10.0
12953	0
12953	
12495;0;0;56;54;10.0
12977	0
12977	
12519;0;0;56;54;10.0
13013	0
13013	
12543;0;0;56;54;10.0
13032	0
13032	
12568;0;0;56;54;9.0
13053	0
13053	
12593;0;0;56;54;11.0
13078	0
13078	
12620;0;0;56;54;10.0
13103	0
13103	
12644;0;0;56;54;10.0
13126	0
13126	
12668;0;0;56;54;10.0
13150	0
13150	
12692;0;0;56;54;10.0
13175	0
13175	
12716;0;0;56;54;10.0
13204	0
13204	
12740;0;0;56;54;10.0
13229	0
13229	
12770;0;0;56;54;10.0
13252	0
13252	
12794;0;0;56;54;11.0
13277	0
13277	
12819;0;0;56;54;10.0
13301	0
13301	
12843;0;0;56;54;9.0
13326	0
13326	
12867;0;0;56;54;10.0
13352	0
13352	
12891;0;0;56;54;14.0
13376	0
13376	
12915;0;0;56;54;18.0
13400	0
13400	
12940;0;0;56;54;11.0
13433	0
13433	
12967;0;0;56;54;9.0
13452	0
13452	
12992;0;0;56;54;10.0
13474	0
13474	
13016;0;0;56;54;9.0
13498	0
13498	
13040;0;0;56;54;10.0
13525	0
13525	
13064;0;0;56;54;10.0
13549	0
13549	
13088;0;0;56;54;11.0
13573	0
13573	
13112;0;0;56;54;9.0
13597	0
13597	
13139;0;0;56;54;10.0
13622	0
13622	
13164;0;0;56;54;10.0
13656	0
13656	
13193;0;0;56;54;10.0
13678	0
13678	
13217;0;0;56;54;10.0
13702	0
13702	
13241;0;0;56;54;10.0
13726	0
13726	
13268;0;0;56;54;10.0
13751	0
13751	
13293;0;0;56;54;9.0
13776	0
13776	
13318;0;0;56;54;10.0
13800	0
13800	
13342;0;0;56;54;12.0
13827	0
13827	
13366;0;0;56;54;10.0
13858	0
13858	
13390;0;0;56;54;10.0
13879	0
13879	
13415;0;0;56;54;9.0
13901	0
13901	
13443;0;0;56;54;10.0
13925	0
13925	
13467;0;0;56;54;10.0
13949	0
13949	
13491;0;0;56;54;9.0
13973	0
13973	
13515;0;0;56;54;10.0
13998	0
13998	
13539;0;0;56;54;10.0
14024	0
14024	
13563;0;0;56;54;9.0
14048	0
14048	
13587;0;0;56;54;9.0
14076	0
14076	
13617;0;0;56;54;10.0
14100	0
14100	
13642;0;0;56;54;10.0
14124	0
14124	
13666;0;0;56;54;10.0
14148	0
14148	
13690;0;0;56;54;9.0
14173	0
14173	
13714;0;0;56;54;10.0
14199	0
14199	
13738;0;0;56;54;9.0
14223	0
14223	
13762;0;0;56;54;9.0
14247	0
14247	
13787;0;0;56;54;10.0
14279	0
14279	
13814;0;0;56;54;10.0
14299	0
14299	
13839;0;0;56;54;10.0
14321	0
14321	
13863;0;0;56;54;9.0
14345	0
14345	
13887;0;0;56;54;10.0
14373	0
14373	
13912;0;0;56;54;9.0
14397	0
14397	
13936;0;0;56;54;9.0
14421	0
14421	
13961;0;0;56;54;10.0
14446	0
14446	
13988;0;0;56;54;9.0
14470	0
14470	
14012;0;0;56;54;9.0
14505	0
14505	
14042;0;0;56;54;10.0
14527	0
14527	
14066;0;0;56;54;10.0
14551	0
14551	
14093;0;0;56;54;9.0
14576	0
14576	
14118;0;0;56;54;9.0
14600	0
14600	
14142;0;0;56;54;9.0
14624	0
14624	
14166;0;0;56;54;10.0
14648	0
14648	
14190;0;0;56;54;10.0
14675	0
14675	
14214;0;0;56;54;10.0
14705	0
14705	
14238;0;0;56;54;9.0
14727	0
14727	
14266;0;0;56;54;9.0
14751	0
14751	
14293;0;0;56;54;10.0
14775	0
14775	
14317;0;0;56;54;9.0
14799	0
14799	
14341;0;0;56;54;9.0
14826	0
14826	
14365;0;0;56;54;11.0
14850	0
14850	
14389;0;0;56;54;9.0
14874	0
14874	
14413;0;0;56;54;9.0
14899	0
14899	
14440;0;0;56;54;12.0
14935	0
14935	
14469;0;0;56;54;9.0
14951	0
14951	
14493;0;0;56;54;14.0
14978	0
14978	
14517;0;0;56;54;10.0
15002	0
15002	
14541;0;0;56;54;9.0
15026	0
15026	
14565;0;0;56;54;9.0
15050	0
15050	
14592;0;0;56;54;10.0
15075	0
15075	
14617;0;0;56;54;10.0
15099	0
15099	
14641;0;0;56;54;10.0
15135	0
15135	
14665;0;0;56;54;9.0
15154	0
15154	
14689;0;0;56;54;9.0
15172	0
15172	
14713;0;0;56;54;10.0
15198	0
15198	
14737;0;0;56;54;15.0
15222	0
15222	
14761;0;0;56;54;9.0
15246	0
15246	
14786;0;0;56;54;9.0
15271	0
15271	
14813;0;0;56;54;9.0
15295	0
15295	
14837;0;0;56;54;10.0
15319	0
15319	
14861;0;0;56;54;9.0
15350	0
15350	
14889;0;0;56;54;9.0
15374	0
15374	
14913;0;0;56;54;10.0
15398	0
15398	
14940;0;0;56;54;9.0
15423	0
15423	
14965;0;0;56;54;10.0
15447	0
15447	
14989;0;0;56;54;10.0
15471	0
15471	
15013;0;0;56;54;10.0
15496	0
15496	
15037;0;0;56;54;10.0
15522	0
15522	
15061;0;0;56;54;10.0
15551	0
15551	
15085;0;0;56;54;11.0
15573	0
15573	
15114;0;0;56;54;10.0
15596	0
15596	
15138;0;0;56;54;10.0
15620	0
15620	
15162;0;0;56;54;10.0
15644	0
15644	
15186;0;0;56;54;10.0
15669	0
15669	
15210;0;0;56;54;10.0
15695	0
15695	
15234;0;0;56;54;10.0
15720	0
15720	
15260;0;0;56;54;9.0
15745	0
15745	
15287;0;0;56;54;10.0
15781	0
15781	
15318;0;0;56;54;10.0
15803	0
15803	
15342;0;0;56;54;10.0
15827	0
15827	
15366;0;0;56;54;10.0
15851	0
15851	
15393;0;0;56;54;10.0
15876	0
15876	
15418;0;0;56;54;9.0
15900	0
15900	
15442;0;0;56;54;10.0
15924	0
15924	
15466;0;0;56;54;10.0
15952	0
15952	
15491;0;0;56;54;10.0
15985	0
15985	
15515;0;0;56;54;10.0
16004	0
16004	
15541;0;0;56;54;9.0
16024	0
16024	
15565;0;0;56;54;9.0
16048	0
16048	
15590;0;0;56;54;10.0
16075	0
16075	
15615;0;0;56;54;9.0
16098	0
16098	
15639;0;0;56;54;13.0
16122	0
16122	
15663;0;0;56;54;10.0
16146	0
16146	
15687;0;0;56;54;10.0
16172	0
16172	
15712;0;0;56;54;10.0
16208	0
16208	
15744;0;0;56;54;10.0
16226	0
16226	
15768;0;0;56;54;10.0
16251	0
16251	
15792;0;0;56;54;10.0
16275	0
16275	
15816;0;0;56;54;9.0
16299	0
16299	
15840;0;0;56;54;9.0
16325	0
16325	
15865;0;0;56;54;10.0
16350	0
16350	
15890;0;0;56;54;9.0
16373	0
16373	
15915;0;0;56;54;10.0
16406	0
16406	
15940;0;0;56;54;9.0
16428	0
16428	
15965;0;0;56;54;10.0
16448	0
16448	
15989;0;0;56;54;10.0
16472	0
16472	
16013;0;0;56;54;10.0
16496	0
16496	
16037;0;0;56;54;10.0
16522	0
16522	
16063;0;0;56;54;10.0
16547	0
16547	
16087;0;0;56;54;10.0
16570	0
16570	
16112;0;0;56;54;9.0
16595	0
16595	
16137;0;0;56;54;10.0
16627	0
16627	
16169;0;0;56;54;10.0
16654	0
16654	
16194;0;0;56;54;11.0
16677	0
16677	
16218;0;0;56;54;10.0
16701	0
16701	
16243;0;0;56;54;10.0
16726	0
16726	
16268;0;0;56;54;9.0
16751	0
16751	
16292;0;0;56;54;9.0
16775	0
16775	
16316;0;0;56;54;10.0
16801	0
16801	
16340;0;0;56;54;17.0
16834	0
16834	
16365;0;0;56;54;11.0
16853	0
16853	
16390;0;0;56;54;10.0
16873	0
16873	
16414;0;0;56;54;10.0
16897	0
16897	
16439;0;0;56;54;10.0
16922	0
16922	
16464;0;0;56;54;10.0
16947	0
16947	
16488;0;0;56;54;9.0
16971	0
16971	
16512;0;0;56;54;10.0
16995	0
16995	
16536;0;0;56;54;9.0
17021	0
17021	
16562;0;0;56;54;14.0
17056	0
17056	
16586;0;0;56;54;10.0
17074	0
17074	
16610;0;0;56;54;10.0
17094	0
17094	
16636;0;0;56;54;10.0
17121	0
17121	
16662;0;0;56;54;10.0
17145	0
17145	
16686;0;0;56;54;10.0
17169	0
17169	
16710;0;0;56;54;10.0
17193	0
17193	
16735;0;0;56;54;10.0
17220	0
17220	
16761;0;0;56;54;9.0
17262	0
17262	
16785;0;0;56;54;17.0
17275	0
17275	
16810;0;0;56;54;10.0
17293	0
17293	
16835;0;0;56;54;10.0
17320	0
17320	
16860;0;0;56;54;10.0
17343	0
17343	
16884;0;0;56;54;10.0
17367	0
17367	
16909;0;0;56;54;10.0
17394	0
17394	
16934;0;0;56;54;9.0
17418	0
17418	
16958;0;0;56;54;10.0
17442	0
17442	
16984;0;0;56;54;10.0
17472	0
