milliseconds	Werte
462	0
462	
6;0;0;56;54;0.0
487	0
487	
30;0;0;56;54;19.0
514	0
514	
54;0;0;56;54;19.0
538	0
538	
78;0;0;56;54;19.0
562	0
562	
102;0;0;56;54;19.0
586	0
586	
129;0;0;56;54;19.0
611	0
611	
154;0;0;56;54;19.0
647	0
647	
183;0;0;56;54;19.0
667	0
667	
207;0;0;56;54;17.0
691	0
691	
231;0;0;56;54;19.0
715	0
715	
258;0;0;56;54;19.0
740	0
740	
283;0;0;56;54;19.0
764	0
764	
307;0;0;56;54;19.0
788	0
788	
331;0;0;56;54;19.0
815	0
815	
355;0;0;56;54;18.0
848	0
848	
379;0;0;56;54;19.0
868	0
868	
403;0;0;56;54;18.0
887	0
887	
427;0;0;56;54;20.0
911	0
911	
452;0;0;56;54;19.0
937	0
937	
480;0;0;56;54;20.0
961	0
961	
504;0;0;56;54;19.0
985	0
985	
528;0;0;56;54;21.0
1009	0
1009	
552;0;0;56;54;18.0
1036	0
1036	
576;0;0;56;54;19.0
1070	0
1070	
601;0;0;56;54;19.0
1088	0
1088	
625;0;0;56;54;19.0
1109	0
1109	
650;0;0;56;54;20.0
1134	0
1134	
677;0;0;56;54;19.0
1158	0
1158	
701;0;0;56;54;19.0
1182	0
1182	
725;0;0;56;54;19.0
1206	0
1206	
749;0;0;56;54;19.0
1233	0
1233	
773;0;0;56;54;19.0
1257	0
1257	
797;0;0;56;54;19.0
1288	0
1288	
821;0;0;56;54;19.0
1309	0
1309	
849;0;0;56;54;19.0
1330	0
1330	
873;0;0;56;54;19.0
1354	0
1354	
897;0;0;56;54;19.0
1378	0
1378	
921;0;0;56;54;19.0
1405	0
1405	
945;0;0;56;54;19.0
1429	0
1429	
969;0;0;56;54;21.0
1453	0
1453	
994;0;0;56;54;19.0
1478	0
1478	
1021;0;0;56;54;19.0
1514	0
1514	
1045;0;0;56;54;20.0
1530	0
1530	
1069;0;0;56;54;19.0
1550	0
1550	
1094;0;0;56;54;19.0
1575	0
1575	
1118;0;0;56;54;16.0
1602	0
1602	
1142;0;0;56;54;19.0
1626	0
1626	
1166;0;0;56;54;19.0
1650	0
1650	
1191;0;0;56;54;20.0
1675	0
1675	
1218;0;0;56;54;19.0
1699	0
1699	
1242;0;0;56;54;19.0
1735	0
1735	
1271;0;0;56;54;19.0
1755	0
1755	
1295;0;0;56;54;19.0
1779	0
1779	
1319;0;0;56;54;19.0
1803	0
1803	
1346;0;0;56;54;19.0
1828	0
1828	
1371;0;0;56;54;19.0
1852	0
1852	
1395;0;0;56;54;19.0
1876	0
1876	
1419;0;0;56;54;19.0
1901	0
1901	
1443;0;0;56;54;18.0
1932	0
1932	
1467;0;0;56;54;19.0
1956	0
1956	
1494;0;0;56;54;19.0
1977	0
1977	
1519;0;0;56;54;19.0
2001	0
2001	
1544;0;0;56;54;19.0
2026	0
2026	
1569;0;0;56;54;19.0
2052	0
2052	
1594;0;0;56;54;17.0
2076	0
2076	
1618;0;0;56;54;19.0
2102	0
2102	
1643;0;0;56;54;19.0
2127	0
2127	
1668;0;0;56;54;20.0
2162	0
2162	
1694;0;0;56;54;19.0
2182	0
2182	
1719;0;0;56;54;19.0
2200	0
2200	
1743;0;0;56;54;19.0
2225	0
2225	
1767;0;0;56;54;19.0
2251	0
2251	
1791;0;0;56;54;20.0
2275	0
2275	
1815;0;0;56;54;19.0
2299	0
2299	
1840;0;0;56;54;19.0
2324	0
2324	
1867;0;0;56;54;18.0
2349	0
2349	
1891;0;0;56;54;19.0
2384	0
2384	
1923;0;0;56;54;19.0
2407	0
2407	
1948;0;0;56;54;19.0
2432	0
2432	
1975;0;0;56;54;19.0
2456	0
2456	
1999;0;0;56;54;19.0
2480	0
2480	
2023;0;0;56;54;19.0
2508	0
2508	
2048;0;0;56;54;17.0
2532	0
2532	
2072;0;0;56;54;19.0
2556	0
2556	
2097;0;0;56;54;19.0
2583	0
2583	
2124;0;0;56;54;19.0
2608	0
2608	
2150;0;0;56;54;19.0
2631	0
2631	
2174;0;0;56;54;19.0
2655	0
2655	
2199;0;0;56;54;19.0
2680	0
2680	
2223;0;0;56;54;19.0
2707	0
2707	
2247;0;0;56;54;19.0
2731	0
2731	
2271;0;0;56;54;19.0
2755	0
2755	
2296;0;0;56;54;19.0
2780	0
2780	
2323;0;0;56;54;19.0
2816	0
2816	
2347;0;0;56;54;19.0
2832	0
2832	
2372;0;0;56;54;19.0
2854	0
2854	
2398;0;0;56;54;21.0
2880	0
2880	
2422;0;0;56;54;19.0
2906	0
2906	
2446;0;0;56;54;19.0
2930	0
2930	
2470;0;0;56;54;19.0
2954	0
2954	
2496;0;0;56;54;21.0
2980	0
2980	
2523;0;0;56;54;19.0
3005	0
3005	
2547;0;0;56;54;19.0
3040	0
3040	
2578;0;0;56;54;19.0
3062	0
3062	
2602;0;0;56;54;19.0
3086	0
3086	
2629;0;0;56;54;19.0
3111	0
3111	
2654;0;0;56;54;19.0
3135	0
3135	
2678;0;0;56;54;19.0
3159	0
3159	
2702;0;0;56;54;20.0
3184	0
3184	
2726;0;0;56;54;19.0
3210	0
3210	
2750;0;0;56;54;18.0
3239	0
3239	
2774;0;0;56;54;19.0
3263	0
3263	
2805;0;0;56;54;19.0
3287	0
3287	
2830;0;0;56;54;19.0
3311	0
3311	
2854;0;0;56;54;19.0
3335	0
3335	
2878;0;0;56;54;21.0
3362	0
3362	
2903;0;0;56;54;19.0
3387	0
3387	
2927;0;0;56;54;21.0
3411	0
3411	
2952;0;0;56;54;19.0
3436	0
3436	
2979;0;0;56;54;19.0
3473	0
3473	
3008;0;0;56;54;19.0
3490	0
3490	
3032;0;0;56;54;19.0
3516	0
3516	
3056;0;0;56;54;19.0
3540	0
3540	
3080;0;0;56;54;19.0
3564	0
3564	
3106;0;0;56;54;19.0
3589	0
3589	
3132;0;0;56;54;19.0
3613	0
3613	
3156;0;0;56;54;19.0
3637	0
3637	
3180;0;0;56;54;19.0
3664	0
3664	
3205;0;0;56;54;19.0
3692	0
3692	
3235;0;0;56;54;19.0
3717	0
3717	
3260;0;0;56;54;19.0
3741	0
3741	
3284;0;0;56;54;19.0
3765	0
3765	
3308;0;0;56;54;19.0
3790	0
3790	
3332;0;0;56;54;19.0
3816	0
3816	
3356;0;0;56;54;19.0
3840	0
3840	
3380;0;0;56;54;19.0
3864	0
3864	
3406;0;0;56;54;19.0
3894	0
3894	
3432;0;0;56;54;16.0
3916	0
3916	
3456;0;0;56;54;19.0
3938	0
3938	
3481;0;0;56;54;19.0
3965	0
3965	
3506;0;0;56;54;19.0
3990	0
3990	
3530;0;0;56;54;19.0
4014	0
4014	
3555;0;0;56;54;19.0
4039	0
4039	
3582;0;0;56;54;19.0
4064	0
4064	
3608;0;0;56;54;19.0
4089	0
4089	
3632;0;0;56;54;20.0
4125	0
4125	
3656;0;0;56;54;19.0
4143	0
4143	
3680;0;0;56;54;19.0
4164	0
4164	
3705;0;0;56;54;19.0
4190	0
4190	
3730;0;0;56;54;19.0
4214	0
4214	
3757;0;0;56;54;20.0
4238	0
4238	
3781;0;0;56;54;19.0
4262	0
4262	
3806;0;0;56;54;19.0
4287	0
4287	
3830;0;0;56;54;20.0
4318	0
4318	
3854;0;0;56;54;19.0
4341	0
4341	
3880;0;0;56;54;19.0
4364	0
4364	
3907;0;0;56;54;17.0
4389	0
4389	
3932;0;0;56;54;19.0
4413	0
4413	
3956;0;0;56;54;19.0
4437	0
4437	
3980;0;0;56;54;19.0
4461	0
4461	
4004;0;0;56;54;19.0
4488	0
4488	
4028;0;0;56;54;19.0
4512	0
4512	
4052;0;0;56;54;19.0
4543	0
4543	
4076;0;0;56;54;19.0
4565	0
4565	
4103;0;0;56;54;20.0
4585	0
4585	
4128;0;0;56;54;16.0
4609	0
4609	
4152;0;0;56;54;18.0
4633	0
4633	
4176;0;0;56;54;19.0
4660	0
4660	
4200;0;0;56;54;19.0
4684	0
4684	
4224;0;0;56;54;17.0
4708	0
4708	
4248;0;0;56;54;19.0
4732	0
4732	
4273;0;0;56;54;19.0
4765	0
4765	
4300;0;0;56;54;20.0
4787	0
4787	
4325;0;0;56;54;19.0
4807	0
4807	
4350;0;0;56;54;17.0
4831	0
4831	
4374;0;0;56;54;18.0
4858	0
4858	
4398;0;0;56;54;19.0
4882	0
4882	
4422;0;0;56;54;19.0
4906	0
4906	
4446;0;0;56;54;19.0
4931	0
4931	
4474;0;0;56;54;19.0
4955	0
4955	
4498;0;0;56;54;19.0
4991	0
4991	
4529;0;0;56;54;19.0
5013	0
5013	
4553;0;0;56;54;19.0
5037	0
5037	
4580;0;0;56;54;17.0
5062	0
5062	
4605;0;0;56;54;19.0
5086	0
5086	
4629;0;0;56;54;19.0
5110	0
5110	
4653;0;0;56;54;19.0
5135	0
5135	
4677;0;0;56;54;19.0
5161	0
5161	
4701;0;0;56;54;21.0
5191	0
5191	
4725;0;0;56;54;19.0
5212	0
5212	
4751;0;0;56;54;19.0
5234	0
5234	
4777;0;0;56;54;21.0
5258	0
5258	
4801;0;0;56;54;18.0
5283	0
5283	
4826;0;0;56;54;16.0
5308	0
5308	
4850;0;0;56;54;19.0
5334	0
5334	
4874;0;0;56;54;19.0
5359	0
5359	
4898;0;0;56;54;19.0
5382	0
5382	
4923;0;0;56;54;19.0
5417	0
5417	
4955;0;0;56;54;19.0
5436	0
5436	
4979;0;0;56;54;19.0
5460	0
5460	
5003;0;0;56;54;19.0
5487	0
5487	
5027;0;0;56;54;21.0
5511	0
5511	
5051;0;0;56;54;19.0
5535	0
5535	
5075;0;0;56;54;19.0
5559	0
5559	
5102;0;0;56;54;19.0
5584	0
5584	
5127;0;0;56;54;19.0
5608	0
5608	
5151;0;0;56;54;19.0
5644	0
5644	
5179;0;0;56;54;19.0
5664	0
5664	
5204;0;0;56;54;19.0
5688	0
5688	
5228;0;0;56;54;19.0
5712	0
5712	
5255;0;0;56;54;19.0
5737	0
5737	
5280;0;0;56;54;19.0
5761	0
5761	
5304;0;0;56;54;19.0
5786	0
5786	
5329;0;0;56;54;19.0
5813	0
5813	
5353;0;0;56;54;18.0
5842	0
5842	
5377;0;0;56;54;19.0
5865	0
5865	
5406;0;0;56;54;18.0
5887	0
5887	
5430;0;0;56;54;19.0
5911	0
5911	
5454;0;0;56;54;21.0
5935	0
5935	
5478;0;0;56;54;21.0
5959	0
5959	
5502;0;0;56;54;21.0
5986	0
5986	
5526;0;0;56;54;19.0
6010	0
6010	
5550;0;0;56;54;19.0
6034	0
6034	
5574;0;0;56;54;19.0
6067	0
6067	
5606;0;0;56;54;19.0
6088	0
6088	
5631;0;0;56;54;19.0
6112	0
6112	
5655;0;0;56;54;19.0
6136	0
6136	
5679;0;0;56;54;19.0
6161	0
6161	
5703;0;0;56;54;19.0
6187	0
6187	
5727;0;0;56;54;17.0
6211	0
6211	
5751;0;0;56;54;19.0
6235	0
6235	
5776;0;0;56;54;19.0
6266	0
6266	
5803;0;0;56;54;19.0
6288	0
6288	
5829;0;0;56;54;19.0
6310	0
6310	
5853;0;0;56;54;19.0
6334	0
6334	
5877;0;0;56;54;19.0
6358	0
6358	
5901;0;0;56;54;21.0
6385	0
6385	
5925;0;0;56;54;19.0
6409	0
6409	
5949;0;0;56;54;19.0
6433	0
6433	
5973;0;0;56;54;15.0
6457	0
6457	
6000;0;0;56;54;19.0
6495	0
6495	
6026;0;0;56;54;19.0
6511	0
6511	
6051;0;0;56;54;17.0
6532	0
6532	
6075;0;0;56;54;19.0
6556	0
6556	
6099;0;0;56;54;18.0
6581	0
6581	
6123;0;0;56;54;19.0
6607	0
6607	
6147;0;0;56;54;19.0
6631	0
6631	
6171;0;0;56;54;19.0
6655	0
6655	
6196;0;0;56;54;19.0
6680	0
6680	
6223;0;0;56;54;19.0
6708	0
6708	
6247;0;0;56;54;19.0
6735	0
6735	
6272;0;0;56;54;19.0
6753	0
6753	
6296;0;0;56;54;20.0
6778	0
6778	
6320;0;0;56;54;20.0
6804	0
6804	
6344;0;0;56;54;19.0
6828	0
6828	
6368;0;0;56;54;19.0
6852	0
6852	
6394;0;0;56;54;19.0
6878	0
6878	
6421;0;0;56;54;14.0
6903	0
6903	
6446;0;0;56;54;18.0
6932	0
6932	
6470;0;0;56;54;18.0
6958	0
6958	
6496;0;0;56;54;18.0
6980	0
6980	
6521;0;0;56;54;18.0
7005	0
7005	
6546;0;0;56;54;18.0
7030	0
7030	
6573;0;0;56;54;21.0
7054	0
7054	
6597;0;0;56;54;19.0
7078	0
7078	
6621;0;0;56;54;18.0
7102	0
7102	
6645;0;0;56;54;18.0
7127	0
7127	
6669;0;0;56;54;16.0
7155	0
7155	
6693;0;0;56;54;16.0
7181	0
7181	
6722;0;0;56;54;19.0
7204	0
7204	
6747;0;0;56;54;18.0
7228	0
7228	
6771;0;0;56;54;18.0
7252	0
7252	
6795;0;0;56;54;19.0
7278	0
7278	
6820;0;0;56;54;18.0
7304	0
7304	
6844;0;0;56;54;19.0
7328	0
7328	
6869;0;0;56;54;19.0
7354	0
7354	
6896;0;0;56;54;19.0
7383	0
7383	
6921;0;0;56;54;19.0
7406	0
7406	
6946;0;0;56;54;18.0
7427	0
7427	
6970;0;0;56;54;19.0
7451	0
7451	
6994;0;0;56;54;19.0
7478	0
7478	
7019;0;0;56;54;19.0
7503	0
7503	
7043;0;0;56;54;19.0
7527	0
7527	
7068;0;0;56;54;19.0
7552	0
7552	
7095;0;0;56;54;19.0
7577	0
7577	
7120;0;0;56;54;16.0
7613	0
7613	
7144;0;0;56;54;19.0
7632	0
7632	
7169;0;0;56;54;18.0
7651	0
7651	
7193;0;0;56;54;19.0
7677	0
7677	
7217;0;0;56;54;19.0
7701	0
7701	
7241;0;0;56;54;19.0
7725	0
7725	
7266;0;0;56;54;19.0
7750	0
7750	
7293;0;0;56;54;21.0
7774	0
7774	
7317;0;0;56;54;19.0
7798	0
7798	
7341;0;0;56;54;19.0
7833	0
7833	
7366;0;0;56;54;19.0
7855	0
7855	
7391;0;0;56;54;19.0
7875	0
7875	
7415;0;0;56;54;19.0
7899	0
7899	
7440;0;0;56;54;19.0
7924	0
7924	
7467;0;0;56;54;17.0
7948	0
7948	
7491;0;0;56;54;19.0
7973	0
7973	
7516;0;0;56;54;19.0
7997	0
7997	
7540;0;0;56;54;21.0
8024	0
8024	
7564;0;0;56;54;21.0
8053	0
8053	
7588;0;0;56;54;16.0
8077	0
8077	
7616;0;0;56;54;21.0
8099	0
8099	
7642;0;0;56;54;19.0
8123	0
8123	
7666;0;0;56;54;21.0
8147	0
8147	
7690;0;0;56;54;21.0
8175	0
8175	
7714;0;0;56;54;19.0
8198	0
8198	
7738;0;0;56;54;19.0
8223	0
8223	
7766;0;0;56;54;21.0
8248	0
8248	
7791;0;0;56;54;17.0
8289	0
8289	
7815;0;0;56;54;17.0
8304	0
8304	
7839;0;0;56;54;21.0
8320	0
8320	
7863;0;0;56;54;21.0
8345	0
8345	
7887;0;0;56;54;19.0
8371	0
8371	
7911;0;0;56;54;21.0
8395	0
8395	
7935;0;0;56;54;19.0
8419	0
8419	
7960;0;0;56;54;19.0
8444	0
8444	
7987;0;0;56;54;19.0
8468	0
8468	
8011;0;0;56;54;21.0
8504	0
8504	
8035;0;0;56;54;21.0
8524	0
8524	
8060;0;0;56;54;19.0
8542	0
8542	
8084;0;0;56;54;21.0
8568	0
8568	
8108;0;0;56;54;21.0
8592	0
8592	
8132;0;0;56;54;19.0
8616	0
8616	
8157;0;0;56;54;20.0
8641	0
8641	
8184;0;0;56;54;19.0
8665	0
8665	
8208;0;0;56;54;21.0
8689	0
8689	
8232;0;0;56;54;19.0
8725	0
8725	
8256;0;0;56;54;17.0
8744	0
8744	
8281;0;0;56;54;19.0
8765	0
8765	
8305;0;0;56;54;19.0
8789	0
8789	
8330;0;0;56;54;19.0
8814	0
8814	
8357;0;0;56;54;19.0
8838	0
8838	
8381;0;0;56;54;19.0
8862	0
8862	
8405;0;0;56;54;19.0
8886	0
8886	
8429;0;0;56;54;19.0
8913	0
8913	
8453;0;0;56;54;19.0
8946	0
8946	
8477;0;0;56;54;19.0
8965	0
8965	
8501;0;0;56;54;19.0
8985	0
8985	
8527;0;0;56;54;19.0
9010	0
9010	
8553;0;0;56;54;20.0
9035	0
9035	
8578;0;0;56;54;19.0
9059	0
9059	
8602;0;0;56;54;19.0
9086	0
9086	
8627;0;0;56;54;19.0
9111	0
9111	
8651;0;0;56;54;19.0
9135	0
9135	
8676;0;0;56;54;19.0
9169	0
9169	
8707;0;0;56;54;19.0
9188	0
9188	
8731;0;0;56;54;19.0
9212	0
9212	
8755;0;0;56;54;19.0
9239	0
9239	
8779;0;0;56;54;19.0
9263	0
9263	
8803;0;0;56;54;19.0
9287	0
9287	
8828;0;0;56;54;19.0
9313	0
9313	
8856;0;0;56;54;19.0
9338	0
9338	
8880;0;0;56;54;19.0
9361	0
9361	
8904;0;0;56;54;19.0
9398	0
9398	
8929;0;0;56;54;20.0
9417	0
9417	
8953;0;0;56;54;19.0
9437	0
9437	
8977;0;0;56;54;16.0
9461	0
9461	
9001;0;0;56;54;18.0
9485	0
9485	
9027;0;0;56;54;19.0
9510	0
9510	
9053;0;0;56;54;19.0
9534	0
9534	
9077;0;0;56;54;19.0
9559	0
9559	
9102;0;0;56;54;19.0
9586	0
9586	
9127;0;0;56;54;19.0
9620	0
9620	
9151;0;0;56;54;19.0
9638	0
9638	
9175;0;0;56;54;21.0
9659	0
9659	
9200;0;0;56;54;18.0
9685	0
9685	
9228;0;0;56;54;19.0
9709	0
9709	
9252;0;0;56;54;20.0
9733	0
9733	
9276;0;0;56;54;19.0
9757	0
9757	
9300;0;0;56;54;19.0
9784	0
9784	
9324;0;0;56;54;19.0
9808	0
9808	
9348;0;0;56;54;19.0
9841	0
9841	
9381;0;0;56;54;19.0
9863	0
9863	
9406;0;0;56;54;19.0
9887	0
9887	
9431;0;0;56;54;15.0
9912	0
9912	
9455;0;0;56;54;19.0
9937	0
9937	
9479;0;0;56;54;18.0
9963	0
9963	
9503;0;0;56;54;19.0
9987	0
9987	
9527;0;0;56;54;19.0
10011	0
10011	
9552;0;0;56;54;19.0
10036	0
10036	
9579;0;0;56;54;19.0
10072	0
10072	
9610;0;0;56;54;19.0
10094	0
10094	
9634;0;0;56;54;21.0
10118	0
10118	
9658;0;0;56;54;19.0
10142	0
10142	
9685;0;0;56;54;19.0
10167	0
10167	
9710;0;0;56;54;19.0
10191	0
10191	
9734;0;0;56;54;19.0
10215	0
10215	
9758;0;0;56;54;19.0
10240	0
10240	
9782;0;0;56;54;19.0
10267	0
10267	
9807;0;0;56;54;19.0
10297	0
10297	
9840;0;0;56;54;19.0
10321	0
10321	
9864;0;0;56;54;19.0
10345	0
10345	
9888;0;0;56;54;16.0
10369	0
10369	
9912;0;0;56;54;21.0
10394	0
10394	
9936;0;0;56;54;19.0
10420	0
10420	
9960;0;0;56;54;18.0
10444	0
10444	
9984;0;0;56;54;19.0
10468	0
10468	
10009;0;0;56;54;19.0
10493	0
10493	
10036;0;0;56;54;21.0
10532	0
10532	
10066;0;0;56;54;19.0
10548	0
10548	
10090;0;0;56;54;19.0
10574	0
10574	
10114;0;0;56;54;19.0
10598	0
10598	
10138;0;0;56;54;19.0
10622	0
10622	
10163;0;0;56;54;19.0
10647	0
10647	
10190;0;0;56;54;19.0
10671	0
10671	
10214;0;0;56;54;19.0
10695	0
10695	
10238;0;0;56;54;19.0
10730	0
10730	
10262;0;0;56;54;19.0
10749	0
10749	
10286;0;0;56;54;19.0
10770	0
10770	
10310;0;0;56;54;19.0
10794	0
10794	
10335;0;0;56;54;21.0
10819	0
10819	
10362;0;0;56;54;19.0
10843	0
10843	
10386;0;0;56;54;19.0
10867	0
10867	
10410;0;0;56;54;19.0
10893	0
10893	
10435;0;0;56;54;19.0
10919	0
10919	
10459;0;0;56;54;21.0
10952	0
10952	
10491;0;0;56;54;19.0
10973	0
10973	
10516;0;0;56;54;21.0
10997	0
10997	
10540;0;0;56;54;21.0
11021	0
11021	
10564;0;0;56;54;19.0
11046	0
11046	
10588;0;0;56;54;19.0
11070	0
11070	
10612;0;0;56;54;19.0
11096	0
11096	
10637;0;0;56;54;19.0
11121	0
11121	
10662;0;0;56;54;19.0
11144	0
11144	
10687;0;0;56;54;19.0
11172	0
11172	
10715;0;0;56;54;19.0
11197	0
11197	
10739;0;0;56;54;19.0
11221	0
11221	
10763;0;0;56;54;20.0
11245	0
11245	
10787;0;0;56;54;19.0
11271	0
11271	
10812;0;0;56;54;17.0
11296	0
11296	
10838;0;0;56;54;19.0
11320	0
11320	
10863;0;0;56;54;19.0
11345	0
11345	
10888;0;0;56;54;19.0
11381	0
11381	
10912;0;0;56;54;19.0
11400	0
11400	
10938;0;0;56;54;19.0
11423	0
11423	
10964;0;0;56;54;19.0
11448	0
11448	
10989;0;0;56;54;19.0
11471	0
11471	
11014;0;0;56;54;19.0
11497	0
11497	
11040;0;0;56;54;19.0
11521	0
11521	
11064;0;0;56;54;19.0
11546	0
11546	
11088;0;0;56;54;19.0
11570	0
11570	
11112;0;0;56;54;18.0
11601	0
11601	
11142;0;0;56;54;18.0
11625	0
11625	
11168;0;0;56;54;19.0
11650	0
11650	
11193;0;0;56;54;19.0
11674	0
11674	
11217;0;0;56;54;19.0
11702	0
11702	
11241;0;0;56;54;21.0
11725	0
11725	
11265;0;0;56;54;17.0
11749	0
11749	
11289;0;0;56;54;19.0
11773	0
11773	
11314;0;0;56;54;19.0
11804	0
11804	
11341;0;0;56;54;19.0
11827	0
11827	
11366;0;0;56;54;19.0
11847	0
11847	
11390;0;0;56;54;19.0
11872	0
11872	
11415;0;0;56;54;19.0
11897	0
11897	
11439;0;0;56;54;19.0
11923	0
11923	
11463;0;0;56;54;21.0
11947	0
11947	
11487;0;0;56;54;19.0
11971	0
11971	
11512;0;0;56;54;19.0
11997	0
11997	
11540;0;0;56;54;19.0
12033	0
12033	
11572;0;0;56;54;19.0
12054	0
12054	
11596;0;0;56;54;19.0
12078	0
12078	
11621;0;0;56;54;19.0
12105	0
12105	
11646;0;0;56;54;19.0
12128	0
12128	
11670;0;0;56;54;19.0
12152	0
12152	
11694;0;0;56;54;21.0
12176	0
12176	
11719;0;0;56;54;16.0
12203	0
12203	
11744;0;0;56;54;19.0
12235	0
12235	
11769;0;0;56;54;19.0
12258	0
12258	
11795;0;0;56;54;19.0
12278	0
12278	
11819;0;0;56;54;21.0
12301	0
12301	
11843;0;0;56;54;19.0
12325	0
12325	
11867;0;0;56;54;19.0
12349	0
12349	
11892;0;0;56;54;19.0
12376	0
12376	
11917;0;0;56;54;20.0
12399	0
12399	
11941;0;0;56;54;19.0
12423	0
12423	
11966;0;0;56;54;19.0
12461	0
12461	
11991;0;0;56;54;19.0
12478	0
12478	
12016;0;0;56;54;19.0
12498	0
12498	
12040;0;0;56;54;19.0
12523	0
12523	
12065;0;0;56;54;19.0
12549	0
12549	
12090;0;0;56;54;19.0
12572	0
12572	
12114;0;0;56;54;19.0
12597	0
12597	
12139;0;0;56;54;19.0
12624	0
12624	
12165;0;0;56;54;17.0
12650	0
12650	
12189;0;0;56;54;19.0
12675	0
12675	
12216;0;0;56;54;19.0
12698	0
12698	
12241;0;0;56;54;19.0
12723	0
12723	
12265;0;0;56;54;19.0
12747	0
12747	
12289;0;0;56;54;19.0
12773	0
12773	
12313;0;0;56;54;19.0
12797	0
12797	
12339;0;0;56;54;19.0
12822	0
12822	
12365;0;0;56;54;19.0
12846	0
12846	
12389;0;0;56;54;19.0
12882	0
12882	
12413;0;0;56;54;19.0
12902	0
12902	
12440;0;0;56;54;20.0
12924	0
12924	
12464;0;0;56;54;19.0
12948	0
12948	
12489;0;0;56;54;21.0
12973	0
12973	
12516;0;0;56;54;19.0
12998	0
12998	
12541;0;0;56;54;19.0
13022	0
13022	
12565;0;0;56;54;19.0
13046	0
13046	
12589;0;0;56;54;19.0
13071	0
13071	
12613;0;0;56;54;19.0
13107	0
13107	
12637;0;0;56;54;17.0
13126	0
13126	
12662;0;0;56;54;19.0
13146	0
13146	
12687;0;0;56;54;19.0
13171	0
13171	
12714;0;0;56;54;19.0
13196	0
13196	
12738;0;0;56;54;19.0
13219	0
13219	
12762;0;0;56;54;19.0
13243	0
13243	
12786;0;0;56;54;19.0
13270	0
13270	
12810;0;0;56;54;19.0
13300	0
13300	
12834;0;0;56;54;19.0
13322	0
13322	
12863;0;0;56;54;19.0
13345	0
13345	
12888;0;0;56;54;19.0
13369	0
13369	
12912;0;0;56;54;19.0
13395	0
13395	
12936;0;0;56;54;19.0
13418	0
13418	
12960;0;0;56;54;19.0
13444	0
13444	
12984;0;0;56;54;18.0
13468	0
13468	
13008;0;0;56;54;19.0
13492	0
13492	
13033;0;0;56;54;20.0
13526	0
13526	
13064;0;0;56;54;20.0
13545	0
13545	
13088;0;0;56;54;17.0
13569	0
13569	
13112;0;0;56;54;19.0
13596	0
13596	
13136;0;0;56;54;21.0
13620	0
13620	
13160;0;0;56;54;19.0
13644	0
13644	
13184;0;0;56;54;19.0
13668	0
13668	
13211;0;0;56;54;19.0
13694	0
13694	
13236;0;0;56;54;18.0
13728	0
13728	
13261;0;0;56;54;19.0
13750	0
13750	
13286;0;0;56;54;19.0
13768	0
13768	
13310;0;0;56;54;21.0
13794	0
13794	
13334;0;0;56;54;19.0
13818	0
13818	
13358;0;0;56;54;19.0
13842	0
13842	
13383;0;0;56;54;19.0
13867	0
13867	
13410;0;0;56;54;19.0
13891	0
13891	
13434;0;0;56;54;19.0
13915	0
13915	
13458;0;0;56;54;19.0
13951	0
13951	
13482;0;0;56;54;19.0
13970	0
13970	
13506;0;0;56;54;19.0
13991	0
13991	
13531;0;0;56;54;19.0
14015	0
14015	
13555;0;0;56;54;18.0
14039	0
14039	
13580;0;0;56;54;18.0
14064	0
14064	
13607;0;0;56;54;19.0
14088	0
14088	
13631;0;0;56;54;19.0
14113	0
14113	
13656;0;0;56;54;19.0
14144	0
14144	
13680;0;0;56;54;18.0
14168	0
14168	
13705;0;0;56;54;18.0
14189	0
14189	
13729;0;0;56;54;19.0
14213	0
14213	
13753;0;0;56;54;21.0
14238	0
14238	
13781;0;0;56;54;16.0
14262	0
14262	
13805;0;0;56;54;19.0
14286	0
14286	
13829;0;0;56;54;19.0
14310	0
14310	
13853;0;0;56;54;19.0
14335	0
14335	
13877;0;0;56;54;19.0
14369	0
14369	
13901;0;0;56;54;19.0
14388	0
14388	
13925;0;0;56;54;19.0
14409	0
14409	
13950;0;0;56;54;19.0
14434	0
14434	
13977;0;0;56;54;19.0
14459	0
14459	
14002;0;0;56;54;17.0
14483	0
14483	
14026;0;0;56;54;19.0
14507	0
14507	
14050;0;0;56;54;19.0
14534	0
14534	
14074;0;0;56;54;19.0
14558	0
14558	
14098;0;0;56;54;18.0
14591	0
14591	
14131;0;0;56;54;19.0
14613	0
14613	
14156;0;0;56;54;19.0
14637	0
14637	
14180;0;0;56;54;19.0
14661	0
14661	
14204;0;0;56;54;19.0
14686	0
14686	
14228;0;0;56;54;19.0
14710	0
14710	
14252;0;0;56;54;17.0
14737	0
14737	
14278;0;0;56;54;19.0
14762	0
14762	
14305;0;0;56;54;19.0
14799	0
14799	
14329;0;0;56;54;19.0
14816	0
14816	
14354;0;0;56;54;19.0
14835	0
14835	
14378;0;0;56;54;19.0
14861	0
14861	
14402;0;0;56;54;19.0
14884	0
14884	
14426;0;0;56;54;19.0
14910	0
14910	
14450;0;0;56;54;19.0
14934	0
14934	
14475;0;0;56;54;21.0
14959	0
14959	
14502;0;0;56;54;19.0
14988	0
14988	
14526;0;0;56;54;19.0
15013	0
15013	
14550;0;0;56;54;19.0
15031	0
15031	
14574;0;0;56;54;18.0
15056	0
15056	
14598;0;0;56;54;19.0
15082	0
15082	
14622;0;0;56;54;19.0
15106	0
15106	
14647;0;0;56;54;19.0
15131	0
15131	
14674;0;0;56;54;19.0
15155	0
15155	
14698;0;0;56;54;17.0
15179	0
15179	
14722;0;0;56;54;18.0
15217	0
15217	
14748;0;0;56;54;20.0
15237	0
15237	
14773;0;0;56;54;19.0
15257	0
15257	
14798;0;0;56;54;19.0
15282	0
15282	
14825;0;0;56;54;19.0
15307	0
15307	
14850;0;0;56;54;19.0
15331	0
15331	
14874;0;0;56;54;19.0
15355	0
15355	
14898;0;0;56;54;19.0
15382	0
15382	
14922;0;0;56;54;21.0
15412	0
15412	
14946;0;0;56;54;19.0
15434	0
15434	
14975;0;0;56;54;19.0
15457	0
15457	
15000;0;0;56;54;19.0
15482	0
15482	
15025;0;0;56;54;19.0
15509	0
15509	
15050;0;0;56;54;19.0
15534	0
15534	
15074;0;0;56;54;19.0
15558	0
15558	
15098;0;0;56;54;19.0
15582	0
15582	
15125;0;0;56;54;19.0
15610	0
15610	
15150;0;0;56;54;19.0
15635	0
15635	
15175;0;0;56;54;16.0
15656	0
15656	
15199;0;0;56;54;19.0
15682	0
15682	
15223;0;0;56;54;21.0
15708	0
15708	
15248;0;0;56;54;19.0
15732	0
15732	
15272;0;0;56;54;19.0
15756	0
15756	
15297;0;0;56;54;19.0
15781	0
15781	
15324;0;0;56;54;19.0
15806	0
15806	
15348;0;0;56;54;19.0
15841	0
15841	
15376;0;0;56;54;19.0
15860	0
15860	
15400;0;0;56;54;17.0
15884	0
15884	
15424;0;0;56;54;19.0
15908	0
15908	
15448;0;0;56;54;19.0
15932	0
15932	
15475;0;0;56;54;19.0
15957	0
15957	
15500;0;0;56;54;19.0
15981	0
15981	
15524;0;0;56;54;19.0
16007	0
16007	
15548;0;0;56;54;19.0
16030	0
16030	
15572;0;0;56;54;19.0
16060	0
16060	
15602;0;0;56;54;21.0
16085	0
16085	
15628;0;0;56;54;16.0
16110	0
16110	
15653;0;0;56;54;19.0
16134	0
16134	
15677;0;0;56;54;19.0
16159	0
16159	
15701;0;0;56;54;19.0
16186	0
16186	
15726;0;0;56;54;19.0
16210	0
16210	
15752;0;0;56;54;19.0
16235	0
16235	
15778;0;0;56;54;19.0
16271	0
16271	
15802;0;0;56;54;19.0
16291	0
16291	
15827;0;0;56;54;19.0
16309	0
16309	
15852;0;0;56;54;15.0
16336	0
16336	
15876;0;0;56;54;19.0
16360	0
16360	
15900;0;0;56;54;19.0
16384	0
16384	
15924;0;0;56;54;19.0
16408	0
16408	
15951;0;0;56;54;21.0
16434	0
16434	
15977;0;0;56;54;19.0
16469	0
16469	
16001;0;0;56;54;19.0
16487	0
16487	
16025;0;0;56;54;19.0
16508	0
16508	
16049;0;0;56;54;19.0
16531	0
16531	
16073;0;0;56;54;19.0
16558	0
16558	
16098;0;0;56;54;18.0
16582	0
16582	
16123;0;0;56;54;19.0
16607	0
16607	
16150;0;0;56;54;19.0
16631	0
16631	
16174;0;0;56;54;19.0
16655	0
16655	
16198;0;0;56;54;19.0
16688	0
16688	
16226;0;0;56;54;19.0
16710	0
16710	
16250;0;0;56;54;19.0
16734	0
16734	
16277;0;0;56;54;19.0
16759	0
16759	
16302;0;0;56;54;17.0
16783	0
16783	
16326;0;0;56;54;19.0
16811	0
16811	
16351;0;0;56;54;19.0
16835	0
16835	
16375;0;0;56;54;19.0
16860	0
16860	
16399;0;0;56;54;19.0
16888	0
16888	
16423;0;0;56;54;19.0
16911	0
16911	
16452;0;0;56;54;19.0
16933	0
16933	
16476;0;0;56;54;19.0
16957	0
16957	
16500;0;0;56;54;19.0
16981	0
16981	
16524;0;0;56;54;17.0
17008	0
17008	
16548;0;0;56;54;19.0
17032	0
17032	
16572;0;0;56;54;20.0
17056	0
17056	
16596;0;0;56;54;19.0
17080	0
17080	
16621;0;0;56;54;19.0
17116	0
17116	
16654;0;0;56;54;21.0
17135	0
17135	
16678;0;0;56;54;19.0
17160	0
17160	
16702;0;0;56;54;19.0
17184	0
17184	
16726;0;0;56;54;19.0
17210	0
17210	
16750;0;0;56;54;19.0
17234	0
17234	
16775;0;0;56;54;17.0
17259	0
17259	
16800;0;0;56;54;18.0
17282	0
17282	
16825;0;0;56;54;19.0
17320	0
17320	
16850;0;0;56;54;19.0
17338	0
17338	
16875;0;0;56;54;19.0
17356	0
17356	
16899;0;0;56;54;18.0
17381	0
17381	
16923;0;0;56;54;19.0
17407	0
17407	
16947;0;0;56;54;19.0
17431	0
17431	
16971;0;0;56;54;20.0
17455	0
17455	
16996;0;0;56;54;19.0
17480	0
17480	
17023;0;0;56;54;18.0
17504	0
17504	
17047;0;0;56;54;21.0
17539	0
17539	
17077;0;0;56;54;21.0
17561	0
17561	
17101;0;0;56;54;19.0
17585	0
17585	
17128;0;0;56;54;19.0
17610	0
17610	
17153;0;0;56;54;19.0
17634	0
17634	
17177;0;0;56;54;19.0
17658	0
17658	
17201;0;0;56;54;19.0
17683	0
17683	
17225;0;0;56;54;15.0
17709	0
17709	
17249;0;0;56;54;19.0
17738	0
17738	
17273;0;0;56;54;19.0
17760	0
17760	
17301;0;0;56;54;19.0
17782	0
17782	
17325;0;0;56;54;19.0
17806	0
17806	
17349;0;0;56;54;18.0
17830	0
17830	
17373;0;0;56;54;19.0
17854	0
17854	
17397;0;0;56;54;19.0
17881	0
17881	
17421;0;0;56;54;18.0
17905	0
17905	
17445;0;0;56;54;17.0
17929	0
17929	
17469;0;0;56;54;19.0
17962	0
17962	
17505;0;0;56;54;19.0
17986	0
17986	
17529;0;0;56;54;19.0
18012	0
18012	
17553;0;0;56;54;18.0
18038	0
18038	
17577;0;0;56;54;19.0
18061	0
18061	
17601;0;0;56;54;19.0
18085	0
18085	
17625;0;0;56;54;18.0
18109	0
18109	
17650;0;0;56;54;19.0
18134	0
18134	
17677;0;0;56;54;18.0
18170	0
18170	
17701;0;0;56;54;19.0
18186	0
18186	
17725;0;0;56;54;19.0
18206	0
18206	
17749;0;0;56;54;18.0
18230	0
18230	
17773;0;0;56;54;21.0
18257	0
18257	
17797;0;0;56;54;18.0
18281	0
18281	
17821;0;0;56;54;18.0
18305	0
18305	
17845;0;0;56;54;17.0
18329	0
18329	
17872;0;0;56;54;19.0
18354	0
18354	
17897;0;0;56;54;19.0
18390	0
18390	
17928;0;0;56;54;16.0
18413	0
18413	
17953;0;0;56;54;18.0
18437	0
18437	
17980;0;0;56;54;19.0
18462	0
18462	
18005;0;0;56;54;19.0
18486	0
18486	
18029;0;0;56;54;19.0
18514	0
18514	
18054;0;0;56;54;19.0
18538	0
18538	
18078;0;0;56;54;18.0
18562	0
18562	
18102;0;0;56;54;18.0
18593	0
18593	
18126;0;0;56;54;19.0
18614	0
18614	
18154;0;0;56;54;17.0
18635	0
18635	
18178;0;0;56;54;19.0
18659	0
18659	
18202;0;0;56;54;19.0
18683	0
18683	
18226;0;0;56;54;19.0
18710	0
18710	
18250;0;0;56;54;20.0
18734	0
18734	
18274;0;0;56;54;19.0
18758	0
18758	
18298;0;0;56;54;19.0
18786	0
18786	
18325;0;0;56;54;19.0
18809	0
18809	
18351;0;0;56;54;19.0
18832	0
18832	
18375;0;0;56;54;19.0
18857	0
18857	
18399;0;0;56;54;15.0
18882	0
18882	
18424;0;0;56;54;19.0
18908	0
18908	
18448;0;0;56;54;19.0
18932	0
18932	
18472;0;0;56;54;19.0
18956	0
18956	
18497;0;0;56;54;19.0
18981	0
18981	
18524;0;0;56;54;19.0
19018	0
19018	
18552;0;0;56;54;19.0
19033	0
19033	
18576;0;0;56;54;19.0
19060	0
19060	
18600;0;0;56;54;21.0
19084	0
19084	
18624;0;0;56;54;19.0
19108	0
19108	
18648;0;0;56;54;19.0
19132	0
19132	
18675;0;0;56;54;19.0
19157	0
19157	
18700;0;0;56;54;18.0
19181	0
19181	
18724;0;0;56;54;19.0
19216	0
19216	
18748;0;0;56;54;21.0
19237	0
19237	
18773;0;0;56;54;19.0
19257	0
19257	
18797;0;0;56;54;19.0
19281	0
19281	
18821;0;0;56;54;19.0
19305	0
19305	
18846;0;0;56;54;17.0
19330	0
19330	
18873;0;0;56;54;19.0
19354	0
19354	
18897;0;0;56;54;19.0
19378	0
19378	
18921;0;0;56;54;18.0
19402	0
19402	
18945;0;0;56;54;21.0
19438	0
19438	
18977;0;0;56;54;23.0
19461	0
19461	
19004;0;0;56;54;21.0
19485	0
19485	
19028;0;0;56;54;19.0
19509	0
19509	
19052;0;0;56;54;17.0
19533	0
19533	
19076;0;0;56;54;21.0
19558	0
19558	
19100;0;0;56;54;21.0
19584	0
19584	
19124;0;0;56;54;17.0
19608	0
19608	
19148;0;0;56;54;20.0
19639	0
19639	
19173;0;0;56;54;21.0
19659	0
19659	
19200;0;0;56;54;21.0
19681	0
19681	
19224;0;0;56;54;19.0
19705	0
19705	
19248;0;0;56;54;19.0
19733	0
19733	
19273;0;0;56;54;20.0
19757	0
19757	
19297;0;0;56;54;17.0
19781	0
19781	
19321;0;0;56;54;16.0
19805	0
19805	
19348;0;0;56;54;19.0
19830	0
19830	
19373;0;0;56;54;19.0
19864	0
19864	
19402;0;0;56;54;19.0
19886	0
19886	
19426;0;0;56;54;19.0
19910	0
19910	
19450;0;0;56;54;19.0
19934	0
19934	
19477;0;0;56;54;19.0
19959	0
19959	
19502;0;0;56;54;21.0
19984	0
19984	
19527;0;0;56;54;20.0
20008	0
20008	
19551;0;0;56;54;20.0
20036	0
20036	
19575;0;0;56;54;20.0
20066	0
20066	
19599;0;0;56;54;19.0
20087	0
20087	
19624;0;0;56;54;19.0
20109	0
20109	
19652;0;0;56;54;19.0
20133	0
20133	
19676;0;0;56;54;19.0
20157	0
20157	
19700;0;0;56;54;19.0
20181	0
20181	
19724;0;0;56;54;19.0
20206	0
20206	
19748;0;0;56;54;19.0
20232	0
20232	
19772;0;0;56;54;21.0
20260	0
20260	
19796;0;0;56;54;19.0
20284	0
20284	
19825;0;0;56;54;19.0
20306	0
20306	
19849;0;0;56;54;19.0
20330	0
20330	
19873;0;0;56;54;19.0
20354	0
20354	
19897;0;0;56;54;19.0
20379	0
20379	
19921;0;0;56;54;19.0
20405	0
20405	
19945;0;0;56;54;19.0
20429	0
20429	
19970;0;0;56;54;19.0
20454	0
20454	
19997;0;0;56;54;19.0
20490	0
20490	
20029;0;0;56;54;19.0
20513	0
20513	
20053;0;0;56;54;19.0
20537	0
20537	
20078;0;0;56;54;19.0
20562	0
20562	
20105;0;0;56;54;20.0
20586	0
20586	
20129;0;0;56;54;19.0
20610	0
20610	
20153;0;0;56;54;19.0
20634	0
20634	
20177;0;0;56;54;19.0
20661	0
20661	
20201;0;0;56;54;21.0
20692	0
20692	
20226;0;0;56;54;21.0
20713	0
20713	
20254;0;0;56;54;19.0
20735	0
20735	
20278;0;0;56;54;19.0
20759	0
20759	
20302;0;0;56;54;19.0
20783	0
20783	
20326;0;0;56;54;20.0
20808	0
20808	
20350;0;0;56;54;19.0
20834	0
