milliseconds	Werte
480	0
480	
25;0;0;56;54;31.0
505	0
505	
49;0;0;56;54;31.0
529	0
529	
73;0;0;56;54;29.0
555	0
555	
97;0;0;56;54;29.0
580	0
580	
121;0;0;56;54;29.0
604	0
604	
145;0;0;56;54;31.0
628	0
628	
172;0;0;56;54;31.0
663	0
663	
205;0;0;56;54;24.0
686	0
686	
229;0;0;56;54;29.0
712	0
712	
253;0;0;56;54;31.0
736	0
736	
278;0;0;56;54;29.0
761	0
761	
305;0;0;56;54;30.0
786	0
786	
330;0;0;56;54;29.0
810	0
810	
354;0;0;56;54;37.0
834	0
834	
378;0;0;56;54;31.0
870	0
870	
402;0;0;56;54;28.0
889	0
889	
426;0;0;56;54;29.0
910	0
910	
452;0;0;56;54;29.0
935	0
935	
479;0;0;56;54;30.0
959	0
959	
503;0;0;56;54;31.0
983	0
983	
527;0;0;56;54;29.0
1007	0
1007	
551;0;0;56;54;20.0
1034	0
1034	
575;0;0;56;54;29.0
1058	0
1058	
599;0;0;56;54;30.0
1091	0
1091	
635;0;0;56;54;30.0
1115	0
1115	
659;0;0;56;54;28.0
1139	0
1139	
683;0;0;56;54;28.0
1165	0
1165	
707;0;0;56;54;29.0
1188	0
1188	
731;0;0;56;54;27.0
1214	0
1214	
755;0;0;56;54;34.0
1238	0
1238	
780;0;0;56;54;29.0
1263	0
1263	
807;0;0;56;54;30.0
1290	0
1290	
831;0;0;56;54;28.0
1315	0
1315	
856;0;0;56;54;27.0
1336	0
1336	
880;0;0;56;54;25.0
1360	0
1360	
904;0;0;56;54;29.0
1385	0
1385	
928;0;0;56;54;25.0
1411	0
1411	
952;0;0;56;54;29.0
1435	0
1435	
976;0;0;56;54;29.0
1459	0
1459	
1001;0;0;56;54;20.0
1484	0
1484	
1028;0;0;56;54;31.0
1513	0
1513	
1052;0;0;56;54;25.0
1537	0
1537	
1077;0;0;56;54;29.0
1557	0
1557	
1101;0;0;56;54;29.0
1581	0
1581	
1125;0;0;56;54;25.0
1606	0
1606	
1149;0;0;56;54;30.0
1632	0
1632	
1173;0;0;56;54;25.0
1656	0
1656	
1197;0;0;56;54;29.0
1680	0
1680	
1222;0;0;56;54;27.0
1705	0
1705	
1249;0;0;56;54;26.0
1734	0
1734	
1273;0;0;56;54;29.0
1758	0
1758	
1297;0;0;56;54;28.0
1777	0
1777	
1321;0;0;56;54;24.0
1801	0
1801	
1345;0;0;56;54;29.0
1826	0
1826	
1369;0;0;56;54;25.0
1850	0
1850	
1393;0;0;56;54;28.0
1876	0
1876	
1418;0;0;56;54;25.0
1901	0
1901	
1443;0;0;56;54;21.0
1924	0
1924	
1468;0;0;56;54;31.0
1961	0
1961	
1493;0;0;56;54;29.0
1982	0
1982	
1519;0;0;56;54;29.0
2000	0
2000	
1543;0;0;56;54;29.0
2027	0
2027	
1569;0;0;56;54;29.0
2052	0
2052	
1596;0;0;56;54;29.0
2077	0
2077	
1621;0;0;56;54;29.0
2101	0
2101	
1645;0;0;56;54;31.0
2125	0
2125	
1669;0;0;56;54;33.0
2156	0
2156	
1693;0;0;56;54;31.0
2180	0
2180	
1720;0;0;56;54;33.0
2203	0
2203	
1747;0;0;56;54;29.0
2227	0
2227	
1771;0;0;56;54;29.0
2252	0
2252	
1796;0;0;56;54;34.0
2278	0
2278	
1821;0;0;56;54;29.0
2304	0
2304	
1845;0;0;56;54;36.0
2328	0
2328	
1869;0;0;56;54;35.0
2352	0
2352	
1894;0;0;56;54;29.0
2385	0
2385	
1921;0;0;56;54;20.0
2405	0
2405	
1946;0;0;56;54;25.0
2426	0
2426	
1970;0;0;56;54;34.0
2450	0
2450	
1994;0;0;56;54;35.0
2477	0
2477	
2018;0;0;56;54;29.0
2501	0
2501	
2042;0;0;56;54;29.0
2525	0
2525	
2066;0;0;56;54;30.0
2549	0
2549	
2093;0;0;56;54;29.0
2574	0
2574	
2118;0;0;56;54;31.0
2610	0
2610	
2146;0;0;56;54;31.0
2630	0
2630	
2171;0;0;56;54;31.0
2654	0
2654	
2195;0;0;56;54;34.0
2678	0
2678	
2219;0;0;56;54;34.0
2702	0
2702	
2246;0;0;56;54;36.0
2727	0
2727	
2271;0;0;56;54;29.0
2752	0
2752	
2296;0;0;56;54;30.0
2776	0
2776	
2320;0;0;56;54;31.0
2807	0
2807	
2344;0;0;56;54;29.0
2830	0
2830	
2370;0;0;56;54;36.0
2853	0
2853	
2397;0;0;56;54;21.0
2878	0
2878	
2422;0;0;56;54;28.0
2902	0
2902	
2446;0;0;56;54;34.0
2926	0
2926	
2470;0;0;56;54;30.0
2950	0
2950	
2494;0;0;56;54;28.0
2977	0
2977	
2518;0;0;56;54;28.0
3001	0
3001	
2542;0;0;56;54;29.0
3031	0
3031	
2566;0;0;56;54;29.0
3052	0
3052	
2594;0;0;56;54;25.0
3075	0
3075	
2618;0;0;56;54;29.0
3099	0
3099	
2643;0;0;56;54;29.0
3123	0
3123	
2667;0;0;56;54;30.0
3150	0
3150	
2691;0;0;56;54;29.0
3174	0
3174	
2715;0;0;56;54;29.0
3198	0
3198	
2739;0;0;56;54;29.0
3222	0
3222	
2766;0;0;56;54;29.0
3259	0
3259	
2795;0;0;56;54;31.0
3276	0
3276	
2819;0;0;56;54;29.0
3302	0
3302	
2843;0;0;56;54;22.0
3326	0
3326	
2867;0;0;56;54;29.0
3350	0
3350	
2891;0;0;56;54;29.0
3374	0
3374	
2918;0;0;56;54;29.0
3399	0
3399	
2943;0;0;56;54;29.0
3423	0
3423	
2967;0;0;56;54;29.0
3447	0
3447	
2991;0;0;56;54;29.0
3478	0
3478	
3019;0;0;56;54;29.0
3502	0
3502	
3044;0;0;56;54;38.0
3527	0
3527	
3071;0;0;56;54;25.0
3551	0
3551	
3095;0;0;56;54;29.0
3575	0
3575	
3119;0;0;56;54;29.0
3603	0
3603	
3144;0;0;56;54;30.0
3627	0
3627	
3168;0;0;56;54;29.0
3651	0
3651	
3192;0;0;56;54;31.0
3679	0
3679	
3219;0;0;56;54;29.0
3703	0
3703	
3246;0;0;56;54;34.0
3727	0
3727	
3270;0;0;56;54;31.0
3750	0
3750	
3294;0;0;56;54;23.0
3774	0
3774	
3318;0;0;56;54;30.0
3799	0
3799	
3342;0;0;56;54;29.0
3825	0
3825	
3366;0;0;56;54;29.0
3849	0
3849	
3390;0;0;56;54;29.0
3873	0
3873	
3415;0;0;56;54;29.0
3905	0
3905	
3442;0;0;56;54;29.0
3925	0
3925	
3467;0;0;56;54;31.0
3947	0
3947	
3491;0;0;56;54;30.0
3971	0
3971	
3515;0;0;56;54;29.0
3998	0
3998	
3539;0;0;56;54;29.0
4022	0
4022	
3563;0;0;56;54;28.0
4046	0
4046	
3587;0;0;56;54;26.0
4070	0
4070	
3614;0;0;56;54;29.0
4095	0
4095	
3639;0;0;56;54;31.0
4126	0
4126	
3669;0;0;56;54;30.0
4150	0
4150	
3693;0;0;56;54;25.0
4174	0
4174	
3717;0;0;56;54;31.0
4200	0
4200	
3742;0;0;56;54;29.0
4225	0
4225	
3767;0;0;56;54;29.0
4248	0
4248	
3792;0;0;56;54;24.0
4273	0
4273	
3817;0;0;56;54;31.0
4299	0
4299	
3842;0;0;56;54;29.0
4329	0
4329	
3866;0;0;56;54;31.0
4353	0
4353	
3892;0;0;56;54;29.0
4376	0
4376	
3918;0;0;56;54;31.0
4399	0
4399	
3943;0;0;56;54;31.0
4424	0
4424	
3968;0;0;56;54;31.0
4448	0
4448	
3992;0;0;56;54;29.0
4473	0
4473	
4016;0;0;56;54;29.0
4497	0
4497	
4040;0;0;56;54;29.0
4523	0
4523	
4064;0;0;56;54;29.0
4557	0
4557	
4089;0;0;56;54;29.0
4577	0
4577	
4114;0;0;56;54;28.0
4596	0
4596	
4140;0;0;56;54;31.0
4620	0
4620	
4164;0;0;56;54;29.0
4644	0
4644	
4188;0;0;56;54;30.0
4669	0
4669	
4212;0;0;56;54;25.0
4693	0
4693	
4236;0;0;56;54;24.0
4719	0
4719	
4260;0;0;56;54;30.0
4743	0
4743	
4285;0;0;56;54;28.0
4779	0
4779	
4312;0;0;56;54;30.0
4797	0
4797	
4337;0;0;56;54;26.0
4817	0
4817	
4361;0;0;56;54;31.0
4841	0
4841	
4385;0;0;56;54;31.0
4866	0
4866	
4409;0;0;56;54;34.0
4892	0
4892	
4434;0;0;56;54;29.0
4917	0
4917	
4459;0;0;56;54;29.0
4942	0
4942	
4486;0;0;56;54;29.0
4970	0
4970	
4510;0;0;56;54;35.0
4994	0
4994	
4534;0;0;56;54;29.0
5015	0
5015	
4559;0;0;56;54;29.0
5039	0
5039	
4583;0;0;56;54;31.0
5064	0
5064	
4607;0;0;56;54;31.0
5090	0
5090	
4632;0;0;56;54;29.0
5115	0
5115	
4657;0;0;56;54;29.0
5140	0
5140	
4684;0;0;56;54;29.0
5164	0
5164	
4708;0;0;56;54;29.0
5201	0
5201	
4733;0;0;56;54;29.0
5218	0
5218	
4757;0;0;56;54;30.0
5237	0
5237	
4781;0;0;56;54;29.0
5264	0
5264	
4805;0;0;56;54;27.0
5288	0
5288	
4829;0;0;56;54;31.0
5312	0
5312	
4853;0;0;56;54;29.0
5336	0
5336	
4880;0;0;56;54;29.0
5361	0
5361	
4905;0;0;56;54;20.0
5386	0
5386	
4929;0;0;56;54;29.0
5422	0
5422	
4958;0;0;56;54;25.0
5442	0
5442	
4983;0;0;56;54;29.0
5466	0
5466	
5007;0;0;56;54;29.0
5490	0
5490	
5034;0;0;56;54;29.0
5515	0
5515	
5059;0;0;56;54;29.0
5539	0
5539	
5083;0;0;56;54;29.0
5563	0
5563	
5107;0;0;56;54;32.0
5590	0
5590	
5132;0;0;56;54;25.0
5617	0
5617	
5156;0;0;56;54;29.0
5642	0
5642	
5185;0;0;56;54;31.0
5665	0
5665	
5209;0;0;56;54;30.0
5689	0
5689	
5234;0;0;56;54;27.0
5718	0
5718	
5258;0;0;56;54;31.0
5741	0
5741	
5282;0;0;56;54;29.0
5765	0
5765	
5306;0;0;56;54;29.0
5789	0
5789	
5330;0;0;56;54;38.0
5813	0
5813	
5357;0;0;56;54;31.0
5850	0
5850	
5382;0;0;56;54;20.0
5865	0
5865	
5407;0;0;56;54;29.0
5887	0
5887	
5431;0;0;56;54;29.0
5911	0
5911	
5455;0;0;56;54;29.0
5938	0
5938	
5479;0;0;56;54;31.0
5962	0
5962	
5503;0;0;56;54;31.0
5986	0
5986	
5527;0;0;56;54;29.0
6010	0
6010	
5554;0;0;56;54;30.0
6036	0
6036	
5580;0;0;56;54;35.0
6072	0
6072	
5609;0;0;56;54;29.0
6092	0
6092	
5634;0;0;56;54;29.0
6117	0
6117	
5658;0;0;56;54;29.0
6141	0
6141	
5685;0;0;56;54;30.0
6166	0
6166	
5710;0;0;56;54;31.0
6190	0
6190	
5735;0;0;56;54;29.0
6215	0
6215	
5759;0;0;56;54;29.0
6242	0
6242	
5783;0;0;56;54;34.0
6271	0
6271	
5808;0;0;56;54;31.0
6295	0
6295	
5837;0;0;56;54;21.0
6317	0
6317	
5861;0;0;56;54;31.0
6341	0
6341	
5885;0;0;56;54;34.0
6365	0
6365	
5909;0;0;56;54;29.0
6392	0
6392	
5933;0;0;56;54;31.0
6416	0
6416	
5957;0;0;56;54;25.0
6440	0
6440	
5981;0;0;56;54;29.0
6464	0
6464	
6008;0;0;56;54;29.0
6493	0
6493	
6033;0;0;56;54;39.0
6518	0
6518	
6058;0;0;56;54;29.0
6539	0
6539	
6083;0;0;56;54;31.0
6563	0
6563	
6107;0;0;56;54;28.0
6590	0
6590	
6131;0;0;56;54;29.0
6614	0
6614	
6155;0;0;56;54;31.0
6638	0
6638	
6179;0;0;56;54;31.0
6663	0
6663	
6207;0;0;56;54;31.0
6688	0
6688	
6231;0;0;56;54;29.0
6723	0
6723	
6255;0;0;56;54;28.0
6742	0
6742	
6279;0;0;56;54;29.0
6760	0
6760	
6303;0;0;56;54;22.0
6786	0
6786	
6327;0;0;56;54;34.0
6810	0
6810	
6351;0;0;56;54;29.0
6834	0
6834	
6376;0;0;56;54;29.0
6859	0
6859	
6403;0;0;56;54;29.0
6885	0
6885	
6428;0;0;56;54;30.0
6908	0
6908	
6452;0;0;56;54;29.0
6938	0
6938	
6479;0;0;56;54;29.0
6963	0
6963	
6504;0;0;56;54;31.0
6987	0
6987	
6531;0;0;56;54;35.0
7012	0
7012	
6556;0;0;56;54;29.0
7036	0
7036	
6580;0;0;56;54;29.0
7060	0
7060	
6604;0;0;56;54;31.0
7085	0
7085	
6628;0;0;56;54;29.0
7111	0
7111	
6652;0;0;56;54;30.0
7140	0
7140	
6676;0;0;56;54;25.0
7162	0
7162	
6704;0;0;56;54;30.0
7184	0
7184	
6728;0;0;56;54;29.0
7208	0
7208	
6752;0;0;56;54;34.0
7234	0
7234	
6777;0;0;56;54;29.0
7260	0
7260	
6801;0;0;56;54;29.0
7284	0
7284	
6825;0;0;56;54;29.0
7308	0
7308	
6850;0;0;56;54;34.0
7333	0
7333	
6877;0;0;56;54;29.0
7369	0
7369	
6901;0;0;56;54;30.0
7388	0
7388	
6925;0;0;56;54;29.0
7406	0
7406	
6949;0;0;56;54;29.0
7430	0
7430	
6973;0;0;56;54;39.0
7456	0
7456	
6997;0;0;56;54;29.0
7480	0
7480	
7021;0;0;56;54;29.0
7504	0
7504	
7046;0;0;56;54;29.0
7529	0
7529	
7073;0;0;56;54;29.0
7553	0
7553	
7097;0;0;56;54;29.0
7590	0
7590	
7121;0;0;56;54;30.0
7609	0
7609	
7146;0;0;56;54;29.0
7627	0
7627	
7170;0;0;56;54;29.0
7653	0
7653	
7194;0;0;56;54;29.0
7677	0
7677	
7218;0;0;56;54;29.0
7702	0
7702	
7244;0;0;56;54;27.0
7726	0
7726	
7270;0;0;56;54;30.0
7751	0
7751	
7295;0;0;56;54;37.0
7783	0
7783	
7319;0;0;56;54;31.0
7806	0
7806	
7345;0;0;56;54;28.0
7828	0
7828	
7370;0;0;56;54;29.0
7853	0
7853	
7397;0;0;56;54;29.0
7877	0
7877	
7421;0;0;56;54;34.0
7901	0
7901	
7446;0;0;56;54;22.0
7926	0
7926	
7470;0;0;56;54;25.0
7953	0
7953	
7494;0;0;56;54;30.0
7977	0
7977	
7518;0;0;56;54;31.0
8008	0
8008	
7542;0;0;56;54;28.0
8029	0
8029	
7570;0;0;56;54;30.0
8050	0
8050	
7594;0;0;56;54;31.0
8074	0
8074	
7618;0;0;56;54;28.0
8100	0
8100	
7642;0;0;56;54;31.0
8123	0
8123	
7666;0;0;56;54;25.0
8149	0
8149	
7690;0;0;56;54;29.0
8173	0
8173	
7714;0;0;56;54;29.0
8197	0
8197	
7739;0;0;56;54;31.0
8234	0
8234	
7766;0;0;56;54;28.0
8251	0
8251	
7791;0;0;56;54;29.0
8271	0
8271	
7815;0;0;56;54;29.0
8295	0
8295	
7839;0;0;56;54;30.0
8322	0
8322	
7863;0;0;56;54;29.0
8346	0
8346	
7887;0;0;56;54;24.0
8370	0
8370	
7911;0;0;56;54;22.0
8394	0
8394	
7938;0;0;56;54;31.0
8419	0
8419	
7963;0;0;56;54;29.0
8455	0
8455	
7991;0;0;56;54;29.0
8475	0
8475	
8016;0;0;56;54;29.0
8499	0
8499	
8040;0;0;56;54;28.0
8523	0
8523	
8064;0;0;56;54;38.0
8547	0
8547	
8091;0;0;56;54;25.0
8572	0
8572	
8116;0;0;56;54;29.0
8597	0
8597	
8141;0;0;56;54;19.0
8621	0
8621	
8165;0;0;56;54;25.0
8655	0
8655	
8189;0;0;56;54;28.0
8675	0
8675	
8214;0;0;56;54;24.0
8697	0
8697	
8238;0;0;56;54;25.0
8721	0
8721	
8263;0;0;56;54;29.0
8746	0
8746	
8290;0;0;56;54;25.0
8770	0
8770	
8314;0;0;56;54;29.0
8794	0
8794	
8338;0;0;56;54;27.0
8820	0
8820	
8363;0;0;56;54;20.0
8846	0
8846	
8387;0;0;56;54;38.0
8880	0
8880	
8411;0;0;56;54;31.0
8899	0
8899	
8437;0;0;56;54;25.0
8920	0
8920	
8464;0;0;56;54;29.0
8946	0
8946	
8490;0;0;56;54;28.0
8970	0
8970	
8514;0;0;56;54;31.0
8994	0
8994	
8538;0;0;56;54;29.0
9021	0
9021	
8562;0;0;56;54;29.0
9045	0
9045	
8586;0;0;56;54;23.0
9073	0
9073	
8610;0;0;56;54;19.0
9096	0
9096	
8639;0;0;56;54;29.0
9119	0
9119	
8663;0;0;56;54;29.0
9143	0
9143	
8687;0;0;56;54;29.0
9171	0
9171	
8712;0;0;56;54;28.0
9195	0
9195	
8736;0;0;56;54;29.0
9219	0
9219	
8760;0;0;56;54;31.0
9243	0
9243	
8787;0;0;56;54;31.0
9268	0
9268	
8812;0;0;56;54;23.0
9310	0
9310	
8836;0;0;56;54;31.0
9324	0
9324	
8860;0;0;56;54;29.0
9340	0
9340	
8884;0;0;56;54;35.0
9365	0
9365	
8908;0;0;56;54;29.0
9391	0
9391	
8932;0;0;56;54;38.0
9415	0
9415	
8956;0;0;56;54;35.0
9439	0
9439	
8981;0;0;56;54;29.0
9464	0
9464	
9008;0;0;56;54;35.0
9488	0
9488	
9032;0;0;56;54;31.0
9524	0
9524	
9056;0;0;56;54;31.0
9544	0
9544	
9081;0;0;56;54;34.0
9562	0
9562	
9105;0;0;56;54;34.0
9588	0
9588	
9129;0;0;56;54;29.0
9612	0
9612	
9154;0;0;56;54;25.0
9637	0
9637	
9181;0;0;56;54;31.0
9661	0
9661	
9205;0;0;56;54;31.0
9685	0
9685	
9229;0;0;56;54;34.0
9718	0
9718	
9254;0;0;56;54;27.0
9740	0
9740	
9280;0;0;56;54;38.0
9763	0
9763	
9305;0;0;56;54;34.0
9788	0
9788	
9332;0;0;56;54;29.0
9813	0
9813	
9357;0;0;56;54;31.0
9837	0
9837	
9381;0;0;56;54;28.0
9861	0
9861	
9405;0;0;56;54;29.0
9886	0
9886	
9429;0;0;56;54;29.0
9913	0
9913	
9455;0;0;56;54;29.0
9945	0
9945	
9480;0;0;56;54;29.0
9965	0
9965	
9507;0;0;56;54;31.0
9987	0
9987	
9531;0;0;56;54;21.0
10011	0
10011	
9556;0;0;56;54;30.0
10039	0
10039	
9580;0;0;56;54;28.0
10063	0
10063	
9604;0;0;56;54;29.0
10087	0
10087	
9628;0;0;56;54;29.0
10111	0
10111	
9652;0;0;56;54;31.0
10135	0
10135	
9679;0;0;56;54;30.0
10172	0
10172	
9711;0;0;56;54;36.0
10194	0
10194	
9735;0;0;56;54;38.0
10218	0
10218	
9759;0;0;56;54;29.0
10242	0
10242	
9786;0;0;56;54;29.0
10267	0
10267	
9811;0;0;56;54;29.0
10291	0
10291	
9835;0;0;56;54;30.0
10315	0
10315	
9860;0;0;56;54;26.0
10343	0
10343	
9884;0;0;56;54;29.0
10373	0
10373	
9909;0;0;56;54;29.0
10396	0
10396	
9938;0;0;56;54;29.0
10418	0
10418	
9962;0;0;56;54;29.0
10442	0
10442	
9986;0;0;56;54;31.0
10466	0
10466	
10010;0;0;56;54;34.0
10491	0
10491	
10034;0;0;56;54;34.0
10517	0
10517	
10059;0;0;56;54;31.0
10542	0
10542	
10084;0;0;56;54;29.0
10567	0
10567	
10111;0;0;56;54;35.0
10603	0
10603	
10135;0;0;56;54;30.0
10622	0
10622	
10160;0;0;56;54;29.0
10641	0
10641	
10185;0;0;56;54;31.0
10666	0
10666	
10209;0;0;56;54;23.0
10692	0
10692	
10233;0;0;56;54;29.0
10716	0
10716	
10258;0;0;56;54;29.0
10741	0
10741	
10285;0;0;56;54;29.0
10765	0
10765	
10309;0;0;56;54;29.0
10801	0
10801	
10333;0;0;56;54;30.0
10819	0
10819	
10357;0;0;56;54;29.0
10837	0
10837	
10381;0;0;56;54;29.0
10865	0
10865	
10405;0;0;56;54;30.0
10888	0
10888	
10429;0;0;56;54;29.0
10912	0
10912	
10453;0;0;56;54;29.0
10936	0
10936	
10478;0;0;56;54;29.0
10961	0
10961	
10505;0;0;56;54;31.0
10985	0
10985	
10529;0;0;56;54;29.0
11022	0
11022	
10558;0;0;56;54;29.0
11041	0
11041	
10582;0;0;56;54;26.0
11065	0
11065	
10606;0;0;56;54;29.0
11089	0
11089	
10633;0;0;56;54;31.0
11114	0
11114	
10658;0;0;56;54;22.0
11138	0
11138	
10682;0;0;56;54;29.0
11162	0
11162	
10706;0;0;56;54;29.0
11187	0
11187	
10730;0;0;56;54;29.0
11222	0
11222	
10754;0;0;56;54;30.0
11242	0
11242	
10779;0;0;56;54;28.0
11262	0
11262	
10804;0;0;56;54;29.0
11285	0
11285	
10829;0;0;56;54;31.0
11311	0
11311	
10854;0;0;56;54;31.0
11334	0
11334	
10878;0;0;56;54;34.0
11359	0
11359	
10902;0;0;56;54;29.0
11386	0
11386	
10927;0;0;56;54;20.0
11414	0
11414	
10952;0;0;56;54;31.0
11438	0
11438	
10981;0;0;56;54;29.0
11461	0
11461	
11005;0;0;56;54;30.0
11485	0
11485	
11029;0;0;56;54;29.0
11509	0
11509	
11053;0;0;56;54;30.0
11534	0
11534	
11077;0;0;56;54;31.0
11560	0
11560	
11101;0;0;56;54;29.0
11584	0
11584	
11125;0;0;56;54;23.0
11608	0
11608	
11150;0;0;56;54;21.0
11642	0
11642	
11181;0;0;56;54;29.0
11661	0
11661	
11205;0;0;56;54;28.0
11685	0
11685	
11229;0;0;56;54;29.0
11712	0
11712	
11253;0;0;56;54;29.0
11736	0
11736	
11277;0;0;56;54;29.0
11760	0
11760	
11301;0;0;56;54;31.0
11784	0
11784	
11328;0;0;56;54;25.0
11809	0
11809	
11353;0;0;56;54;29.0
11851	0
11851	
11378;0;0;56;54;21.0
11866	0
11866	
11402;0;0;56;54;29.0
11882	0
11882	
11426;0;0;56;54;25.0
11907	0
11907	
11450;0;0;56;54;29.0
11933	0
11933	
11474;0;0;56;54;30.0
11957	0
11957	
11498;0;0;56;54;35.0
11981	0
11981	
11523;0;0;56;54;31.0
12006	0
12006	
11550;0;0;56;54;29.0
12031	0
12031	
11574;0;0;56;54;35.0
12066	0
12066	
11598;0;0;56;54;29.0
12083	0
12083	
11622;0;0;56;54;30.0
12102	0
12102	
11646;0;0;56;54;29.0
12127	0
12127	
11670;0;0;56;54;29.0
12153	0
12153	
11694;0;0;56;54;30.0
12177	0
12177	
11718;0;0;56;54;30.0
12201	0
12201	
11743;0;0;56;54;31.0
12227	0
12227	
11771;0;0;56;54;30.0
12263	0
12263	
11795;0;0;56;54;30.0
12279	0
12279	
11819;0;0;56;54;22.0
12299	0
12299	
11843;0;0;56;54;29.0
12326	0
12326	
11868;0;0;56;54;30.0
12352	0
12352	
11893;0;0;56;54;35.0
12376	0
12376	
11920;0;0;56;54;31.0
12401	0
12401	
11945;0;0;56;54;31.0
12426	0
12426	
11970;0;0;56;54;31.0
12450	0
12450	
11994;0;0;56;54;29.0
12483	0
12483	
12022;0;0;56;54;29.0
12505	0
12505	
12049;0;0;56;54;33.0
12530	0
12530	
12074;0;0;56;54;29.0
12554	0
12554	
12098;0;0;56;54;35.0
12578	0
12578	
12122;0;0;56;54;31.0
12603	0
12603	
12146;0;0;56;54;27.0
12629	0
12629	
12170;0;0;56;54;29.0
12653	0
12653	
12194;0;0;56;54;31.0
12682	0
12682	
12219;0;0;56;54;30.0
12704	0
12704	
12247;0;0;56;54;23.0
12728	0
12728	
12272;0;0;56;54;29.0
12752	0
12752	
12296;0;0;56;54;21.0
12779	0
12779	
12320;0;0;56;54;29.0
12803	0
12803	
12344;0;0;56;54;29.0
12827	0
12827	
12369;0;0;56;54;29.0
12853	0
12853	
12397;0;0;56;54;30.0
12877	0
12877	
12421;0;0;56;54;30.0
12904	0
12904	
12447;0;0;56;54;29.0
12927	0
12927	
12471;0;0;56;54;29.0
12952	0
12952	
12495;0;0;56;54;34.0
12978	0
12978	
12519;0;0;56;54;29.0
13002	0
13002	
12543;0;0;56;54;31.0
13026	0
13026	
12569;0;0;56;54;29.0
13051	0
13051	
12595;0;0;56;54;29.0
13076	0
13076	
12620;0;0;56;54;31.0
13112	0
13112	
12644;0;0;56;54;29.0
13131	0
13131	
12669;0;0;56;54;29.0
13152	0
13152	
12693;0;0;56;54;29.0
13176	0
13176	
12717;0;0;56;54;29.0
13201	0
13201	
12742;0;0;56;54;29.0
13225	0
13225	
12769;0;0;56;54;29.0
13249	0
13249	
12793;0;0;56;54;28.0
13273	0
13273	
12817;0;0;56;54;27.0
13297	0
13297	
12841;0;0;56;54;31.0
13333	0
13333	
12875;0;0;56;54;31.0
13358	0
13358	
12902;0;0;56;54;29.0
13382	0
13382	
12926;0;0;56;54;30.0
13406	0
13406	
12950;0;0;56;54;34.0
13430	0
13430	
12974;0;0;56;54;35.0
13457	0
13457	
12998;0;0;56;54;29.0
13481	0
13481	
13022;0;0;56;54;29.0
13505	0
13505	
13046;0;0;56;54;29.0
13535	0
13535	
13073;0;0;56;54;31.0
13557	0
13557	
13099;0;0;56;54;29.0
13580	0
13580	
13124;0;0;56;54;30.0
13604	0
13604	
13148;0;0;56;54;29.0
13631	0
13631	
13173;0;0;56;54;29.0
13656	0
13656	
13197;0;0;56;54;34.0
13680	0
13680	
13222;0;0;56;54;22.0
13706	0
13706	
13250;0;0;56;54;29.0
13742	0
13742	
13274;0;0;56;54;29.0
13757	0
13757	
13298;0;0;56;54;34.0
13778	0
13778	
13322;0;0;56;54;29.0
13802	0
13802	
13346;0;0;56;54;29.0
13829	0
13829	
13371;0;0;56;54;28.0
13854	0
13854	
13395;0;0;56;54;29.0
13878	0
13878	
13422;0;0;56;54;31.0
13903	0
13903	
13447;0;0;56;54;20.0
13928	0
13928	
13472;0;0;56;54;29.0
13956	0
13956	
13499;0;0;56;54;31.0
13980	0
13980	
13523;0;0;56;54;31.0
14006	0
14006	
13548;0;0;56;54;35.0
14032	0
14032	
13574;0;0;56;54;29.0
14055	0
14055	
13599;0;0;56;54;29.0
14080	0
14080	
13624;0;0;56;54;29.0
14104	0
14104	
13648;0;0;56;54;29.0
14130	0
14130	
13673;0;0;56;54;23.0
14162	0
14162	
13697;0;0;56;54;29.0
14184	0
14184	
13723;0;0;56;54;29.0
14206	0
14206	
13748;0;0;56;54;29.0
14230	0
14230	
13774;0;0;56;54;34.0
14254	0
14254	
13798;0;0;56;54;30.0
14278	0
14278	
13822;0;0;56;54;29.0
14303	0
14303	
13846;0;0;56;54;29.0
14329	0
14329	
13870;0;0;56;54;30.0
14353	0
14353	
13894;0;0;56;54;30.0
14380	0
14380	
13924;0;0;56;54;25.0
14405	0
14405	
13949;0;0;56;54;29.0
14431	0
14431	
13975;0;0;56;54;29.0
14456	0
14456	
13999;0;0;56;54;29.0
14482	0
14482	
14023;0;0;56;54;34.0
14506	0
14506	
14047;0;0;56;54;29.0
14530	0
14530	
14073;0;0;56;54;25.0
14556	0
14556	
14100;0;0;56;54;31.0
14592	0
14592	
14124;0;0;56;54;22.0
14608	0
