milliseconds	Werte
462	0
462	
6;0;0;56;54;0.0
487	0
487	
30;0;0;56;54;40.0
513	0
513	
54;0;0;56;54;40.0
538	0
538	
78;0;0;56;54;33.0
562	0
562	
102;0;0;56;54;39.0
586	0
586	
129;0;0;56;54;40.0
611	0
611	
154;0;0;56;54;32.0
647	0
647	
184;0;0;56;54;40.0
668	0
668	
208;0;0;56;54;40.0
692	0
692	
233;0;0;56;54;49.0
717	0
717	
260;0;0;56;54;40.0
741	0
741	
285;0;0;56;54;40.0
766	0
766	
309;0;0;56;54;39.0
790	0
790	
333;0;0;56;54;40.0
818	0
818	
358;0;0;56;54;40.0
851	0
851	
382;0;0;56;54;38.0
870	0
870	
408;0;0;56;54;39.0
890	0
890	
432;0;0;56;54;40.0
914	0
914	
457;0;0;56;54;39.0
941	0
941	
482;0;0;56;54;26.0
964	0
964	
506;0;0;56;54;40.0
988	0
988	
530;0;0;56;54;39.0
1012	0
1012	
554;0;0;56;54;39.0
1038	0
1038	
579;0;0;56;54;40.0
1073	0
1073	
604;0;0;56;54;37.0
1090	0
1090	
629;0;0;56;54;39.0
1111	0
1111	
654;0;0;56;54;40.0
1138	0
1138	
679;0;0;56;54;50.0
1162	0
1162	
704;0;0;56;54;40.0
1186	0
1186	
728;0;0;56;54;41.0
1212	0
1212	
753;0;0;56;54;40.0
1237	0
1237	
778;0;0;56;54;40.0
1260	0
1260	
803;0;0;56;54;41.0
1297	0
1297	
833;0;0;56;54;40.0
1315	0
1315	
857;0;0;56;54;43.0
1341	0
1341	
881;0;0;56;54;39.0
1365	0
1365	
906;0;0;56;54;40.0
1390	0
1390	
933;0;0;56;54;25.0
1414	0
1414	
957;0;0;56;54;38.0
1438	0
1438	
981;0;0;56;54;40.0
1462	0
1462	
1005;0;0;56;54;40.0
1487	0
1487	
1029;0;0;56;54;39.0
1520	0
1520	
1063;0;0;56;54;38.0
1546	0
1546	
1089;0;0;56;54;40.0
1570	0
1570	
1113;0;0;56;54;40.0
1594	0
1594	
1137;0;0;56;54;39.0
1621	0
1621	
1161;0;0;56;54;30.0
1645	0
1645	
1185;0;0;56;54;40.0
1669	0
1669	
1209;0;0;56;54;39.0
1693	0
1693	
1236;0;0;56;54;40.0
1718	0
1718	
1261;0;0;56;54;41.0
1749	0
1749	
1292;0;0;56;54;38.0
1774	0
1774	
1316;0;0;56;54;40.0
1800	0
1800	
1340;0;0;56;54;40.0
1824	0
1824	
1364;0;0;56;54;38.0
1848	0
1848	
1390;0;0;56;54;51.0
1873	0
1873	
1416;0;0;56;54;39.0
1897	0
1897	
1440;0;0;56;54;49.0
1921	0
1921	
1464;0;0;56;54;39.0
1956	0
1956	
1488;0;0;56;54;38.0
1977	0
1977	
1513;0;0;56;54;36.0
1998	0
1998	
1538;0;0;56;54;51.0
2022	0
2022	
1563;0;0;56;54;40.0
2047	0
2047	
1590;0;0;56;54;41.0
2071	0
2071	
1614;0;0;56;54;40.0
2095	0
2095	
1638;0;0;56;54;38.0
2119	0
2119	
1662;0;0;56;54;39.0
2146	0
2146	
1686;0;0;56;54;40.0
2179	0
2179	
1710;0;0;56;54;40.0
2198	0
2198	
1734;0;0;56;54;37.0
2218	0
2218	
1759;0;0;56;54;40.0
2244	0
2244	
1787;0;0;56;54;40.0
2268	0
2268	
1811;0;0;56;54;40.0
2292	0
2292	
1835;0;0;56;54;51.0
2316	0
2316	
1859;0;0;56;54;29.0
2343	0
2343	
1883;0;0;56;54;40.0
2371	0
2371	
1907;0;0;56;54;39.0
2394	0
2394	
1936;0;0;56;54;40.0
2418	0
2418	
1961;0;0;56;54;39.0
2442	0
2442	
1985;0;0;56;54;35.0
2467	0
2467	
2010;0;0;56;54;39.0
2494	0
2494	
2034;0;0;56;54;40.0
2518	0
2518	
2058;0;0;56;54;40.0
2542	0
2542	
2082;0;0;56;54;38.0
2566	0
2566	
2109;0;0;56;54;40.0
2604	0
2604	
2135;0;0;56;54;39.0
2619	0
2619	
2160;0;0;56;54;38.0
2641	0
2641	
2184;0;0;56;54;39.0
2665	0
2665	
2208;0;0;56;54;39.0
2692	0
2692	
2232;0;0;56;54;40.0
2716	0
2716	
2256;0;0;56;54;40.0
2740	0
2740	
2280;0;0;56;54;40.0
2764	0
2764	
2307;0;0;56;54;48.0
2789	0
2789	
2332;0;0;56;54;40.0
2825	0
2825	
2356;0;0;56;54;44.0
2845	0
2845	
2381;0;0;56;54;40.0
2862	0
2862	
2405;0;0;56;54;41.0
2889	0
2889	
2429;0;0;56;54;40.0
2913	0
2913	
2453;0;0;56;54;40.0
2937	0
2937	
2477;0;0;56;54;34.0
2961	0
2961	
2504;0;0;56;54;40.0
2986	0
2986	
2529;0;0;56;54;39.0
3010	0
3010	
2553;0;0;56;54;30.0
3046	0
3046	
2581;0;0;56;54;39.0
3065	0
3065	
2605;0;0;56;54;38.0
3089	0
3089	
2629;0;0;56;54;38.0
3113	0
3113	
2656;0;0;56;54;40.0
3138	0
3138	
2681;0;0;56;54;40.0
3162	0
3162	
2705;0;0;56;54;40.0
3186	0
3186	
2729;0;0;56;54;39.0
3213	0
3213	
2753;0;0;56;54;44.0
3242	0
3242	
2777;0;0;56;54;29.0
3266	0
3266	
2806;0;0;56;54;50.0
3288	0
3288	
2831;0;0;56;54;36.0
3313	0
3313	
2856;0;0;56;54;40.0
3337	0
3337	
2880;0;0;56;54;40.0
3364	0
3364	
2904;0;0;56;54;40.0
3388	0
3388	
2928;0;0;56;54;39.0
3412	0
3412	
2952;0;0;56;54;40.0
3436	0
3436	
2979;0;0;56;54;40.0
3473	0
3473	
3009;0;0;56;54;40.0
3493	0
3493	
3033;0;0;56;54;39.0
3517	0
3517	
3057;0;0;56;54;40.0
3541	0
3541	
3081;0;0;56;54;40.0
3565	0
3565	
3108;0;0;56;54;39.0
3590	0
3590	
3133;0;0;56;54;39.0
3614	0
3614	
3157;0;0;56;54;32.0
3638	0
3638	
3181;0;0;56;54;39.0
3670	0
3670	
3205;0;0;56;54;39.0
3692	0
3692	
3230;0;0;56;54;51.0
3714	0
3714	
3254;0;0;56;54;26.0
3738	0
3738	
3279;0;0;56;54;32.0
3763	0
3763	
3306;0;0;56;54;40.0
3788	0
3788	
3331;0;0;56;54;44.0
3812	0
3812	
3355;0;0;56;54;40.0
3836	0
3836	
3379;0;0;56;54;41.0
3863	0
3863	
3404;0;0;56;54;39.0
3896	0
3896	
3428;0;0;56;54;39.0
3915	0
3915	
3453;0;0;56;54;44.0
3937	0
3937	
3480;0;0;56;54;38.0
3962	0
3962	
3505;0;0;56;54;40.0
3986	0
3986	
3529;0;0;56;54;39.0
4010	0
4010	
3553;0;0;56;54;39.0
4037	0
4037	
3577;0;0;56;54;40.0
4061	0
4061	
3601;0;0;56;54;39.0
4085	0
4085	
3625;0;0;56;54;40.0
4117	0
4117	
3652;0;0;56;54;40.0
4137	0
4137	
3678;0;0;56;54;50.0
4159	0
4159	
3702;0;0;56;54;39.0
4183	0
4183	
3726;0;0;56;54;39.0
4207	0
4207	
3750;0;0;56;54;39.0
4234	0
4234	
3774;0;0;56;54;40.0
4258	0
4258	
3798;0;0;56;54;39.0
4282	0
4282	
3822;0;0;56;54;36.0
4308	0
4308	
3849;0;0;56;54;49.0
4333	0
4333	
3876;0;0;56;54;50.0
4357	0
4357	
3900;0;0;56;54;38.0
4381	0
4381	
3924;0;0;56;54;38.0
4405	0
4405	
3948;0;0;56;54;25.0
4430	0
4430	
3972;0;0;56;54;43.0
4456	0
4456	
3996;0;0;56;54;32.0
4480	0
4480	
4020;0;0;56;54;40.0
4504	0
4504	
4045;0;0;56;54;39.0
4546	0
4546	
4072;0;0;56;54;41.0
4558	0
4558	
4096;0;0;56;54;36.0
4577	0
4577	
4120;0;0;56;54;39.0
4601	0
4601	
4144;0;0;56;54;45.0
4625	0
4625	
4168;0;0;56;54;31.0
4650	0
4650	
4192;0;0;56;54;38.0
4676	0
4676	
4216;0;0;56;54;39.0
4700	0
4700	
4240;0;0;56;54;41.0
4724	0
4724	
4265;0;0;56;54;39.0
4762	0
4762	
4292;0;0;56;54;37.0
4779	0
4779	
4317;0;0;56;54;38.0
4798	0
4798	
4341;0;0;56;54;40.0
4822	0
4822	
4365;0;0;56;54;37.0
4847	0
4847	
4389;0;0;56;54;24.0
4873	0
4873	
4413;0;0;56;54;25.0
4897	0
4897	
4437;0;0;56;54;32.0
4921	0
4921	
4462;0;0;56;54;32.0
4946	0
4946	
4489;0;0;56;54;32.0
4975	0
4975	
4513;0;0;56;54;33.0
4999	0
4999	
4537;0;0;56;54;40.0
5019	0
5019	
4562;0;0;56;54;33.0
5043	0
5043	
4586;0;0;56;54;40.0
5070	0
5070	
4611;0;0;56;54;38.0
5095	0
5095	
4635;0;0;56;54;31.0
5119	0
5119	
4660;0;0;56;54;33.0
5144	0
5144	
4687;0;0;56;54;35.0
5168	0
5168	
4712;0;0;56;54;40.0
5204	0
5204	
4736;0;0;56;54;40.0
5224	0
5224	
4760;0;0;56;54;39.0
5242	0
5242	
4784;0;0;56;54;32.0
5268	0
5268	
4808;0;0;56;54;40.0
5292	0
5292	
4832;0;0;56;54;39.0
5316	0
5316	
4857;0;0;56;54;27.0
5341	0
5341	
4884;0;0;56;54;39.0
5365	0
5365	
4908;0;0;56;54;39.0
5389	0
5389	
4932;0;0;56;54;38.0
5422	0
5422	
4956;0;0;56;54;40.0
5444	0
5444	
4981;0;0;56;54;40.0
5465	0
5465	
5005;0;0;56;54;49.0
5489	0
5489	
5029;0;0;56;54;51.0
5513	0
5513	
5054;0;0;56;54;39.0
5538	0
5538	
5081;0;0;56;54;35.0
5562	0
5562	
5105;0;0;56;54;49.0
5586	0
5586	
5129;0;0;56;54;40.0
5610	0
5610	
5153;0;0;56;54;49.0
5642	0
5642	
5177;0;0;56;54;51.0
5665	0
5665	
5203;0;0;56;54;40.0
5687	0
5687	
5227;0;0;56;54;51.0
5711	0
5711	
5252;0;0;56;54;40.0
5737	0
5737	
5280;0;0;56;54;39.0
5761	0
5761	
5304;0;0;56;54;43.0
5785	0
5785	
5328;0;0;56;54;24.0
5809	0
5809	
5352;0;0;56;54;49.0
5836	0
5836	
5376;0;0;56;54;40.0
5866	0
5866	
5400;0;0;56;54;41.0
5888	0
5888	
5429;0;0;56;54;44.0
5911	0
5911	
5454;0;0;56;54;40.0
5935	0
5935	
5478;0;0;56;54;41.0
5960	0
5960	
5503;0;0;56;54;39.0
5987	0
5987	
5527;0;0;56;54;43.0
6011	0
6011	
5551;0;0;56;54;30.0
6035	0
6035	
5575;0;0;56;54;40.0
6059	0
6059	
5602;0;0;56;54;40.0
6091	0
6091	
5628;0;0;56;54;41.0
6113	0
6113	
5653;0;0;56;54;40.0
6134	0
6134	
5677;0;0;56;54;40.0
6158	0
6158	
5701;0;0;56;54;40.0
6182	0
6182	
5725;0;0;56;54;38.0
6209	0
6209	
5749;0;0;56;54;41.0
6233	0
6233	
5773;0;0;56;54;40.0
6257	0
6257	
5797;0;0;56;54;28.0
6281	0
6281	
5824;0;0;56;54;38.0
6311	0
6311	
5849;0;0;56;54;40.0
6334	0
6334	
5873;0;0;56;54;40.0
6354	0
6354	
5897;0;0;56;54;33.0
6378	0
6378	
5921;0;0;56;54;40.0
6403	0
6403	
5945;0;0;56;54;40.0
6427	0
6427	
5969;0;0;56;54;43.0
6453	0
6453	
5993;0;0;56;54;41.0
6477	0
6477	
6019;0;0;56;54;29.0
6502	0
6502	
6045;0;0;56;54;39.0
6538	0
6538	
6069;0;0;56;54;40.0
6556	0
6556	
6094;0;0;56;54;39.0
6577	0
6577	
6119;0;0;56;54;40.0
6603	0
6603	
6143;0;0;56;54;40.0
6627	0
6627	
6168;0;0;56;54;38.0
6652	0
6652	
6195;0;0;56;54;43.0
6677	0
6677	
6220;0;0;56;54;44.0
6702	0
6702	
6245;0;0;56;54;40.0
6727	0
6727	
6269;0;0;56;54;39.0
6762	0
6762	
6293;0;0;56;54;40.0
6781	0
6781	
6320;0;0;56;54;40.0
6803	0
6803	
6346;0;0;56;54;40.0
6827	0
6827	
6370;0;0;56;54;32.0
6851	0
6851	
6394;0;0;56;54;38.0
6877	0
6877	
6419;0;0;56;54;39.0
6903	0
6903	
6443;0;0;56;54;40.0
6927	0
6927	
6467;0;0;56;54;45.0
6951	0
6951	
6492;0;0;56;54;31.0
6986	0
6986	
6525;0;0;56;54;39.0
7006	0
7006	
6549;0;0;56;54;38.0
7030	0
7030	
6573;0;0;56;54;40.0
7054	0
7054	
6597;0;0;56;54;40.0
7081	0
7081	
6622;0;0;56;54;38.0
7106	0
7106	
6646;0;0;56;54;40.0
7130	0
7130	
6671;0;0;56;54;41.0
7155	0
7155	
6698;0;0;56;54;33.0
7183	0
7183	
6723;0;0;56;54;40.0
7207	0
7207	
6748;0;0;56;54;40.0
7229	0
7229	
6772;0;0;56;54;40.0
7254	0
7254	
6796;0;0;56;54;40.0
7281	0
7281	
6822;0;0;56;54;39.0
7306	0
7306	
6847;0;0;56;54;40.0
7331	0
7331	
6874;0;0;56;54;41.0
7355	0
7355	
6898;0;0;56;54;41.0
7379	0
7379	
6923;0;0;56;54;39.0
7416	0
7416	
6947;0;0;56;54;40.0
7435	0
7435	
6971;0;0;56;54;39.0
7455	0
7455	
6995;0;0;56;54;39.0
7479	0
7479	
7019;0;0;56;54;32.0
7503	0
7503	
7044;0;0;56;54;39.0
7528	0
7528	
7071;0;0;56;54;39.0
7552	0
7552	
7095;0;0;56;54;33.0
7576	0
7576	
7119;0;0;56;54;40.0
7600	0
7600	
7143;0;0;56;54;40.0
7636	0
7636	
7167;0;0;56;54;51.0
7656	0
7656	
7192;0;0;56;54;41.0
7677	0
7677	
7217;0;0;56;54;40.0
7701	0
7701	
7244;0;0;56;54;40.0
7725	0
7725	
7268;0;0;56;54;40.0
7749	0
7749	
7292;0;0;56;54;38.0
7773	0
7773	
7316;0;0;56;54;43.0
7800	0
7800	
7340;0;0;56;54;38.0
7824	0
7824	
7364;0;0;56;54;39.0
7857	0
7857	
7388;0;0;56;54;41.0
7877	0
7877	
7413;0;0;56;54;40.0
7897	0
7897	
7440;0;0;56;54;40.0
7921	0
7921	
7464;0;0;56;54;39.0
7945	0
7945	
7488;0;0;56;54;33.0
7969	0
7969	
7512;0;0;56;54;40.0
7994	0
7994	
7536;0;0;56;54;32.0
8020	0
8020	
7560;0;0;56;54;40.0
8044	0
8044	
7584;0;0;56;54;39.0
8078	0
8078	
7620;0;0;56;54;29.0
8101	0
8101	
7644;0;0;56;54;22.0
8125	0
8125	
7668;0;0;56;54;39.0
8150	0
8150	
7692;0;0;56;54;40.0
8176	0
8176	
7716;0;0;56;54;40.0
8200	0
8200	
7740;0;0;56;54;38.0
8224	0
8224	
7765;0;0;56;54;39.0
8249	0
8249	
7792;0;0;56;54;40.0
8278	0
8278	
7816;0;0;56;54;41.0
8301	0
8301	
7841;0;0;56;54;40.0
8322	0
8322	
7865;0;0;56;54;25.0
8346	0
8346	
7889;0;0;56;54;39.0
8374	0
8374	
7914;0;0;56;54;40.0
8398	0
8398	
7938;0;0;56;54;39.0
8422	0
8422	
7963;0;0;56;54;38.0
8447	0
8447	
7990;0;0;56;54;40.0
8471	0
8471	
8014;0;0;56;54;40.0
8514	0
8514	
8039;0;0;56;54;32.0
8528	0
8528	
8063;0;0;56;54;40.0
8545	0
8545	
8087;0;0;56;54;30.0
8571	0
8571	
8111;0;0;56;54;49.0
8595	0
8595	
8135;0;0;56;54;37.0
8619	0
8619	
8160;0;0;56;54;39.0
8644	0
8644	
8187;0;0;56;54;40.0
8668	0
8668	
8211;0;0;56;54;41.0
8692	0
8692	
8235;0;0;56;54;40.0
8729	0
8729	
8260;0;0;56;54;40.0
8748	0
8748	
8285;0;0;56;54;40.0
8769	0
8769	
8309;0;0;56;54;49.0
8793	0
8793	
8334;0;0;56;54;29.0
8818	0
8818	
8361;0;0;56;54;38.0
8842	0
8842	
8385;0;0;56;54;40.0
8867	0
8867	
8410;0;0;56;54;43.0
8891	0
8891	
8434;0;0;56;54;40.0
8918	0
8918	
8458;0;0;56;54;40.0
8951	0
8951	
8482;0;0;56;54;38.0
8970	0
8970	
8506;0;0;56;54;40.0
8990	0
8990	
8532;0;0;56;54;40.0
9015	0
9015	
8558;0;0;56;54;40.0
9039	0
9039	
8582;0;0;56;54;38.0
9063	0
9063	
8606;0;0;56;54;32.0
9090	0
9090	
8631;0;0;56;54;40.0
9116	0
9116	
8657;0;0;56;54;51.0
9143	0
9143	
8684;0;0;56;54;39.0
9168	0
9168	
8710;0;0;56;54;40.0
9191	0
9191	
8734;0;0;56;54;40.0
9215	0
9215	
8758;0;0;56;54;40.0
9239	0
9239	
8782;0;0;56;54;29.0
9266	0
9266	
8806;0;0;56;54;40.0
9290	0
9290	
8831;0;0;56;54;40.0
9315	0
9315	
8858;0;0;56;54;37.0
9340	0
9340	
8883;0;0;56;54;40.0
9376	0
9376	
8907;0;0;56;54;40.0
9394	0
9394	
8933;0;0;56;54;40.0
9415	0
9415	
8957;0;0;56;54;40.0
9441	0
9441	
8981;0;0;56;54;40.0
9465	0
9465	
9005;0;0;56;54;40.0
9489	0
9489	
9031;0;0;56;54;47.0
9514	0
9514	
9057;0;0;56;54;37.0
9538	0
9538	
9081;0;0;56;54;41.0
9562	0
9562	
9105;0;0;56;54;40.0
9598	0
9598	
9130;0;0;56;54;39.0
9618	0
9618	
9154;0;0;56;54;39.0
9638	0
9638	
9179;0;0;56;54;39.0
9663	0
9663	
9206;0;0;56;54;39.0
9687	0
9687	
9231;0;0;56;54;27.0
9712	0
9712	
9255;0;0;56;54;25.0
9736	0
9736	
9279;0;0;56;54;37.0
9763	0
9763	
9303;0;0;56;54;49.0
9787	0
9787	
9327;0;0;56;54;39.0
9820	0
9820	
9351;0;0;56;54;39.0
9838	0
9838	
9376;0;0;56;54;40.0
9861	0
9861	
9404;0;0;56;54;39.0
9886	0
9886	
9428;0;0;56;54;40.0
9909	0
9909	
9452;0;0;56;54;48.0
9933	0
9933	
9476;0;0;56;54;40.0
9958	0
9958	
9500;0;0;56;54;39.0
9985	0
9985	
9525;0;0;56;54;39.0
10013	0
10013	
9550;0;0;56;54;39.0
10037	0
10037	
9578;0;0;56;54;39.0
10059	0
10059	
9602;0;0;56;54;40.0
10083	0
10083	
9626;0;0;56;54;41.0
10107	0
10107	
9650;0;0;56;54;39.0
10134	0
10134	
9674;0;0;56;54;36.0
10158	0
10158	
9698;0;0;56;54;51.0
10182	0
10182	
9722;0;0;56;54;25.0
10206	0
10206	
9749;0;0;56;54;39.0
10236	0
10236	
9779;0;0;56;54;39.0
10260	0
10260	
9803;0;0;56;54;31.0
10284	0
10284	
9827;0;0;56;54;40.0
10309	0
10309	
9851;0;0;56;54;37.0
10335	0
10335	
9875;0;0;56;54;39.0
10360	0
10360	
9901;0;0;56;54;40.0
10385	0
10385	
9928;0;0;56;54;39.0
10409	0
10409	
9952;0;0;56;54;35.0
10445	0
10445	
9976;0;0;56;54;42.0
10462	0
10462	
10001;0;0;56;54;39.0
10484	0
10484	
10026;0;0;56;54;44.0
10510	0
10510	
10050;0;0;56;54;39.0
10534	0
10534	
10074;0;0;56;54;39.0
10558	0
10558	
10099;0;0;56;54;40.0
10583	0
10583	
10126;0;0;56;54;39.0
10609	0
10609	
10152;0;0;56;54;51.0
10633	0
10633	
10176;0;0;56;54;38.0
10662	0
10662	
10203;0;0;56;54;37.0
10687	0
10687	
10227;0;0;56;54;37.0
10711	0
10711	
10251;0;0;56;54;36.0
10735	0
10735	
10276;0;0;56;54;39.0
10760	0
10760	
10303;0;0;56;54;32.0
10784	0
10784	
10327;0;0;56;54;40.0
10808	0
10808	
10351;0;0;56;54;29.0
10837	0
10837	
10376;0;0;56;54;33.0
10869	0
10869	
10400;0;0;56;54;29.0
10888	0
10888	
10424;0;0;56;54;37.0
10908	0
10908	
10449;0;0;56;54;33.0
10933	0
10933	
10476;0;0;56;54;40.0
10957	0
10957	
10500;0;0;56;54;33.0
10981	0
10981	
10524;0;0;56;54;41.0
11005	0
11005	
10548;0;0;56;54;40.0
11032	0
11032	
10572;0;0;56;54;33.0
11056	0
11056	
10596;0;0;56;54;33.0
11090	0
11090	
10632;0;0;56;54;39.0
11113	0
11113	
10656;0;0;56;54;35.0
11137	0
11137	
10680;0;0;56;54;32.0
11161	0
11161	
10704;0;0;56;54;37.0
11186	0
11186	
10728;0;0;56;54;40.0
11212	0
11212	
10752;0;0;56;54;40.0
11236	0
11236	
10776;0;0;56;54;39.0
11260	0
11260	
10801;0;0;56;54;40.0
11293	0
11293	
10828;0;0;56;54;39.0
11314	0
11314	
10853;0;0;56;54;30.0
11334	0
11334	
10877;0;0;56;54;40.0
11358	0
11358	
10901;0;0;56;54;40.0
11382	0
11382	
10925;0;0;56;54;40.0
11409	0
11409	
10949;0;0;56;54;50.0
11433	0
11433	
10973;0;0;56;54;41.0
11457	0
11457	
10997;0;0;56;54;41.0
11485	0
11485	
11024;0;0;56;54;60.0
11509	0
11509	
11050;0;0;56;54;40.0
11531	0
11531	
11074;0;0;56;54;45.0
11555	0
11555	
11098;0;0;56;54;31.0
11581	0
11581	
11123;0;0;56;54;39.0
11607	0
11607	
11147;0;0;56;54;39.0
11631	0
11631	
11173;0;0;56;54;39.0
11657	0
11657	
11199;0;0;56;54;49.0
11680	0
11680	
11223;0;0;56;54;49.0
11716	0
11716	
11251;0;0;56;54;49.0
11735	0
11735	
11275;0;0;56;54;40.0
11759	0
11759	
11299;0;0;56;54;40.0
11783	0
11783	
11325;0;0;56;54;32.0
11808	0
11808	
11351;0;0;56;54;40.0
11833	0
11833	
11376;0;0;56;54;40.0
11857	0
11857	
11400;0;0;56;54;40.0
11882	0
11882	
11424;0;0;56;54;40.0
11912	0
11912	
11448;0;0;56;54;39.0
11935	0
11935	
11475;0;0;56;54;37.0
11960	0
11960	
11503;0;0;56;54;38.0
11984	0
11984	
11527;0;0;56;54;40.0
12008	0
12008	
11551;0;0;56;54;40.0
12032	0
12032	
11575;0;0;56;54;25.0
12059	0
12059	
11599;0;0;56;54;40.0
12083	0
12083	
11623;0;0;56;54;32.0
12107	0
12107	
11647;0;0;56;54;40.0
12140	0
12140	
11673;0;0;56;54;39.0
12158	0
12158	
11697;0;0;56;54;41.0
12179	0
12179	
11722;0;0;56;54;36.0
12204	0
12204	
11747;0;0;56;54;40.0
12228	0
12228	
11771;0;0;56;54;50.0
12253	0
12253	
11795;0;0;56;54;39.0
12277	0
12277	
11819;0;0;56;54;40.0
12303	0
12303	
11844;0;0;56;54;32.0
12335	0
12335	
11869;0;0;56;54;33.0
12355	0
12355	
11895;0;0;56;54;40.0
12376	0
12376	
11919;0;0;56;54;40.0
12400	0
12400	
11944;0;0;56;54;37.0
12426	0
12426	
11968;0;0;56;54;39.0
12452	0
12452	
11992;0;0;56;54;43.0
12476	0
12476	
12016;0;0;56;54;40.0
12500	0
12500	
12042;0;0;56;54;25.0
12525	0
12525	
12068;0;0;56;54;40.0
12559	0
12559	
12101;0;0;56;54;39.0
12583	0
12583	
12126;0;0;56;54;41.0
12610	0
12610	
12151;0;0;56;54;33.0
12633	0
12633	
12175;0;0;56;54;38.0
12657	0
12657	
12199;0;0;56;54;40.0
12681	0
12681	
12224;0;0;56;54;40.0
12708	0
12708	
12249;0;0;56;54;30.0
12731	0
12731	
12273;0;0;56;54;33.0
12763	0
12763	
12297;0;0;56;54;39.0
12785	0
12785	
12323;0;0;56;54;40.0
12807	0
12807	
12348;0;0;56;54;41.0
12831	0
12831	
12372;0;0;56;54;33.0
12854	0
12854	
12397;0;0;56;54;38.0
12879	0
12879	
12422;0;0;56;54;43.0
12904	0
12904	
12446;0;0;56;54;49.0
12928	0
12928	
12470;0;0;56;54;40.0
12958	0
12958	
12494;0;0;56;54;28.0
12982	0
12982	
12521;0;0;56;54;40.0
13004	0
13004	
12547;0;0;56;54;40.0
13028	0
13028	
12571;0;0;56;54;40.0
13052	0
13052	
12595;0;0;56;54;33.0
13077	0
13077	
12619;0;0;56;54;38.0
13103	0
13103	
12644;0;0;56;54;40.0
13128	0
13128	
12669;0;0;56;54;39.0
13153	0
13153	
12696;0;0;56;54;39.0
13189	0
13189	
12725;0;0;56;54;40.0
13209	0
13209	
12749;0;0;56;54;39.0
13233	0
13233	
12773;0;0;56;54;40.0
13257	0
13257	
12797;0;0;56;54;40.0
13281	0
13281	
12822;0;0;56;54;39.0
13306	0
13306	
12849;0;0;56;54;43.0
13330	0
13330	
12873;0;0;56;54;51.0
13354	0
13354	
12897;0;0;56;54;41.0
13387	0
13387	
12921;0;0;56;54;32.0
13410	0
13410	
12946;0;0;56;54;40.0
13430	0
13430	
12970;0;0;56;54;25.0
13454	0
13454	
12995;0;0;56;54;50.0
13479	0
13479	
13022;0;0;56;54;40.0
13503	0
13503	
13047;0;0;56;54;38.0
13529	0
13529	
13072;0;0;56;54;33.0
13556	0
13556	
13096;0;0;56;54;41.0
13580	0
13580	
13120;0;0;56;54;40.0
13612	0
13612	
13145;0;0;56;54;40.0
13632	0
13632	
13173;0;0;56;54;40.0
13654	0
13654	
13197;0;0;56;54;40.0
13678	0
13678	
13221;0;0;56;54;39.0
13705	0
13705	
13246;0;0;56;54;38.0
13730	0
13730	
13270;0;0;56;54;40.0
13754	0
13754	
13294;0;0;56;54;40.0
13778	0
13778	
13321;0;0;56;54;32.0
13809	0
13809	
13346;0;0;56;54;33.0
13831	0
13831	
13370;0;0;56;54;39.0
13851	0
13851	
13394;0;0;56;54;40.0
13875	0
13875	
13418;0;0;56;54;29.0
13899	0
13899	
13442;0;0;56;54;39.0
13924	0
13924	
13466;0;0;56;54;40.0
13950	0
13950	
13490;0;0;56;54;40.0
13974	0
13974	
13514;0;0;56;54;40.0
13999	0
13999	
13539;0;0;56;54;50.0
14036	0
14036	
13567;0;0;56;54;40.0
14052	0
14052	
13591;0;0;56;54;40.0
14072	0
14072	
13615;0;0;56;54;49.0
14096	0
14096	
13639;0;0;56;54;39.0
14123	0
14123	
13663;0;0;56;54;40.0
14147	0
14147	
13687;0;0;56;54;40.0
14171	0
14171	
13711;0;0;56;54;39.0
14195	0
14195	
13738;0;0;56;54;40.0
14224	0
14224	
13763;0;0;56;54;40.0
14248	0
14248	
13788;0;0;56;54;33.0
14269	0
14269	
13812;0;0;56;54;41.0
14294	0
14294	
13837;0;0;56;54;40.0
14321	0
14321	
13861;0;0;56;54;31.0
14345	0
14345	
13885;0;0;56;54;25.0
14369	0
14369	
13909;0;0;56;54;40.0
14393	0
14393	
13936;0;0;56;54;39.0
14419	0
14419	
13962;0;0;56;54;40.0
14455	0
14455	
13990;0;0;56;54;40.0
14474	0
14474	
14014;0;0;56;54;40.0
14498	0
14498	
14038;0;0;56;54;40.0
14522	0
14522	
14062;0;0;56;54;40.0
14546	0
14546	
14089;0;0;56;54;50.0
14571	0
14571	
14114;0;0;56;54;48.0
14595	0
14595	
14138;0;0;56;54;39.0
14619	0
14619	
14162;0;0;56;54;40.0
14651	0
14651	
14186;0;0;56;54;33.0
14674	0
14674	
14211;0;0;56;54;41.0
14695	0
14695	
14235;0;0;56;54;40.0
14719	0
14719	
14260;0;0;56;54;40.0
14744	0
14744	
14287;0;0;56;54;32.0
14768	0
14768	
14311;0;0;56;54;50.0
14792	0
14792	
14335;0;0;56;54;25.0
14820	0
14820	
14359;0;0;56;54;51.0
14843	0
14843	
14383;0;0;56;54;40.0
14876	0
14876	
14407;0;0;56;54;40.0
14894	0
14894	
14431;0;0;56;54;38.0
14915	0
14915	
14457;0;0;56;54;38.0
14940	0
14940	
14483;0;0;56;54;39.0
14964	0
14964	
14507;0;0;56;54;40.0
14988	0
14988	
14531;0;0;56;54;40.0
15015	0
15015	
14556;0;0;56;54;40.0
15040	0
15040	
14580;0;0;56;54;39.0
15069	0
15069	
14605;0;0;56;54;39.0
15091	0
15091	
14633;0;0;56;54;43.0
15114	0
15114	
14658;0;0;56;54;39.0
15139	0
15139	
14682;0;0;56;54;40.0
15166	0
15166	
14706;0;0;56;54;40.0
15190	0
15190	
14730;0;0;56;54;33.0
15214	0
15214	
14755;0;0;56;54;40.0
15239	0
15239	
14782;0;0;56;54;30.0
15264	0
15264	
14807;0;0;56;54;39.0
15296	0
15296	
14835;0;0;56;54;38.0
15319	0
15319	
14859;0;0;56;54;39.0
15343	0
15343	
14884;0;0;56;54;39.0
15368	0
15368	
14911;0;0;56;54;49.0
15392	0
15392	
14935;0;0;56;54;40.0
15416	0
15416	
14960;0;0;56;54;40.0
15441	0
15441	
14984;0;0;56;54;37.0
15468	0
15468	
15008;0;0;56;54;49.0
15497	0
15497	
15032;0;0;56;54;40.0
15520	0
15520	
15061;0;0;56;54;38.0
15543	0
15543	
15086;0;0;56;54;42.0
15567	0
15567	
15110;0;0;56;54;39.0
15591	0
15591	
15134;0;0;56;54;39.0
15618	0
15618	
15159;0;0;56;54;51.0
15643	0
15643	
15183;0;0;56;54;40.0
15667	0
15667	
15208;0;0;56;54;39.0
15692	0
15692	
15235;0;0;56;54;40.0
15726	0
15726	
15268;0;0;56;54;25.0
15750	0
15750	
15292;0;0;56;54;37.0
15774	0
15774	
15317;0;0;56;54;40.0
15801	0
15801	
15342;0;0;56;54;40.0
15824	0
15824	
15366;0;0;56;54;40.0
15848	0
15848	
15391;0;0;56;54;39.0
15873	0
15873	
15416;0;0;56;54;38.0
15898	0
15898	
15440;0;0;56;54;40.0
15933	0
15933	
15464;0;0;56;54;40.0
15952	0
15952	
15489;0;0;56;54;29.0
15973	0
15973	
15514;0;0;56;54;38.0
15999	0
15999	
15539;0;0;56;54;42.0
16021	0
16021	
15564;0;0;56;54;40.0
16046	0
16046	
15589;0;0;56;54;39.0
16070	0
16070	
15613;0;0;56;54;40.0
16095	0
16095	
15637;0;0;56;54;49.0
16121	0
16121	
15662;0;0;56;54;33.0
16150	0
16150	
15693;0;0;56;54;39.0
16174	0
16174	
15717;0;0;56;54;26.0
16198	0
16198	
15741;0;0;56;54;37.0
16222	0
16222	
15765;0;0;56;54;40.0
16247	0
16247	
15789;0;0;56;54;37.0
16273	0
16273	
15813;0;0;56;54;37.0
16297	0
16297	
15837;0;0;56;54;40.0
16321	0
16321	
15863;0;0;56;54;38.0
16358	0
16358	
15889;0;0;56;54;40.0
16374	0
16374	
15913;0;0;56;54;32.0
16394	0
16394	
15937;0;0;56;54;25.0
16421	0
16421	
15962;0;0;56;54;40.0
16446	0
16446	
15986;0;0;56;54;43.0
16470	0
16470	
16010;0;0;56;54;32.0
16494	0
16494	
16037;0;0;56;54;40.0
16519	0
16519	
16062;0;0;56;54;32.0
16554	0
16554	
16086;0;0;56;54;40.0
16572	0
16572	
16110;0;0;56;54;41.0
16591	0
16591	
16134;0;0;56;54;39.0
16618	0
16618	
16159;0;0;56;54;33.0
16643	0
16643	
16183;0;0;56;54;27.0
16667	0
16667	
16208;0;0;56;54;27.0
16692	0
16692	
16235;0;0;56;54;40.0
16716	0
16716	
16260;0;0;56;54;35.0
16741	0
16741	
16284;0;0;56;54;38.0
16777	0
16777	
16312;0;0;56;54;38.0
16796	0
16796	
16336;0;0;56;54;40.0
16820	0
16820	
16362;0;0;56;54;39.0
16845	0
16845	
16388;0;0;56;54;39.0
16870	0
16870	
16413;0;0;56;54;39.0
16894	0
16894	
16437;0;0;56;54;40.0
16921	0
