milliseconds	Werte
463	0
463	
6;0;0;56;54;0.0
488	0
488	
30;0;0;56;54;46.0
514	0
514	
54;0;0;56;54;46.0
538	0
538	
78;0;0;56;54;46.0
563	0
563	
102;0;0;56;54;39.0
587	0
587	
129;0;0;56;54;29.0
612	0
612	
154;0;0;56;54;45.0
648	0
648	
183;0;0;56;54;46.0
668	0
668	
207;0;0;56;54;46.0
692	0
692	
231;0;0;56;54;43.0
716	0
716	
258;0;0;56;54;46.0
741	0
741	
283;0;0;56;54;57.0
765	0
765	
307;0;0;56;54;51.0
789	0
789	
331;0;0;56;54;33.0
816	0
816	
355;0;0;56;54;46.0
849	0
849	
379;0;0;56;54;46.0
868	0
868	
403;0;0;56;54;46.0
888	0
888	
427;0;0;56;54;50.0
912	0
912	
454;0;0;56;54;46.0
938	0
938	
480;0;0;56;54;46.0
962	0
962	
504;0;0;56;54;58.0
986	0
986	
528;0;0;56;54;50.0
1010	0
1010	
552;0;0;56;54;50.0
1037	0
1037	
576;0;0;56;54;28.0
1071	0
1071	
601;0;0;56;54;46.0
1089	0
1089	
625;0;0;56;54;50.0
1110	0
1110	
650;0;0;56;54;46.0
1135	0
1135	
677;0;0;56;54;50.0
1159	0
1159	
701;0;0;56;54;46.0
1183	0
1183	
725;0;0;56;54;45.0
1207	0
1207	
749;0;0;56;54;46.0
1234	0
1234	
773;0;0;56;54;47.0
1258	0
1258	
797;0;0;56;54;46.0
1290	0
1290	
821;0;0;56;54;36.0
1311	0
1311	
848;0;0;56;54;46.0
1331	0
1331	
873;0;0;56;54;45.0
1355	0
1355	
897;0;0;56;54;46.0
1379	0
1379	
921;0;0;56;54;50.0
1406	0
1406	
945;0;0;56;54;53.0
1430	0
1430	
969;0;0;56;54;45.0
1454	0
1454	
994;0;0;56;54;50.0
1479	0
1479	
1021;0;0;56;54;31.0
1515	0
1515	
1049;0;0;56;54;46.0
1531	0
1531	
1073;0;0;56;54;46.0
1558	0
1558	
1098;0;0;56;54;50.0
1583	0
1583	
1122;0;0;56;54;46.0
1607	0
1607	
1149;0;0;56;54;46.0
1632	0
1632	
1174;0;0;56;54;50.0
1657	0
1657	
1199;0;0;56;54;46.0
1681	0
1681	
1223;0;0;56;54;57.0
1713	0
1713	
1247;0;0;56;54;58.0
1736	0
1736	
1272;0;0;56;54;46.0
1757	0
1757	
1297;0;0;56;54;46.0
1783	0
1783	
1325;0;0;56;54;46.0
1807	0
1807	
1349;0;0;56;54;46.0
1831	0
1831	
1373;0;0;56;54;49.0
1858	0
1858	
1398;0;0;56;54;46.0
1883	0
1883	
1422;0;0;56;54;45.0
1907	0
1907	
1446;0;0;56;54;45.0
1938	0
1938	
1473;0;0;56;54;58.0
1960	0
1960	
1498;0;0;56;54;29.0
1981	0
1981	
1523;0;0;56;54;48.0
2006	0
2006	
1548;0;0;56;54;46.0
2033	0
2033	
1572;0;0;56;54;50.0
2057	0
2057	
1597;0;0;56;54;50.0
2082	0
2082	
1624;0;0;56;54;40.0
2107	0
2107	
1649;0;0;56;54;50.0
2131	0
2131	
1673;0;0;56;54;45.0
2168	0
2168	
1702;0;0;56;54;51.0
2187	0
2187	
1726;0;0;56;54;33.0
2211	0
2211	
1750;0;0;56;54;48.0
2236	0
2236	
1778;0;0;56;54;46.0
2261	0
2261	
1803;0;0;56;54;47.0
2285	0
2285	
1827;0;0;56;54;49.0
2309	0
2309	
1851;0;0;56;54;39.0
2334	0
2334	
1875;0;0;56;54;46.0
2366	0
2366	
1900;0;0;56;54;50.0
2388	0
2388	
1928;0;0;56;54;46.0
2410	0
2410	
1952;0;0;56;54;33.0
2434	0
2434	
1976;0;0;56;54;45.0
2460	0
2460	
2001;0;0;56;54;50.0
2486	0
2486	
2025;0;0;56;54;57.0
2510	0
2510	
2049;0;0;56;54;49.0
2534	0
2534	
2074;0;0;56;54;50.0
2559	0
2559	
2101;0;0;56;54;45.0
2588	0
2588	
2125;0;0;56;54;46.0
2612	0
2612	
2149;0;0;56;54;50.0
2632	0
2632	
2174;0;0;56;54;51.0
2656	0
2656	
2198;0;0;56;54;50.0
2681	0
2681	
2222;0;0;56;54;46.0
2707	0
2707	
2246;0;0;56;54;45.0
2731	0
2731	
2270;0;0;56;54;50.0
2755	0
2755	
2295;0;0;56;54;48.0
2780	0
2780	
2322;0;0;56;54;46.0
2816	0
2816	
2346;0;0;56;54;46.0
2832	0
2832	
2370;0;0;56;54;46.0
2852	0
2852	
2394;0;0;56;54;43.0
2876	0
2876	
2418;0;0;56;54;33.0
2903	0
2903	
2442;0;0;56;54;45.0
2927	0
2927	
2466;0;0;56;54;47.0
2951	0
2951	
2490;0;0;56;54;52.0
2975	0
2975	
2517;0;0;56;54;48.0
3000	0
3000	
2542;0;0;56;54;46.0
3036	0
3036	
2570;0;0;56;54;47.0
3055	0
3055	
2594;0;0;56;54;50.0
3079	0
3079	
2618;0;0;56;54;50.0
3103	0
3103	
2642;0;0;56;54;45.0
3127	0
3127	
2669;0;0;56;54;58.0
3152	0
3152	
2694;0;0;56;54;45.0
3176	0
3176	
2718;0;0;56;54;48.0
3200	0
3200	
2742;0;0;56;54;46.0
3232	0
3232	
2766;0;0;56;54;46.0
3256	0
3256	
2792;0;0;56;54;46.0
3277	0
3277	
2817;0;0;56;54;40.0
3302	0
3302	
2844;0;0;56;54;46.0
3327	0
3327	
2869;0;0;56;54;32.0
3351	0
3351	
2893;0;0;56;54;27.0
3375	0
3375	
2917;0;0;56;54;46.0
3402	0
3402	
2941;0;0;56;54;48.0
3426	0
3426	
2965;0;0;56;54;46.0
3459	0
3459	
2989;0;0;56;54;45.0
3479	0
3479	
3017;0;0;56;54;45.0
3499	0
3499	
3041;0;0;56;54;44.0
3523	0
3523	
3065;0;0;56;54;46.0
3547	0
3547	
3089;0;0;56;54;51.0
3574	0
3574	
3113;0;0;56;54;56.0
3598	0
3598	
3137;0;0;56;54;50.0
3622	0
3622	
3161;0;0;56;54;49.0
3646	0
3646	
3188;0;0;56;54;48.0
3684	0
3684	
3218;0;0;56;54;47.0
3701	0
3701	
3243;0;0;56;54;45.0
3728	0
3728	
3267;0;0;56;54;50.0
3752	0
3752	
3291;0;0;56;54;47.0
3776	0
3776	
3315;0;0;56;54;45.0
3800	0
3800	
3342;0;0;56;54;58.0
3825	0
3825	
3367;0;0;56;54;56.0
3849	0
3849	
3391;0;0;56;54;50.0
3873	0
3873	
3415;0;0;56;54;46.0
3909	0
3909	
3446;0;0;56;54;46.0
3931	0
3931	
3473;0;0;56;54;45.0
3956	0
3956	
3497;0;0;56;54;44.0
3979	0
3979	
3521;0;0;56;54;37.0
4003	0
4003	
3545;0;0;56;54;58.0
4028	0
4028	
3569;0;0;56;54;27.0
4054	0
4054	
3593;0;0;56;54;35.0
4078	0
4078	
3617;0;0;56;54;45.0
4106	0
4106	
3642;0;0;56;54;37.0
4129	0
4129	
3670;0;0;56;54;50.0
4152	0
4152	
3694;0;0;56;54;39.0
4177	0
4177	
3718;0;0;56;54;39.0
4201	0
4201	
3742;0;0;56;54;46.0
4225	0
4225	
3766;0;0;56;54;39.0
4251	0
4251	
3790;0;0;56;54;45.0
4275	0
4275	
3815;0;0;56;54;35.0
4300	0
4300	
3842;0;0;56;54;46.0
4337	0
4337	
3866;0;0;56;54;46.0
4352	0
4352	
3891;0;0;56;54;50.0
4373	0
4373	
3915;0;0;56;54;46.0
4397	0
4397	
3939;0;0;56;54;46.0
4424	0
4424	
3963;0;0;56;54;50.0
4448	0
4448	
3987;0;0;56;54;50.0
4472	0
4472	
4011;0;0;56;54;39.0
4496	0
4496	
4038;0;0;56;54;47.0
4521	0
4521	
4063;0;0;56;54;45.0
4559	0
4559	
4093;0;0;56;54;47.0
4578	0
4578	
4117;0;0;56;54;51.0
4602	0
4602	
4141;0;0;56;54;46.0
4626	0
4626	
4168;0;0;56;54;46.0
4651	0
4651	
4193;0;0;56;54;43.0
4675	0
4675	
4217;0;0;56;54;58.0
4699	0
4699	
4241;0;0;56;54;57.0
4726	0
4726	
4265;0;0;56;54;62.0
4750	0
4750	
4289;0;0;56;54;28.0
4782	0
4782	
4323;0;0;56;54;46.0
4806	0
4806	
4348;0;0;56;54;46.0
4830	0
4830	
4372;0;0;56;54;57.0
4854	0
4854	
4396;0;0;56;54;46.0
4879	0
4879	
4420;0;0;56;54;46.0
4906	0
4906	
4445;0;0;56;54;56.0
4930	0
4930	
4470;0;0;56;54;46.0
4955	0
4955	
4497;0;0;56;54;51.0
4983	0
4983	
4521;0;0;56;54;49.0
5010	0
5010	
4546;0;0;56;54;46.0
5028	0
5028	
4570;0;0;56;54;58.0
5053	0
5053	
4594;0;0;56;54;46.0
5079	0
5079	
4618;0;0;56;54;46.0
5103	0
5103	
4642;0;0;56;54;48.0
5127	0
5127	
4667;0;0;56;54;46.0
5153	0
5153	
4695;0;0;56;54;50.0
5177	0
5177	
4719;0;0;56;54;34.0
5213	0
5213	
4743;0;0;56;54;46.0
5231	0
5231	
4768;0;0;56;54;46.0
5250	0
5250	
4792;0;0;56;54;50.0
5275	0
5275	
4816;0;0;56;54;51.0
5301	0
5301	
4840;0;0;56;54;46.0
5325	0
5325	
4864;0;0;56;54;46.0
5349	0
5349	
4889;0;0;56;54;46.0
5374	0
5374	
4916;0;0;56;54;50.0
5399	0
5399	
4941;0;0;56;54;49.0
5435	0
5435	
4969;0;0;56;54;31.0
5454	0
5454	
4993;0;0;56;54;46.0
5478	0
5478	
5017;0;0;56;54;46.0
5502	0
5502	
5042;0;0;56;54;45.0
5527	0
5527	
5069;0;0;56;54;46.0
5551	0
5551	
5093;0;0;56;54;46.0
5575	0
5575	
5117;0;0;56;54;39.0
5599	0
5599	
5141;0;0;56;54;39.0
5624	0
5624	
5165;0;0;56;54;46.0
5654	0
5654	
5195;0;0;56;54;33.0
5679	0
5679	
5221;0;0;56;54;44.0
5703	0
5703	
5245;0;0;56;54;48.0
5727	0
5727	
5269;0;0;56;54;45.0
5751	0
5751	
5293;0;0;56;54;46.0
5778	0
5778	
5317;0;0;56;54;50.0
5802	0
5802	
5341;0;0;56;54;46.0
5826	0
5826	
5365;0;0;56;54;46.0
5852	0
5852	
5392;0;0;56;54;50.0
5878	0
5878	
5419;0;0;56;54;39.0
5901	0
5901	
5443;0;0;56;54;28.0
5925	0
5925	
5467;0;0;56;54;46.0
5950	0
5950	
5491;0;0;56;54;50.0
5976	0
5976	
5515;0;0;56;54;46.0
6000	0
6000	
5539;0;0;56;54;51.0
6024	0
6024	
5564;0;0;56;54;46.0
6049	0
6049	
5591;0;0;56;54;40.0
6085	0
6085	
5615;0;0;56;54;46.0
6101	0
6101	
5640;0;0;56;54;46.0
6123	0
6123	
5665;0;0;56;54;46.0
6148	0
6148	
5689;0;0;56;54;46.0
6175	0
6175	
5714;0;0;56;54;50.0
6199	0
6199	
5739;0;0;56;54;46.0
6224	0
6224	
5766;0;0;56;54;46.0
6248	0
6248	
5790;0;0;56;54;46.0
6272	0
6272	
5815;0;0;56;54;50.0
6309	0
6309	
5849;0;0;56;54;46.0
6334	0
6334	
5876;0;0;56;54;58.0
6358	0
6358	
5900;0;0;56;54;46.0
6382	0
6382	
5924;0;0;56;54;61.0
6406	0
6406	
5948;0;0;56;54;46.0
6433	0
6433	
5972;0;0;56;54;46.0
6458	0
6458	
5997;0;0;56;54;46.0
6482	0
6482	
6024;0;0;56;54;42.0
6512	0
6512	
6049;0;0;56;54;46.0
6534	0
6534	
6074;0;0;56;54;39.0
6556	0
6556	
6098;0;0;56;54;51.0
6580	0
6580	
6122;0;0;56;54;46.0
6607	0
6607	
6146;0;0;56;54;27.0
6631	0
6631	
6170;0;0;56;54;62.0
6655	0
6655	
6194;0;0;56;54;46.0
6679	0
6679	
6221;0;0;56;54;46.0
6704	0
6704	
6246;0;0;56;54;53.0
6740	0
6740	
6277;0;0;56;54;46.0
6762	0
6762	
6301;0;0;56;54;46.0
6786	0
6786	
6328;0;0;56;54;46.0
6811	0
6811	
6353;0;0;56;54;46.0
6835	0
6835	
6377;0;0;56;54;45.0
6859	0
6859	
6401;0;0;56;54;45.0
6884	0
6884	
6425;0;0;56;54;46.0
6910	0
6910	
6449;0;0;56;54;45.0
6939	0
6939	
6473;0;0;56;54;49.0
6961	0
6961	
6501;0;0;56;54;58.0
6983	0
6983	
6525;0;0;56;54;46.0
7007	0
7007	
6549;0;0;56;54;46.0
7031	0
7031	
6573;0;0;56;54;46.0
7056	0
7056	
6597;0;0;56;54;46.0
7082	0
7082	
6621;0;0;56;54;45.0
7106	0
7106	
6645;0;0;56;54;45.0
7130	0
7130	
6671;0;0;56;54;46.0
7168	0
7168	
6698;0;0;56;54;46.0
7184	0
7184	
6723;0;0;56;54;51.0
7205	0
7205	
6747;0;0;56;54;46.0
7229	0
7229	
6771;0;0;56;54;49.0
7254	0
7254	
6795;0;0;56;54;39.0
7280	0
7280	
6819;0;0;56;54;35.0
7304	0
7304	
6843;0;0;56;54;46.0
7328	0
7328	
6868;0;0;56;54;46.0
7354	0
7354	
6895;0;0;56;54;50.0
7390	0
7390	
6924;0;0;56;54;46.0
7410	0
7410	
6949;0;0;56;54;45.0
7434	0
7434	
6973;0;0;56;54;49.0
7458	0
7458	
6997;0;0;56;54;46.0
7482	0
7482	
7024;0;0;56;54;46.0
7507	0
7507	
7049;0;0;56;54;25.0
7532	0
7532	
7074;0;0;56;54;46.0
7556	0
7556	
7098;0;0;56;54;45.0
7585	0
7585	
7122;0;0;56;54;46.0
7611	0
7611	
7148;0;0;56;54;46.0
7633	0
7633	
7175;0;0;56;54;39.0
7658	0
7658	
7200;0;0;56;54;46.0
7682	0
7682	
7224;0;0;56;54;49.0
7706	0
7706	
7248;0;0;56;54;46.0
7731	0
7731	
7272;0;0;56;54;36.0
7757	0
7757	
7296;0;0;56;54;50.0
7781	0
7781	
7320;0;0;56;54;46.0
7810	0
7810	
7345;0;0;56;54;46.0
7833	0
7833	
7372;0;0;56;54;46.0
7854	0
7854	
7396;0;0;56;54;46.0
7878	0
7878	
7421;0;0;56;54;45.0
7903	0
7903	
7445;0;0;56;54;47.0
7930	0
7930	
7469;0;0;56;54;46.0
7954	0
7954	
7493;0;0;56;54;46.0
7978	0
7978	
7518;0;0;56;54;39.0
8003	0
8003	
7545;0;0;56;54;46.0
8039	0
8039	
7574;0;0;56;54;45.0
8059	0
8059	
7598;0;0;56;54;45.0
8083	0
8083	
7622;0;0;56;54;46.0
8107	0
8107	
7646;0;0;56;54;46.0
8131	0
8131	
7673;0;0;56;54;49.0
8156	0
8156	
7698;0;0;56;54;43.0
8180	0
8180	
7722;0;0;56;54;58.0
8204	0
8204	
7746;0;0;56;54;28.0
8233	0
8233	
7770;0;0;56;54;46.0
8258	0
8258	
7796;0;0;56;54;46.0
8281	0
8281	
7822;0;0;56;54;46.0
8306	0
8306	
7848;0;0;56;54;46.0
8330	0
8330	
7872;0;0;56;54;46.0
8354	0
8354	
7896;0;0;56;54;46.0
8382	0
8382	
7922;0;0;56;54;51.0
8407	0
8407	
7946;0;0;56;54;50.0
8431	0
8431	
7971;0;0;56;54;32.0
8461	0
8461	
7998;0;0;56;54;42.0
8484	0
8484	
8023;0;0;56;54;51.0
8506	0
8506	
8048;0;0;56;54;46.0
8533	0
8533	
8072;0;0;56;54;48.0
8557	0
8557	
8096;0;0;56;54;46.0
8581	0
8581	
8120;0;0;56;54;49.0
8605	0
8605	
8144;0;0;56;54;58.0
8629	0
8629	
8171;0;0;56;54;61.0
8654	0
8654	
8196;0;0;56;54;33.0
8691	0
8691	
8225;0;0;56;54;45.0
8710	0
8710	
8249;0;0;56;54;45.0
8734	0
8734	
8273;0;0;56;54;46.0
8758	0
8758	
8297;0;0;56;54;46.0
8782	0
8782	
8324;0;0;56;54;48.0
8807	0
8807	
8349;0;0;56;54;46.0
8831	0
8831	
8373;0;0;56;54;43.0
8855	0
8855	
8397;0;0;56;54;46.0
8887	0
8887	
8421;0;0;56;54;46.0
8911	0
8911	
8446;0;0;56;54;45.0
8931	0
8931	
8470;0;0;56;54;43.0
8955	0
8955	
8495;0;0;56;54;46.0
8980	0
8980	
8522;0;0;56;54;46.0
9004	0
9004	
8546;0;0;56;54;50.0
9028	0
9028	
8570;0;0;56;54;45.0
9052	0
9052	
8594;0;0;56;54;48.0
9079	0
9079	
8618;0;0;56;54;46.0
9110	0
9110	
8642;0;0;56;54;51.0
9132	0
9132	
8667;0;0;56;54;32.0
9152	0
9152	
8692;0;0;56;54;48.0
9177	0
9177	
8719;0;0;56;54;46.0
9201	0
9201	
8743;0;0;56;54;46.0
9225	0
9225	
8767;0;0;56;54;46.0
9250	0
9250	
8792;0;0;56;54;41.0
9277	0
9277	
8816;0;0;56;54;46.0
9301	0
9301	
8840;0;0;56;54;37.0
9333	0
9333	
8864;0;0;56;54;56.0
9353	0
9353	
8891;0;0;56;54;46.0
9375	0
9375	
8917;0;0;56;54;48.0
9399	0
9399	
8941;0;0;56;54;46.0
9423	0
9423	
8965;0;0;56;54;46.0
9448	0
9448	
8989;0;0;56;54;39.0
9474	0
9474	
9013;0;0;56;54;46.0
9499	0
9499	
9039;0;0;56;54;46.0
9526	0
9526	
9066;0;0;56;54;46.0
9551	0
9551	
9092;0;0;56;54;45.0
9574	0
9574	
9116;0;0;56;54;36.0
9598	0
9598	
9140;0;0;56;54;50.0
9623	0
9623	
9164;0;0;56;54;45.0
9649	0
9649	
9188;0;0;56;54;45.0
9673	0
9673	
9212;0;0;56;54;46.0
9697	0
9697	
9238;0;0;56;54;45.0
9722	0
9722	
9264;0;0;56;54;46.0
9758	0
9758	
9288;0;0;56;54;51.0
9776	0
9776	
9312;0;0;56;54;46.0
9794	0
9794	
9337;0;0;56;54;43.0
9820	0
9820	
9361;0;0;56;54;36.0
9847	0
9847	
9386;0;0;56;54;46.0
9871	0
9871	
9411;0;0;56;54;50.0
9896	0
9896	
9438;0;0;56;54;61.0
9921	0
9921	
9463;0;0;56;54;46.0
9945	0
9945	
9487;0;0;56;54;60.0
9979	0
9979	
9517;0;0;56;54;62.0
10002	0
10002	
9542;0;0;56;54;50.0
10027	0
10027	
9569;0;0;56;54;47.0
10051	0
10051	
9593;0;0;56;54;46.0
10075	0
10075	
9617;0;0;56;54;48.0
10099	0
10099	
9641;0;0;56;54;51.0
10126	0
10126	
9665;0;0;56;54;46.0
10150	0
10150	
9689;0;0;56;54;46.0
10174	0
10174	
9713;0;0;56;54;51.0
10202	0
10202	
9744;0;0;56;54;62.0
10226	0
10226	
9768;0;0;56;54;46.0
10250	0
10250	
9792;0;0;56;54;51.0
10274	0
10274	
9816;0;0;56;54;36.0
10301	0
10301	
9840;0;0;56;54;43.0
10326	0
10326	
9865;0;0;56;54;46.0
10350	0
10350	
9892;0;0;56;54;46.0
10375	0
10375	
9917;0;0;56;54;46.0
10411	0
10411	
9941;0;0;56;54;46.0
10430	0
10430	
9965;0;0;56;54;46.0
10448	0
10448	
9990;0;0;56;54;42.0
10473	0
10473	
10014;0;0;56;54;50.0
10499	0
10499	
10039;0;0;56;54;61.0
10525	0
10525	
10064;0;0;56;54;39.0
10549	0
10549	
10091;0;0;56;54;45.0
10575	0
10575	
10117;0;0;56;54;46.0
10599	0
10599	
10141;0;0;56;54;46.0
10629	0
10629	
10168;0;0;56;54;37.0
10653	0
10653	
10192;0;0;56;54;50.0
10677	0
10677	
10219;0;0;56;54;50.0
10702	0
10702	
10244;0;0;56;54;46.0
10726	0
10726	
10268;0;0;56;54;46.0
10750	0
10750	
10292;0;0;56;54;31.0
10775	0
10775	
10316;0;0;56;54;46.0
10801	0
10801	
10341;0;0;56;54;46.0
10834	0
10834	
10366;0;0;56;54;46.0
10853	0
10853	
10394;0;0;56;54;46.0
10876	0
10876	
10418;0;0;56;54;50.0
10900	0
10900	
10442;0;0;56;54;46.0
10924	0
10924	
10466;0;0;56;54;58.0
10951	0
10951	
10490;0;0;56;54;47.0
10975	0
10975	
10514;0;0;56;54;46.0
10999	0
10999	
10539;0;0;56;54;45.0
11027	0
11027	
10566;0;0;56;54;50.0
11053	0
11053	
10592;0;0;56;54;46.0
11074	0
11074	
10616;0;0;56;54;45.0
11098	0
11098	
10641;0;0;56;54;49.0
11126	0
11126	
10665;0;0;56;54;46.0
11150	0
11150	
10689;0;0;56;54;46.0
11174	0
11174	
10713;0;0;56;54;37.0
11198	0
11198	
10740;0;0;56;54;46.0
11223	0
11223	
10765;0;0;56;54;58.0
11259	0
11259	
10789;0;0;56;54;46.0
11274	0
11274	
10814;0;0;56;54;46.0
11300	0
11300	
10840;0;0;56;54;49.0
11325	0
11325	
10864;0;0;56;54;46.0
11349	0
11349	
10888;0;0;56;54;51.0
11373	0
11373	
10915;0;0;56;54;46.0
11398	0
11398	
10940;0;0;56;54;58.0
11423	0
11423	
10965;0;0;56;54;46.0
11458	0
11458	
10989;0;0;56;54;46.0
11478	0
11478	
11013;0;0;56;54;45.0
11498	0
11498	
11038;0;0;56;54;49.0
11523	0
11523	
11062;0;0;56;54;46.0
11547	0
11547	
11087;0;0;56;54;46.0
11572	0
11572	
11114;0;0;56;54;46.0
11597	0
11597	
11139;0;0;56;54;50.0
11621	0
11621	
11163;0;0;56;54;48.0
11649	0
11649	
11188;0;0;56;54;57.0
11676	0
11676	
11215;0;0;56;54;33.0
11701	0
11701	
11242;0;0;56;54;43.0
11725	0
11725	
11267;0;0;56;54;50.0
11749	0
11749	
11291;0;0;56;54;46.0
11773	0
11773	
11315;0;0;56;54;57.0
11800	0
11800	
11340;0;0;56;54;43.0
11825	0
11825	
11364;0;0;56;54;49.0
11849	0
11849	
11389;0;0;56;54;46.0
11878	0
11878	
11416;0;0;56;54;51.0
11903	0
11903	
11442;0;0;56;54;46.0
11924	0
11924	
11466;0;0;56;54;46.0
11948	0
11948	
11490;0;0;56;54;50.0
11972	0
11972	
11514;0;0;56;54;46.0
11999	0
11999	
11538;0;0;56;54;45.0
12023	0
12023	
11562;0;0;56;54;46.0
12047	0
12047	
11586;0;0;56;54;48.0
12071	0
12071	
11613;0;0;56;54;46.0
12108	0
12108	
11646;0;0;56;54;39.0
12131	0
12131	
11670;0;0;56;54;39.0
12155	0
12155	
11694;0;0;56;54;46.0
12179	0
12179	
11721;0;0;56;54;46.0
12204	0
12204	
11746;0;0;56;54;46.0
12228	0
12228	
11770;0;0;56;54;46.0
12252	0
12252	
11794;0;0;56;54;46.0
12277	0
12277	
11818;0;0;56;54;45.0
12311	0
12311	
11843;0;0;56;54;46.0
12331	0
12331	
11869;0;0;56;54;47.0
12352	0
12352	
11893;0;0;56;54;44.0
12377	0
12377	
11919;0;0;56;54;28.0
12403	0
12403	
11944;0;0;56;54;49.0
12427	0
12427	
11968;0;0;56;54;51.0
12451	0
12451	
11992;0;0;56;54;50.0
12477	0
12477	
12017;0;0;56;54;46.0
12508	0
12508	
12042;0;0;56;54;45.0
12531	0
12531	
12069;0;0;56;54;46.0
12552	0
12552	
12094;0;0;56;54;46.0
12576	0
12576	
12118;0;0;56;54;62.0
12603	0
12603	
12142;0;0;56;54;33.0
12627	0
12627	
12166;0;0;56;54;49.0
12651	0
12651	
12190;0;0;56;54;46.0
12675	0
12675	
12215;0;0;56;54;46.0
12700	0
12700	
12242;0;0;56;54;49.0
12736	0
12736	
12266;0;0;56;54;50.0
12756	0
12756	
12290;0;0;56;54;37.0
12772	0
12772	
12314;0;0;56;54;50.0
12799	0
12799	
12338;0;0;56;54;46.0
12823	0
12823	
12362;0;0;56;54;46.0
12847	0
12847	
12386;0;0;56;54;30.0
12871	0
12871	
12413;0;0;56;54;47.0
12896	0
12896	
12438;0;0;56;54;43.0
12931	0
12931	
12462;0;0;56;54;50.0
12949	0
12949	
12486;0;0;56;54;46.0
12968	0
12968	
12510;0;0;56;54;58.0
12993	0
12993	
12534;0;0;56;54;44.0
13019	0
13019	
12558;0;0;56;54;46.0
13043	0
13043	
12582;0;0;56;54;49.0
13067	0
13067	
12607;0;0;56;54;32.0
13092	0
13092	
12634;0;0;56;54;49.0
13116	0
13116	
12658;0;0;56;54;43.0
13152	0
13152	
12687;0;0;56;54;46.0
13172	0
13172	
12711;0;0;56;54;46.0
13196	0
13196	
12735;0;0;56;54;46.0
13220	0
13220	
12762;0;0;56;54;46.0
13245	0
13245	
12787;0;0;56;54;46.0
13269	0
13269	
12811;0;0;56;54;46.0
13293	0
13293	
12835;0;0;56;54;46.0
13318	0
13318	
12859;0;0;56;54;45.0
13348	0
13348	
12883;0;0;56;54;46.0
13371	0
13371	
12910;0;0;56;54;50.0
13396	0
13396	
12938;0;0;56;54;51.0
13420	0
13420	
12962;0;0;56;54;46.0
13444	0
13444	
12986;0;0;56;54;45.0
13468	0
13468	
13010;0;0;56;54;37.0
13495	0
13495	
13034;0;0;56;54;46.0
13519	0
13519	
13058;0;0;56;54;31.0
13543	0
13543	
13082;0;0;56;54;46.0
13576	0
13576	
13108;0;0;56;54;46.0
13595	0
13595	
13136;0;0;56;54;46.0
13618	0
13618	
13160;0;0;56;54;45.0
13642	0
13642	
13184;0;0;56;54;49.0
13666	0
13666	
13208;0;0;56;54;46.0
13694	0
13694	
13232;0;0;56;54;51.0
13717	0
13717	
13256;0;0;56;54;46.0
13742	0
13742	
13282;0;0;56;54;45.0
13773	0
13773	
13309;0;0;56;54;45.0
13794	0
13794	
13333;0;0;56;54;57.0
13815	0
13815	
13357;0;0;56;54;50.0
13839	0
13839	
13381;0;0;56;54;46.0
13864	0
13864	
13405;0;0;56;54;46.0
13888	0
13888	
13429;0;0;56;54;47.0
13914	0
13914	
13453;0;0;56;54;46.0
13938	0
13938	
13478;0;0;56;54;45.0
13963	0
13963	
13505;0;0;56;54;57.0
13997	0
13997	
13537;0;0;56;54;46.0
14020	0
14020	
13561;0;0;56;54;45.0
14044	0
14044	
13585;0;0;56;54;60.0
14070	0
14070	
13610;0;0;56;54;46.0
14095	0
14095	
13635;0;0;56;54;43.0
14119	0
14119	
13661;0;0;56;54;46.0
14143	0
14143	
13685;0;0;56;54;50.0
14167	0
14167	
13709;0;0;56;54;42.0
14201	0
14201	
13733;0;0;56;54;36.0
14222	0
14222	
13758;0;0;56;54;36.0
14243	0
14243	
13783;0;0;56;54;31.0
14268	0
14268	
13808;0;0;56;54;45.0
14291	0
14291	
13833;0;0;56;54;45.0
14316	0
14316	
13858;0;0;56;54;45.0
14340	0
14340	
13882;0;0;56;54;56.0
14365	0
14365	
13906;0;0;56;54;46.0
14395	0
14395	
13930;0;0;56;54;36.0
14419	0
14419	
13955;0;0;56;54;50.0
14440	0
14440	
13980;0;0;56;54;55.0
14463	0
14463	
14005;0;0;56;54;49.0
14488	0
14488	
14030;0;0;56;54;46.0
14512	0
14512	
14054;0;0;56;54;38.0
14537	0
14537	
14078;0;0;56;54;39.0
14561	0
14561	
14102;0;0;56;54;46.0
14587	0
14587	
14126;0;0;56;54;37.0
14620	0
14620	
14152;0;0;56;54;46.0
14640	0
14640	
14176;0;0;56;54;39.0
14659	0
14659	
14201;0;0;56;54;31.0
14684	0
14684	
14226;0;0;56;54;31.0
14708	0
14708	
14250;0;0;56;54;39.0
14733	0
14733	
14274;0;0;56;54;39.0
14757	0
14757	
14298;0;0;56;54;46.0
14783	0
14783	
14322;0;0;56;54;59.0
14807	0
14807	
14347;0;0;56;54;45.0
14841	0
14841	
14381;0;0;56;54;46.0
14864	0
14864	
14405;0;0;56;54;46.0
14887	0
14887	
14429;0;0;56;54;46.0
14913	0
14913	
14454;0;0;56;54;46.0
14939	0
14939	
14478;0;0;56;54;27.0
14963	0
14963	
14502;0;0;56;54;46.0
14987	0
14987	
14527;0;0;56;54;50.0
15012	0
15012	
14554;0;0;56;54;58.0
15048	0
15048	
14578;0;0;56;54;47.0
15064	0
15064	
14602;0;0;56;54;39.0
15085	0
15085	
14627;0;0;56;54;58.0
15109	0
15109	
14651;0;0;56;54;46.0
15136	0
15136	
14675;0;0;56;54;34.0
15160	0
15160	
14699;0;0;56;54;62.0
15184	0
15184	
14723;0;0;56;54;46.0
15208	0
15208	
14750;0;0;56;54;46.0
15238	0
15238	
14775;0;0;56;54;46.0
15260	0
15260	
14800;0;0;56;54;46.0
15282	0
15282	
14824;0;0;56;54;51.0
15306	0
15306	
14848;0;0;56;54;46.0
15333	0
15333	
14872;0;0;56;54;49.0
15357	0
15357	
14896;0;0;56;54;51.0
15381	0
15381	
14920;0;0;56;54;33.0
15405	0
15405	
14947;0;0;56;54;52.0
15430	0
15430	
14972;0;0;56;54;46.0
15466	0
15466	
15003;0;0;56;54;51.0
15488	0
15488	
15027;0;0;56;54;47.0
15512	0
15512	
15054;0;0;56;54;36.0
15537	0
15537	
15079;0;0;56;54;39.0
15561	0
15561	
15103;0;0;56;54;46.0
15586	0
15586	
15128;0;0;56;54;58.0
15613	0
15613	
15152;0;0;56;54;46.0
15637	0
15637	
15176;0;0;56;54;62.0
15666	0
15666	
15200;0;0;56;54;48.0
15689	0
15689	
15228;0;0;56;54;45.0
15710	0
15710	
15252;0;0;56;54;46.0
15734	0
15734	
15276;0;0;56;54;46.0
15758	0
15758	
15300;0;0;56;54;45.0
15783	0
