milliseconds	Werte
480	0
480	
25;0;0;56;54;53.0
505	0
505	
49;0;0;56;54;53.0
529	0
529	
73;0;0;56;54;62.0
555	0
555	
97;0;0;56;54;62.0
580	0
580	
121;0;0;56;54;53.0
604	0
604	
145;0;0;56;54;39.0
628	0
628	
172;0;0;56;54;50.0
662	0
662	
205;0;0;56;54;35.0
686	0
686	
229;0;0;56;54;42.0
712	0
712	
253;0;0;56;54;50.0
736	0
736	
278;0;0;56;54;50.0
761	0
761	
305;0;0;56;54;53.0
786	0
786	
330;0;0;56;54;46.0
810	0
810	
354;0;0;56;54;50.0
834	0
834	
378;0;0;56;54;50.0
870	0
870	
402;0;0;56;54;50.0
889	0
889	
426;0;0;56;54;53.0
910	0
910	
452;0;0;56;54;52.0
935	0
935	
479;0;0;56;54;50.0
959	0
959	
503;0;0;56;54;53.0
983	0
983	
527;0;0;56;54;50.0
1007	0
1007	
551;0;0;56;54;50.0
1034	0
1034	
575;0;0;56;54;40.0
1058	0
1058	
599;0;0;56;54;50.0
1091	0
1091	
635;0;0;56;54;54.0
1115	0
1115	
659;0;0;56;54;38.0
1139	0
1139	
683;0;0;56;54;48.0
1164	0
1164	
707;0;0;56;54;39.0
1188	0
1188	
731;0;0;56;54;49.0
1214	0
1214	
755;0;0;56;54;62.0
1238	0
1238	
780;0;0;56;54;52.0
1263	0
1263	
807;0;0;56;54;46.0
1299	0
1299	
831;0;0;56;54;49.0
1317	0
1317	
856;0;0;56;54;61.0
1336	0
1336	
880;0;0;56;54;53.0
1361	0
1361	
904;0;0;56;54;35.0
1387	0
1387	
928;0;0;56;54;48.0
1411	0
1411	
952;0;0;56;54;46.0
1435	0
1435	
977;0;0;56;54;56.0
1460	0
1460	
1004;0;0;56;54;50.0
1484	0
1484	
1028;0;0;56;54;51.0
1520	0
1520	
1052;0;0;56;54;53.0
1539	0
1539	
1077;0;0;56;54;53.0
1558	0
1558	
1101;0;0;56;54;50.0
1584	0
1584	
1125;0;0;56;54;36.0
1608	0
1608	
1149;0;0;56;54;53.0
1632	0
1632	
1174;0;0;56;54;49.0
1657	0
1657	
1201;0;0;56;54;50.0
1681	0
1681	
1225;0;0;56;54;53.0
1705	0
1705	
1249;0;0;56;54;49.0
1741	0
1741	
1273;0;0;56;54;50.0
1761	0
1761	
1298;0;0;56;54;53.0
1781	0
1781	
1323;0;0;56;54;50.0
1806	0
1806	
1347;0;0;56;54;50.0
1830	0
1830	
1372;0;0;56;54;37.0
1855	0
1855	
1399;0;0;56;54;52.0
1879	0
1879	
1423;0;0;56;54;50.0
1903	0
1903	
1447;0;0;56;54;49.0
1927	0
1927	
1471;0;0;56;54;50.0
1963	0
1963	
1507;0;0;56;54;53.0
1988	0
1988	
1532;0;0;56;54;50.0
2012	0
2012	
1556;0;0;56;54;49.0
2036	0
2036	
1580;0;0;56;54;39.0
2060	0
2060	
1604;0;0;56;54;31.0
2087	0
2087	
1628;0;0;56;54;46.0
2111	0
2111	
1652;0;0;56;54;50.0
2135	0
2135	
1676;0;0;56;54;53.0
2164	0
2164	
1703;0;0;56;54;50.0
2187	0
2187	
1730;0;0;56;54;51.0
2210	0
2210	
1754;0;0;56;54;50.0
2234	0
2234	
1778;0;0;56;54;53.0
2261	0
2261	
1802;0;0;56;54;47.0
2285	0
2285	
1826;0;0;56;54;29.0
2309	0
2309	
1850;0;0;56;54;49.0
2333	0
2333	
1877;0;0;56;54;49.0
2359	0
2359	
1903;0;0;56;54;39.0
2395	0
2395	
1931;0;0;56;54;50.0
2414	0
2414	
1955;0;0;56;54;49.0
2438	0
2438	
1979;0;0;56;54;49.0
2462	0
2462	
2003;0;0;56;54;53.0
2486	0
2486	
2030;0;0;56;54;42.0
2511	0
2511	
2055;0;0;56;54;35.0
2535	0
2535	
2079;0;0;56;54;45.0
2560	0
2560	
2103;0;0;56;54;52.0
2591	0
2591	
2127;0;0;56;54;50.0
2615	0
2615	
2157;0;0;56;54;66.0
2638	0
2638	
2182;0;0;56;54;53.0
2662	0
2662	
2206;0;0;56;54;50.0
2686	0
2686	
2230;0;0;56;54;62.0
2711	0
2711	
2254;0;0;56;54;53.0
2738	0
2738	
2279;0;0;56;54;60.0
2762	0
2762	
2304;0;0;56;54;35.0
2787	0
2787	
2331;0;0;56;54;61.0
2816	0
2816	
2355;0;0;56;54;51.0
2839	0
2839	
2380;0;0;56;54;45.0
2861	0
2861	
2405;0;0;56;54;50.0
2886	0
2886	
2429;0;0;56;54;48.0
2912	0
2912	
2453;0;0;56;54;51.0
2936	0
2936	
2477;0;0;56;54;50.0
2960	0
2960	
2502;0;0;56;54;48.0
2986	0
2986	
2530;0;0;56;54;30.0
3010	0
3010	
2554;0;0;56;54;37.0
3046	0
3046	
2582;0;0;56;54;50.0
3065	0
3065	
2606;0;0;56;54;52.0
3089	0
3089	
2630;0;0;56;54;42.0
3113	0
3113	
2654;0;0;56;54;50.0
3137	0
3137	
2681;0;0;56;54;50.0
3162	0
3162	
2706;0;0;56;54;53.0
3186	0
3186	
2730;0;0;56;54;51.0
3210	0
3210	
2754;0;0;56;54;40.0
3242	0
3242	
2778;0;0;56;54;40.0
3264	0
3264	
2804;0;0;56;54;49.0
3287	0
3287	
2828;0;0;56;54;51.0
3311	0
3311	
2853;0;0;56;54;53.0
3337	0
3337	
2881;0;0;56;54;53.0
3361	0
3361	
2905;0;0;56;54;46.0
3385	0
3385	
2929;0;0;56;54;48.0
3409	0
3409	
2953;0;0;56;54;50.0
3436	0
3436	
2977;0;0;56;54;50.0
3469	0
3469	
3001;0;0;56;54;29.0
3488	0
3488	
3026;0;0;56;54;43.0
3509	0
3509	
3051;0;0;56;54;50.0
3534	0
3534	
3078;0;0;56;54;50.0
3558	0
3558	
3102;0;0;56;54;49.0
3582	0
3582	
3127;0;0;56;54;50.0
3607	0
3607	
3151;0;0;56;54;51.0
3634	0
3634	
3175;0;0;56;54;50.0
3658	0
3658	
3199;0;0;56;54;47.0
3691	0
3691	
3223;0;0;56;54;61.0
3711	0
3711	
3251;0;0;56;54;54.0
3733	0
3733	
3276;0;0;56;54;56.0
3756	0
3756	
3300;0;0;56;54;50.0
3780	0
3780	
3324;0;0;56;54;50.0
3805	0
3805	
3348;0;0;56;54;67.0
3829	0
3829	
3372;0;0;56;54;66.0
3855	0
3855	
3396;0;0;56;54;53.0
3882	0
3882	
3421;0;0;56;54;62.0
3907	0
3907	
3450;0;0;56;54;31.0
3930	0
3930	
3474;0;0;56;54;51.0
3955	0
3955	
3499;0;0;56;54;48.0
3979	0
3979	
3523;0;0;56;54;50.0
4006	0
4006	
3547;0;0;56;54;50.0
4030	0
4030	
3571;0;0;56;54;65.0
4054	0
4054	
3595;0;0;56;54;53.0
4079	0
4079	
3623;0;0;56;54;49.0
4115	0
4115	
3647;0;0;56;54;53.0
4131	0
4131	
3671;0;0;56;54;50.0
4151	0
4151	
3695;0;0;56;54;31.0
4175	0
4175	
3719;0;0;56;54;50.0
4202	0
4202	
3743;0;0;56;54;50.0
4226	0
4226	
3767;0;0;56;54;52.0
4250	0
4250	
3791;0;0;56;54;53.0
4274	0
4274	
3818;0;0;56;54;50.0
4299	0
4299	
3843;0;0;56;54;50.0
4335	0
4335	
3871;0;0;56;54;52.0
4354	0
4354	
3895;0;0;56;54;44.0
4378	0
4378	
3919;0;0;56;54;35.0
4402	0
4402	
3943;0;0;56;54;51.0
4426	0
4426	
3970;0;0;56;54;48.0
4451	0
4451	
3995;0;0;56;54;56.0
4475	0
4475	
4019;0;0;56;54;53.0
4499	0
4499	
4043;0;0;56;54;51.0
4523	0
4523	
4067;0;0;56;54;51.0
4560	0
4560	
4099;0;0;56;54;50.0
4582	0
4582	
4126;0;0;56;54;39.0
4606	0
4606	
4150;0;0;56;54;35.0
4630	0
4630	
4174;0;0;56;54;53.0
4654	0
4654	
4198;0;0;56;54;49.0
4679	0
4679	
4222;0;0;56;54;50.0
4705	0
4705	
4246;0;0;56;54;50.0
4729	0
4729	
4270;0;0;56;54;53.0
4758	0
4758	
4295;0;0;56;54;50.0
4781	0
4781	
4322;0;0;56;54;50.0
4802	0
4802	
4346;0;0;56;54;51.0
4826	0
4826	
4370;0;0;56;54;40.0
4850	0
4850	
4394;0;0;56;54;50.0
4877	0
4877	
4418;0;0;56;54;49.0
4901	0
4901	
4442;0;0;56;54;50.0
4925	0
4925	
4466;0;0;56;54;56.0
4949	0
4949	
4493;0;0;56;54;49.0
4986	0
4986	
4522;0;0;56;54;48.0
5002	0
5002	
4546;0;0;56;54;57.0
5027	0
5027	
4570;0;0;56;54;50.0
5053	0
5053	
4594;0;0;56;54;52.0
5077	0
5077	
4618;0;0;56;54;30.0
5101	0
5101	
4643;0;0;56;54;53.0
5126	0
5126	
4670;0;0;56;54;52.0
5150	0
5150	
4694;0;0;56;54;49.0
5186	0
5186	
4718;0;0;56;54;53.0
5204	0
5204	
4742;0;0;56;54;50.0
5223	0
5223	
4766;0;0;56;54;42.0
5247	0
5247	
4790;0;0;56;54;50.0
5273	0
5273	
4814;0;0;56;54;53.0
5297	0
5297	
4840;0;0;56;54;51.0
5322	0
5322	
4866;0;0;56;54;48.0
5346	0
5346	
4890;0;0;56;54;53.0
5370	0
5370	
4914;0;0;56;54;53.0
5406	0
5406	
4939;0;0;56;54;53.0
5426	0
5426	
4963;0;0;56;54;50.0
5446	0
5446	
4987;0;0;56;54;53.0
5470	0
5470	
5012;0;0;56;54;50.0
5495	0
5495	
5039;0;0;56;54;49.0
5520	0
5520	
5064;0;0;56;54;36.0
5544	0
5544	
5088;0;0;56;54;25.0
5568	0
5568	
5112;0;0;56;54;53.0
5595	0
5595	
5137;0;0;56;54;49.0
5629	0
5629	
5161;0;0;56;54;52.0
5647	0
5647	
5185;0;0;56;54;50.0
5669	0
5669	
5213;0;0;56;54;50.0
5694	0
5694	
5238;0;0;56;54;48.0
5719	0
5719	
5262;0;0;56;54;50.0
5743	0
5743	
5286;0;0;56;54;54.0
5769	0
5769	
5310;0;0;56;54;47.0
5793	0
5793	
5334;0;0;56;54;28.0
5821	0
5821	
5359;0;0;56;54;52.0
5845	0
5845	
5388;0;0;56;54;49.0
5868	0
5868	
5412;0;0;56;54;51.0
5892	0
5892	
5437;0;0;56;54;50.0
5917	0
5917	
5461;0;0;56;54;53.0
5944	0
5944	
5485;0;0;56;54;67.0
5968	0
5968	
5509;0;0;56;54;50.0
5992	0
5992	
5533;0;0;56;54;62.0
6016	0
6016	
5560;0;0;56;54;53.0
6053	0
6053	
5585;0;0;56;54;62.0
6068	0
6068	
5610;0;0;56;54;53.0
6090	0
6090	
5634;0;0;56;54;57.0
6114	0
6114	
5658;0;0;56;54;62.0
6142	0
6142	
5683;0;0;56;54;49.0
6166	0
6166	
5707;0;0;56;54;50.0
6190	0
6190	
5732;0;0;56;54;48.0
6215	0
6215	
5759;0;0;56;54;50.0
6239	0
6239	
5783;0;0;56;54;31.0
6274	0
6274	
5814;0;0;56;54;40.0
6297	0
6297	
5841;0;0;56;54;53.0
6322	0
6322	
5866;0;0;56;54;52.0
6346	0
6346	
5890;0;0;56;54;50.0
6370	0
6370	
5914;0;0;56;54;61.0
6397	0
6397	
5939;0;0;56;54;53.0
6422	0
6422	
5963;0;0;56;54;51.0
6446	0
6446	
5988;0;0;56;54;50.0
6471	0
6471	
6015;0;0;56;54;51.0
6505	0
6505	
6048;0;0;56;54;50.0
6529	0
6529	
6072;0;0;56;54;53.0
6553	0
6553	
6097;0;0;56;54;52.0
6580	0
6580	
6122;0;0;56;54;53.0
6603	0
6603	
6146;0;0;56;54;46.0
6627	0
6627	
6171;0;0;56;54;50.0
6652	0
6652	
6196;0;0;56;54;53.0
6677	0
6677	
6220;0;0;56;54;51.0
6709	0
6709	
6244;0;0;56;54;52.0
6731	0
6731	
6269;0;0;56;54;49.0
6753	0
6753	
6295;0;0;56;54;52.0
6776	0
6776	
6319;0;0;56;54;52.0
6800	0
6800	
6344;0;0;56;54;61.0
6825	0
6825	
6369;0;0;56;54;51.0
6850	0
6850	
6393;0;0;56;54;47.0
6875	0
6875	
6418;0;0;56;54;50.0
6902	0
6902	
6444;0;0;56;54;48.0
6936	0
6936	
6468;0;0;56;54;32.0
6953	0
6953	
6493;0;0;56;54;52.0
6974	0
6974	
6518;0;0;56;54;47.0
7001	0
7001	
6544;0;0;56;54;52.0
7025	0
7025	
6568;0;0;56;54;49.0
7049	0
7049	
6592;0;0;56;54;51.0
7073	0
7073	
6617;0;0;56;54;43.0
7101	0
7101	
6644;0;0;56;54;49.0
7129	0
7129	
6669;0;0;56;54;49.0
7156	0
7156	
6695;0;0;56;54;49.0
7175	0
7175	
6719;0;0;56;54;29.0
7200	0
7200	
6743;0;0;56;54;50.0
7224	0
7224	
6767;0;0;56;54;51.0
7250	0
7250	
6791;0;0;56;54;50.0
7274	0
7274	
6816;0;0;56;54;53.0
7299	0
7299	
6843;0;0;56;54;55.0
7323	0
7323	
6867;0;0;56;54;51.0
7359	0
7359	
6891;0;0;56;54;51.0
7377	0
7377	
6916;0;0;56;54;61.0
7398	0
7398	
6941;0;0;56;54;51.0
7424	0
7424	
6965;0;0;56;54;46.0
7448	0
7448	
6989;0;0;56;54;49.0
7472	0
7472	
7014;0;0;56;54;38.0
7497	0
7497	
7041;0;0;56;54;50.0
7521	0
7521	
7065;0;0;56;54;51.0
7545	0
7545	
7089;0;0;56;54;48.0
7580	0
7580	
7117;0;0;56;54;48.0
7600	0
7600	
7142;0;0;56;54;50.0
7625	0
7625	
7169;0;0;56;54;41.0
7650	0
7650	
7194;0;0;56;54;42.0
7674	0
7674	
7218;0;0;56;54;39.0
7698	0
7698	
7243;0;0;56;54;50.0
7726	0
7726	
7267;0;0;56;54;53.0
7750	0
7750	
7291;0;0;56;54;41.0
7779	0
7779	
7315;0;0;56;54;50.0
7802	0
7802	
7345;0;0;56;54;40.0
7825	0
7825	
7369;0;0;56;54;51.0
7849	0
7849	
7393;0;0;56;54;50.0
7873	0
7873	
7417;0;0;56;54;53.0
7900	0
7900	
7442;0;0;56;54;49.0
7925	0
7925	
7466;0;0;56;54;53.0
7949	0
7949	
7491;0;0;56;54;49.0
7974	0
7974	
7518;0;0;56;54;53.0
8011	0
8011	
7543;0;0;56;54;49.0
8026	0
8026	
7567;0;0;56;54;54.0
8047	0
8047	
7591;0;0;56;54;49.0
8071	0
8071	
7615;0;0;56;54;62.0
8098	0
8098	
7639;0;0;56;54;33.0
8122	0
8122	
7663;0;0;56;54;50.0
8146	0
8146	
7687;0;0;56;54;62.0
8170	0
8170	
7712;0;0;56;54;49.0
8195	0
8195	
7739;0;0;56;54;67.0
8226	0
8226	
7770;0;0;56;54;49.0
8251	0
8251	
7794;0;0;56;54;50.0
8275	0
8275	
7818;0;0;56;54;66.0
8301	0
8301	
7842;0;0;56;54;57.0
8325	0
8325	
7867;0;0;56;54;61.0
8350	0
8350	
7894;0;0;56;54;50.0
8374	0
8374	
7918;0;0;56;54;51.0
8399	0
8399	
7942;0;0;56;54;51.0
8422	0
8422	
7966;0;0;56;54;54.0
8453	0
8453	
7994;0;0;56;54;49.0
8477	0
8477	
8021;0;0;56;54;54.0
8502	0
8502	
8046;0;0;56;54;51.0
8526	0
8526	
8070;0;0;56;54;58.0
8550	0
8550	
8094;0;0;56;54;35.0
8574	0
8574	
8118;0;0;56;54;51.0
8601	0
8601	
8142;0;0;56;54;49.0
8625	0
8625	
8166;0;0;56;54;51.0
8654	0
8654	
8190;0;0;56;54;49.0
8677	0
8677	
8218;0;0;56;54;67.0
8698	0
8698	
8242;0;0;56;54;53.0
8722	0
8722	
8266;0;0;56;54;45.0
8746	0
8746	
8290;0;0;56;54;53.0
8771	0
8771	
8314;0;0;56;54;50.0
8797	0
8797	
8338;0;0;56;54;50.0
8821	0
8821	
8362;0;0;56;54;49.0
8845	0
8845	
8387;0;0;56;54;50.0
8879	0
8879	
8420;0;0;56;54;52.0
8901	0
8901	
8444;0;0;56;54;50.0
8924	0
8924	
8468;0;0;56;54;53.0
8949	0
8949	
8492;0;0;56;54;50.0
8975	0
8975	
8516;0;0;56;54;53.0
8999	0
8999	
8540;0;0;56;54;52.0
9023	0
9023	
8565;0;0;56;54;53.0
9048	0
9048	
8592;0;0;56;54;48.0
9077	0
9077	
8616;0;0;56;54;53.0
9100	0
9100	
8640;0;0;56;54;50.0
9120	0
9120	
8664;0;0;56;54;52.0
9144	0
9144	
8688;0;0;56;54;50.0
9170	0
9170	
8713;0;0;56;54;46.0
9196	0
9196	
8737;0;0;56;54;53.0
9220	0
9220	
8761;0;0;56;54;50.0
9244	0
9244	
8786;0;0;56;54;51.0
9269	0
9269	
8813;0;0;56;54;50.0
9306	0
9306	
8837;0;0;56;54;50.0
9325	0
9325	
8862;0;0;56;54;53.0
9342	0
9342	
8886;0;0;56;54;50.0
9366	0
9366	
8910;0;0;56;54;50.0
9391	0
9391	
8934;0;0;56;54;49.0
9417	0
9417	
8958;0;0;56;54;53.0
9441	0
9441	
8982;0;0;56;54;50.0
9465	0
9465	
9007;0;0;56;54;51.0
9490	0
9490	
9034;0;0;56;54;31.0
9526	0
9526	
9063;0;0;56;54;52.0
9546	0
9546	
9087;0;0;56;54;50.0
9570	0
9570	
9111;0;0;56;54;49.0
9594	0
9594	
9135;0;0;56;54;50.0
9618	0
9618	
9162;0;0;56;54;45.0
9643	0
9643	
9187;0;0;56;54;50.0
9667	0
9667	
9211;0;0;56;54;49.0
9691	0
9691	
9235;0;0;56;54;54.0
9725	0
9725	
9259;0;0;56;54;53.0
9745	0
9745	
9284;0;0;56;54;48.0
9767	0
9767	
9308;0;0;56;54;51.0
9792	0
9792	
9336;0;0;56;54;50.0
9816	0
9816	
9360;0;0;56;54;53.0
9840	0
9840	
9384;0;0;56;54;53.0
9864	0
9864	
9408;0;0;56;54;50.0
9889	0
9889	
9432;0;0;56;54;50.0
9916	0
9916	
9457;0;0;56;54;50.0
9949	0
9949	
9482;0;0;56;54;53.0
9968	0
9968	
9508;0;0;56;54;49.0
9989	0
9989	
9533;0;0;56;54;49.0
10014	0
10014	
9558;0;0;56;54;54.0
10038	0
10038	
9582;0;0;56;54;53.0
10064	0
10064	
9606;0;0;56;54;39.0
10087	0
10087	
9630;0;0;56;54;50.0
10113	0
10113	
9655;0;0;56;54;49.0
10138	0
10138	
9680;0;0;56;54;53.0
10168	0
10168	
9712;0;0;56;54;49.0
10192	0
10192	
9736;0;0;56;54;50.0
10217	0
10217	
9760;0;0;56;54;48.0
10241	0
10241	
9784;0;0;56;54;52.0
10267	0
10267	
9808;0;0;56;54;50.0
10291	0
10291	
9833;0;0;56;54;48.0
10316	0
10316	
9860;0;0;56;54;50.0
10340	0
10340	
9884;0;0;56;54;53.0
10364	0
10364	
9908;0;0;56;54;50.0
10394	0
10394	
9935;0;0;56;54;51.0
10418	0
10418	
9960;0;0;56;54;37.0
10443	0
10443	
9985;0;0;56;54;49.0
10468	0
10468	
10012;0;0;56;54;50.0
10492	0
10492	
10036;0;0;56;54;56.0
10518	0
10518	
10062;0;0;56;54;53.0
10545	0
10545	
10086;0;0;56;54;50.0
10569	0
10569	
10110;0;0;56;54;50.0
10601	0
10601	
10134;0;0;56;54;51.0
10621	0
10621	
10161;0;0;56;54;50.0
10643	0
10643	
10187;0;0;56;54;43.0
10667	0
10667	
10211;0;0;56;54;51.0
10691	0
10691	
10235;0;0;56;54;50.0
10718	0
10718	
10260;0;0;56;54;48.0
10743	0
10743	
10284;0;0;56;54;50.0
10767	0
10767	
10309;0;0;56;54;53.0
10792	0
10792	
10336;0;0;56;54;48.0
10829	0
10829	
10365;0;0;56;54;48.0
10846	0
10846	
10389;0;0;56;54;46.0
10872	0
10872	
10413;0;0;56;54;67.0
10896	0
10896	
10437;0;0;56;54;34.0
10920	0
10920	
10463;0;0;56;54;53.0
10945	0
10945	
10489;0;0;56;54;49.0
10969	0
10969	
10513;0;0;56;54;49.0
10993	0
10993	
10537;0;0;56;54;62.0
11020	0
11020	
10562;0;0;56;54;50.0
11054	0
11054	
10598;0;0;56;54;50.0
11078	0
11078	
10622;0;0;56;54;52.0
11102	0
11102	
10646;0;0;56;54;50.0
11127	0
11127	
10670;0;0;56;54;49.0
11151	0
11151	
10694;0;0;56;54;46.0
11177	0
11177	
10718;0;0;56;54;50.0
11201	0
11201	
10743;0;0;56;54;52.0
11226	0
11226	
10770;0;0;56;54;50.0
11254	0
11254	
10794;0;0;56;54;48.0
11281	0
11281	
10819;0;0;56;54;53.0
11299	0
11299	
10843;0;0;56;54;60.0
11324	0
11324	
10867;0;0;56;54;51.0
11350	0
11350	
10891;0;0;56;54;35.0
11374	0
11374	
10915;0;0;56;54;38.0
11398	0
11398	
10940;0;0;56;54;48.0
11423	0
11423	
10967;0;0;56;54;51.0
11448	0
11448	
10992;0;0;56;54;52.0
11484	0
11484	
11017;0;0;56;54;49.0
11505	0
11505	
11041;0;0;56;54;53.0
11524	0
11524	
11066;0;0;56;54;48.0
11549	0
11549	
11091;0;0;56;54;54.0
11574	0
11574	
11118;0;0;56;54;48.0
11598	0
11598	
11142;0;0;56;54;49.0
11622	0
11622	
11167;0;0;56;54;53.0
11647	0
11647	
11191;0;0;56;54;39.0
11672	0
11672	
11215;0;0;56;54;48.0
11705	0
11705	
11239;0;0;56;54;53.0
11728	0
11728	
11265;0;0;56;54;51.0
11748	0
11748	
11292;0;0;56;54;53.0
11773	0
11773	
11317;0;0;56;54;51.0
11797	0
11797	
11341;0;0;56;54;39.0
11821	0
11821	
11366;0;0;56;54;50.0
11849	0
11849	
11390;0;0;56;54;39.0
11873	0
11873	
11414;0;0;56;54;48.0
11897	0
11897	
11438;0;0;56;54;53.0
11931	0
11931	
11471;0;0;56;54;51.0
11952	0
11952	
11496;0;0;56;54;50.0
11976	0
11976	
11520;0;0;56;54;42.0
12000	0
12000	
11544;0;0;56;54;50.0
12026	0
12026	
11569;0;0;56;54;63.0
12052	0
12052	
11593;0;0;56;54;32.0
12077	0
12077	
11618;0;0;56;54;53.0
12101	0
12101	
11645;0;0;56;54;39.0
12131	0
12131	
11670;0;0;56;54;46.0
12154	0
12154	
11695;0;0;56;54;50.0
12175	0
12175	
11719;0;0;56;54;39.0
12201	0
12201	
11744;0;0;56;54;53.0
12227	0
12227	
11769;0;0;56;54;40.0
12252	0
12252	
11794;0;0;56;54;40.0
12277	0
12277	
11821;0;0;56;54;31.0
12301	0
12301	
11845;0;0;56;54;39.0
12326	0
12326	
11870;0;0;56;54;51.0
12362	0
12362	
11894;0;0;56;54;50.0
12381	0
12381	
11918;0;0;56;54;39.0
12401	0
12401	
11942;0;0;56;54;52.0
12425	0
12425	
11966;0;0;56;54;51.0
12449	0
12449	
11991;0;0;56;54;50.0
12474	0
12474	
12018;0;0;56;54;36.0
12498	0
12498	
12042;0;0;56;54;35.0
12522	0
12522	
12066;0;0;56;54;52.0
12555	0
12555	
12091;0;0;56;54;51.0
12579	0
12579	
12121;0;0;56;54;54.0
12602	0
12602	
12146;0;0;56;54;50.0
12626	0
12626	
12171;0;0;56;54;61.0
12651	0
12651	
12195;0;0;56;54;67.0
12678	0
12678	
12219;0;0;56;54;50.0
12702	0
12702	
12243;0;0;56;54;61.0
12726	0
12726	
12267;0;0;56;54;62.0
12750	0
12750	
12294;0;0;56;54;52.0
12780	0
12780	
12319;0;0;56;54;65.0
12804	0
12804	
12344;0;0;56;54;40.0
12825	0
12825	
12368;0;0;56;54;50.0
12848	0
12848	
12392;0;0;56;54;51.0
12875	0
12875	
12416;0;0;56;54;50.0
12899	0
12899	
12440;0;0;56;54;58.0
12923	0
12923	
12464;0;0;56;54;40.0
12947	0
12947	
12491;0;0;56;54;50.0
12972	0
12972	
12516;0;0;56;54;35.0
13008	0
13008	
12544;0;0;56;54;50.0
13028	0
13028	
12568;0;0;56;54;51.0
13051	0
13051	
12592;0;0;56;54;45.0
13075	0
13075	
12616;0;0;56;54;50.0
13099	0
13099	
12643;0;0;56;54;51.0
13124	0
13124	
12668;0;0;56;54;48.0
13148	0
13148	
12692;0;0;56;54;50.0
13172	0
13172	
12716;0;0;56;54;50.0
13206	0
13206	
12740;0;0;56;54;48.0
13227	0
13227	
12765;0;0;56;54;31.0
13249	0
13249	
12789;0;0;56;54;49.0
13272	0
13272	
12814;0;0;56;54;49.0
13297	0
13297	
12841;0;0;56;54;53.0
13321	0
13321	
12865;0;0;56;54;49.0
13345	0
13345	
12889;0;0;56;54;50.0
13369	0
13369	
12913;0;0;56;54;50.0
13396	0
13396	
12937;0;0;56;54;52.0
13431	0
13431	
12962;0;0;56;54;54.0
13449	0
13449	
12987;0;0;56;54;36.0
13470	0
13470	
13012;0;0;56;54;42.0
13495	0
13495	
13039;0;0;56;54;53.0
13519	0
13519	
13063;0;0;56;54;51.0
13543	0
13543	
13087;0;0;56;54;53.0
13567	0
13567	
13111;0;0;56;54;51.0
13594	0
13594	
13135;0;0;56;54;50.0
13618	0
13618	
13159;0;0;56;54;53.0
13651	0
13651	
13192;0;0;56;54;62.0
13673	0
13673	
13217;0;0;56;54;33.0
13697	0
13697	
13241;0;0;56;54;53.0
13721	0
13721	
13265;0;0;56;54;52.0
13745	0
13745	
13289;0;0;56;54;39.0
13770	0
13770	
13313;0;0;56;54;50.0
13796	0
13796	
13337;0;0;56;54;49.0
13820	0
13820	
13361;0;0;56;54;50.0
13850	0
13850	
13386;0;0;56;54;50.0
13872	0
13872	
13414;0;0;56;54;53.0
13894	0
13894	
13438;0;0;56;54;53.0
13918	0
13918	
13462;0;0;56;54;33.0
13942	0
13942	
13486;0;0;56;54;50.0
13969	0
13969	
13510;0;0;56;54;48.0
13993	0
13993	
13534;0;0;56;54;53.0
14017	0
14017	
13558;0;0;56;54;67.0
14043	0
14043	
13585;0;0;56;54;62.0
14069	0
14069	
13612;0;0;56;54;46.0
14092	0
14092	
13636;0;0;56;54;50.0
14116	0
14116	
13660;0;0;56;54;66.0
14142	0
14142	
13685;0;0;56;54;50.0
14168	0
14168	
13709;0;0;56;54;51.0
14192	0
14192	
13734;0;0;56;54;52.0
14217	0
14217	
13761;0;0;56;54;49.0
14241	0
14241	
13785;0;0;56;54;50.0
14277	0
14277	
13809;0;0;56;54;50.0
14296	0
14296	
13833;0;0;56;54;49.0
14314	0
14314	
13857;0;0;56;54;48.0
14340	0
14340	
13881;0;0;56;54;50.0
14364	0
14364	
13905;0;0;56;54;50.0
14388	0
14388	
13930;0;0;56;54;31.0
14413	0
14413	
13957;0;0;56;54;50.0
14437	0
14437	
13981;0;0;56;54;50.0
14461	0
14461	
14005;0;0;56;54;50.0
14496	0
14496	
14035;0;0;56;54;50.0
14518	0
14518	
14062;0;0;56;54;48.0
14543	0
14543	
14087;0;0;56;54;53.0
14567	0
14567	
14111;0;0;56;54;50.0
14591	0
14591	
14135;0;0;56;54;36.0
14619	0
14619	
14160;0;0;56;54;50.0
14643	0
14643	
14184;0;0;56;54;50.0
14667	0
14667	
14209;0;0;56;54;49.0
14697	0
14697	
14236;0;0;56;54;53.0
14719	0
14719	
14260;0;0;56;54;51.0
14740	0
14740	
14284;0;0;56;54;50.0
14764	0
14764	
14308;0;0;56;54;49.0
14788	0
14788	
14332;0;0;56;54;51.0
14813	0
14813	
14356;0;0;56;54;51.0
14839	0
14839	
14381;0;0;56;54;49.0
14864	0
14864	
14406;0;0;56;54;21.0
14891	0
14891	
14433;0;0;56;54;53.0
14916	0
14916	
14459;0;0;56;54;50.0
14939	0
14939	
14483;0;0;56;54;51.0
14963	0
14963	
14507;0;0;56;54;53.0
14988	0
14988	
14531;0;0;56;54;50.0
15012	0
15012	
14555;0;0;56;54;50.0
15038	0
15038	
14580;0;0;56;54;50.0
15063	0
15063	
14605;0;0;56;54;53.0
15086	0
15086	
14630;0;0;56;54;53.0
15123	0
15123	
14655;0;0;56;54;54.0
15142	0
15142	
14680;0;0;56;54;50.0
15160	0
15160	
14704;0;0;56;54;51.0
15185	0
15185	
14728;0;0;56;54;46.0
15211	0
15211	
14752;0;0;56;54;62.0
15236	0
15236	
14776;0;0;56;54;48.0
15259	0
15259	
14801;0;0;56;54;50.0
15284	0
15284	
14828;0;0;56;54;67.0
15308	0
15308	
14852;0;0;56;54;50.0
15341	0
15341	
14881;0;0;56;54;48.0
15364	0
15364	
14905;0;0;56;54;48.0
15388	0
15388	
14932;0;0;56;54;53.0
15413	0
15413	
14957;0;0;56;54;48.0
15437	0
15437	
14982;0;0;56;54;52.0
15462	0
15462	
15006;0;0;56;54;50.0
15489	0
15489	
15030;0;0;56;54;49.0
15513	0
15513	
15054;0;0;56;54;52.0
15546	0
15546	
15078;0;0;56;54;53.0
15565	0
15565	
15106;0;0;56;54;48.0
15586	0
15586	
15130;0;0;56;54;49.0
15610	0
15610	
15154;0;0;56;54;50.0
15634	0
15634	
15178;0;0;56;54;53.0
15659	0
15659	
15202;0;0;56;54;51.0
15685	0
15685	
15226;0;0;56;54;53.0
15709	0
15709	
15250;0;0;56;54;49.0
15733	0
15733	
15275;0;0;56;54;52.0
15767	0
15767	
15306;0;0;56;54;31.0
15786	0
15786	
15330;0;0;56;54;53.0
15810	0
15810	
15354;0;0;56;54;53.0
15837	0
15837	
15378;0;0;56;54;49.0
15861	0
15861	
15402;0;0;56;54;49.0
15885	0
15885	
15426;0;0;56;54;47.0
15909	0
15909	
15453;0;0;56;54;49.0
15934	0
15934	
15478;0;0;56;54;53.0
15969	0
15969	
15502;0;0;56;54;49.0
15988	0
15988	
15526;0;0;56;54;59.0
16006	0
16006	
15550;0;0;56;54;46.0
16033	0
16033	
15574;0;0;56;54;47.0
16057	0
16057	
15598;0;0;56;54;55.0
16081	0
16081	
15622;0;0;56;54;40.0
16105	0
16105	
15647;0;0;56;54;48.0
16130	0
16130	
15674;0;0;56;54;48.0
16154	0
16154	
15698;0;0;56;54;51.0
16195	0
16195	
15722;0;0;56;54;51.0
16210	0
16210	
15746;0;0;56;54;53.0
16226	0
16226	
15770;0;0;56;54;37.0
16251	0
16251	
15794;0;0;56;54;51.0
16277	0
