milliseconds	Werte
482	0
482	
26;0;0;56;54;56.0
507	0
507	
50;0;0;56;54;56.0
531	0
531	
74;0;0;56;54;51.0
558	0
558	
98;0;0;56;54;49.0
582	0
582	
122;0;0;56;54;50.0
606	0
606	
146;0;0;56;54;53.0
630	0
630	
173;0;0;56;54;39.0
665	0
665	
207;0;0;56;54;56.0
689	0
689	
231;0;0;56;54;54.0
713	0
713	
255;0;0;56;54;46.0
739	0
739	
280;0;0;56;54;53.0
764	0
764	
306;0;0;56;54;48.0
788	0
788	
331;0;0;56;54;52.0
813	0
813	
356;0;0;56;54;52.0
837	0
837	
380;0;0;56;54;48.0
873	0
873	
405;0;0;56;54;32.0
893	0
893	
429;0;0;56;54;49.0
914	0
914	
455;0;0;56;54;50.0
939	0
939	
482;0;0;56;54;52.0
964	0
964	
507;0;0;56;54;39.0
988	0
988	
531;0;0;56;54;53.0
1012	0
1012	
555;0;0;56;54;51.0
1037	0
1037	
579;0;0;56;54;54.0
1063	0
1063	
603;0;0;56;54;53.0
1096	0
1096	
639;0;0;56;54;37.0
1120	0
1120	
663;0;0;56;54;31.0
1144	0
1144	
687;0;0;56;54;67.0
1169	0
1169	
711;0;0;56;54;48.0
1195	0
1195	
735;0;0;56;54;51.0
1219	0
1219	
759;0;0;56;54;51.0
1243	0
1243	
784;0;0;56;54;57.0
1268	0
1268	
811;0;0;56;54;48.0
1301	0
1301	
836;0;0;56;54;49.0
1323	0
1323	
861;0;0;56;54;52.0
1342	0
1342	
885;0;0;56;54;46.0
1370	0
1370	
911;0;0;56;54;48.0
1395	0
1395	
935;0;0;56;54;53.0
1419	0
1419	
960;0;0;56;54;42.0
1444	0
1444	
987;0;0;56;54;53.0
1468	0
1468	
1011;0;0;56;54;35.0
1492	0
1492	
1035;0;0;56;54;53.0
1527	0
1527	
1059;0;0;56;54;53.0
1547	0
1547	
1083;0;0;56;54;43.0
1567	0
1567	
1108;0;0;56;54;67.0
1592	0
1592	
1132;0;0;56;54;72.0
1616	0
1616	
1157;0;0;56;54;51.0
1641	0
1641	
1184;0;0;56;54;51.0
1665	0
1665	
1209;0;0;56;54;54.0
1690	0
1690	
1233;0;0;56;54;53.0
1718	0
1718	
1258;0;0;56;54;52.0
1751	0
1751	
1282;0;0;56;54;41.0
1771	0
1771	
1306;0;0;56;54;53.0
1790	0
1790	
1331;0;0;56;54;46.0
1815	0
1815	
1358;0;0;56;54;31.0
1840	0
1840	
1383;0;0;56;54;67.0
1864	0
1864	
1407;0;0;56;54;62.0
1888	0
1888	
1431;0;0;56;54;53.0
1915	0
1915	
1455;0;0;56;54;50.0
1939	0
1939	
1479;0;0;56;54;67.0
1970	0
1970	
1513;0;0;56;54;67.0
1994	0
1994	
1537;0;0;56;54;50.0
2018	0
2018	
1561;0;0;56;54;56.0
2042	0
2042	
1585;0;0;56;54;53.0
2069	0
2069	
1610;0;0;56;54;58.0
2094	0
2094	
1634;0;0;56;54;48.0
2118	0
2118	
1659;0;0;56;54;50.0
2143	0
2143	
1686;0;0;56;54;53.0
2170	0
2170	
1711;0;0;56;54;50.0
2195	0
2195	
1735;0;0;56;54;53.0
2216	0
2216	
1759;0;0;56;54;54.0
2240	0
2240	
1783;0;0;56;54;65.0
2267	0
2267	
1807;0;0;56;54;67.0
2291	0
2291	
1831;0;0;56;54;48.0
2315	0
2315	
1855;0;0;56;54;39.0
2339	0
2339	
1880;0;0;56;54;56.0
2364	0
2364	
1907;0;0;56;54;67.0
2400	0
2400	
1931;0;0;56;54;53.0
2416	0
2416	
1956;0;0;56;54;51.0
2437	0
2437	
1980;0;0;56;54;50.0
2465	0
2465	
2005;0;0;56;54;46.0
2489	0
2489	
2029;0;0;56;54;67.0
2513	0
2513	
2053;0;0;56;54;67.0
2537	0
2537	
2078;0;0;56;54;37.0
2563	0
2563	
2105;0;0;56;54;52.0
2587	0
2587	
2130;0;0;56;54;54.0
2616	0
2616	
2158;0;0;56;54;58.0
2640	0
2640	
2182;0;0;56;54;53.0
2666	0
2666	
2206;0;0;56;54;53.0
2690	0
2690	
2231;0;0;56;54;56.0
2715	0
2715	
2258;0;0;56;54;50.0
2739	0
2739	
2282;0;0;56;54;52.0
2763	0
2763	
2306;0;0;56;54;26.0
2787	0
2787	
2330;0;0;56;54;52.0
2818	0
2818	
2354;0;0;56;54;53.0
2841	0
2841	
2380;0;0;56;54;52.0
2864	0
2864	
2405;0;0;56;54;49.0
2889	0
2889	
2432;0;0;56;54;46.0
2913	0
2913	
2456;0;0;56;54;50.0
2937	0
2937	
2480;0;0;56;54;53.0
2965	0
2965	
2505;0;0;56;54;58.0
2989	0
2989	
2529;0;0;56;54;39.0
3013	0
3013	
2553;0;0;56;54;53.0
3042	0
3042	
2580;0;0;56;54;52.0
3065	0
3065	
2606;0;0;56;54;52.0
3087	0
3087	
2630;0;0;56;54;57.0
3111	0
3111	
2654;0;0;56;54;46.0
3135	0
3135	
2678;0;0;56;54;45.0
3162	0
3162	
2702;0;0;56;54;50.0
3186	0
3186	
2726;0;0;56;54;53.0
3210	0
3210	
2750;0;0;56;54;53.0
3234	0
3234	
2777;0;0;56;54;39.0
3271	0
3271	
2802;0;0;56;54;53.0
3288	0
3288	
2826;0;0;56;54;53.0
3308	0
3308	
2851;0;0;56;54;52.0
3332	0
3332	
2875;0;0;56;54;50.0
3359	0
3359	
2899;0;0;56;54;62.0
3383	0
3383	
2923;0;0;56;54;53.0
3407	0
3407	
2947;0;0;56;54;51.0
3431	0
3431	
2974;0;0;56;54;62.0
3456	0
3456	
2999;0;0;56;54;49.0
3484	0
3484	
3026;0;0;56;54;31.0
3507	0
3507	
3050;0;0;56;54;52.0
3531	0
3531	
3074;0;0;56;54;53.0
3556	0
3556	
3098;0;0;56;54;50.0
3582	0
3582	
3122;0;0;56;54;66.0
3606	0
3606	
3146;0;0;56;54;46.0
3630	0
3630	
3171;0;0;56;54;53.0
3655	0
3655	
3198;0;0;56;54;53.0
3684	0
3684	
3222;0;0;56;54;67.0
3707	0
3707	
3247;0;0;56;54;52.0
3729	0
3729	
3271;0;0;56;54;49.0
3752	0
3752	
3295;0;0;56;54;52.0
3779	0
3779	
3320;0;0;56;54;49.0
3804	0
3804	
3344;0;0;56;54;55.0
3828	0
3828	
3369;0;0;56;54;53.0
3853	0
3853	
3396;0;0;56;54;50.0
3877	0
3877	
3421;0;0;56;54;52.0
3914	0
3914	
3445;0;0;56;54;52.0
3931	0
3931	
3469;0;0;56;54;36.0
3950	0
3950	
3493;0;0;56;54;32.0
3977	0
3977	
3517;0;0;56;54;50.0
4001	0
4001	
3541;0;0;56;54;50.0
4025	0
4025	
3565;0;0;56;54;52.0
4049	0
4049	
3590;0;0;56;54;50.0
4074	0
4074	
3617;0;0;56;54;55.0
4098	0
4098	
3641;0;0;56;54;53.0
4134	0
4134	
3672;0;0;56;54;45.0
4156	0
4156	
3696;0;0;56;54;48.0
4180	0
4180	
3723;0;0;56;54;52.0
4205	0
4205	
3748;0;0;56;54;51.0
4229	0
4229	
3772;0;0;56;54;49.0
4253	0
4253	
3796;0;0;56;54;48.0
4280	0
4280	
3821;0;0;56;54;49.0
4305	0
4305	
3845;0;0;56;54;52.0
4333	0
4333	
3870;0;0;56;54;53.0
4356	0
4356	
3898;0;0;56;54;51.0
4380	0
4380	
3924;0;0;56;54;61.0
4405	0
4405	
3948;0;0;56;54;51.0
4432	0
4432	
3972;0;0;56;54;51.0
4456	0
4456	
3996;0;0;56;54;49.0
4480	0
4480	
4020;0;0;56;54;53.0
4504	0
4504	
4047;0;0;56;54;48.0
4529	0
4529	
4072;0;0;56;54;53.0
4566	0
4566	
4096;0;0;56;54;55.0
4585	0
4585	
4121;0;0;56;54;52.0
4602	0
4602	
4145;0;0;56;54;53.0
4629	0
4629	
4169;0;0;56;54;51.0
4653	0
4653	
4193;0;0;56;54;32.0
4677	0
4677	
4217;0;0;56;54;53.0
4701	0
4701	
4244;0;0;56;54;65.0
4727	0
4727	
4270;0;0;56;54;56.0
4751	0
4751	
4294;0;0;56;54;31.0
4780	0
4780	
4322;0;0;56;54;53.0
4804	0
4804	
4346;0;0;56;54;46.0
4830	0
4830	
4371;0;0;56;54;42.0
4855	0
4855	
4396;0;0;56;54;53.0
4879	0
4879	
4421;0;0;56;54;43.0
4903	0
4903	
4446;0;0;56;54;48.0
4927	0
4927	
4470;0;0;56;54;58.0
4952	0
4952	
4494;0;0;56;54;51.0
4986	0
4986	
4518;0;0;56;54;51.0
5006	0
5006	
4542;0;0;56;54;43.0
5026	0
5026	
4567;0;0;56;54;48.0
5051	0
5051	
4594;0;0;56;54;52.0
5075	0
5075	
4618;0;0;56;54;61.0
5099	0
5099	
4642;0;0;56;54;35.0
5123	0
5123	
4666;0;0;56;54;53.0
5148	0
5148	
4690;0;0;56;54;53.0
5174	0
5174	
4714;0;0;56;54;49.0
5205	0
5205	
4738;0;0;56;54;57.0
5227	0
5227	
4765;0;0;56;54;60.0
5247	0
5247	
4790;0;0;56;54;53.0
5272	0
5272	
4815;0;0;56;54;66.0
5296	0
5296	
4839;0;0;56;54;62.0
5321	0
5321	
4863;0;0;56;54;51.0
5347	0
5347	
4887;0;0;56;54;42.0
5371	0
5371	
4911;0;0;56;54;36.0
5395	0
5395	
4936;0;0;56;54;51.0
5429	0
5429	
4972;0;0;56;54;61.0
5453	0
5453	
4996;0;0;56;54;51.0
5478	0
5478	
5020;0;0;56;54;44.0
5504	0
5504	
5044;0;0;56;54;58.0
5528	0
5528	
5068;0;0;56;54;50.0
5552	0
5552	
5093;0;0;56;54;45.0
5577	0
5577	
5120;0;0;56;54;53.0
5601	0
5601	
5144;0;0;56;54;51.0
5637	0
5637	
5168;0;0;56;54;50.0
5656	0
5656	
5193;0;0;56;54;53.0
5675	0
5675	
5217;0;0;56;54;52.0
5701	0
5701	
5241;0;0;56;54;46.0
5725	0
5725	
5265;0;0;56;54;53.0
5749	0
5749	
5290;0;0;56;54;51.0
5774	0
5774	
5317;0;0;56;54;56.0
5798	0
5798	
5341;0;0;56;54;67.0
5822	0
5822	
5365;0;0;56;54;30.0
5858	0
5858	
5393;0;0;56;54;42.0
5877	0
5877	
5417;0;0;56;54;45.0
5901	0
5901	
5442;0;0;56;54;50.0
5926	0
5926	
5469;0;0;56;54;53.0
5950	0
5950	
5493;0;0;56;54;66.0
5974	0
5974	
5517;0;0;56;54;46.0
5998	0
5998	
5541;0;0;56;54;57.0
6025	0
6025	
5565;0;0;56;54;52.0
6055	0
6055	
5590;0;0;56;54;67.0
6079	0
6079	
5620;0;0;56;54;51.0
6101	0
6101	
5644;0;0;56;54;44.0
6125	0
6125	
5668;0;0;56;54;53.0
6149	0
6149	
5692;0;0;56;54;50.0
6174	0
6174	
5716;0;0;56;54;52.0
6200	0
6200	
5740;0;0;56;54;46.0
6224	0
6224	
5764;0;0;56;54;57.0
6248	0
6248	
5789;0;0;56;54;50.0
6278	0
6278	
5816;0;0;56;54;36.0
6302	0
6302	
5841;0;0;56;54;50.0
6323	0
6323	
5866;0;0;56;54;51.0
6347	0
6347	
5890;0;0;56;54;53.0
6372	0
6372	
5914;0;0;56;54;53.0
6398	0
6398	
5938;0;0;56;54;51.0
6422	0
6422	
5962;0;0;56;54;46.0
6447	0
6447	
5990;0;0;56;54;51.0
6471	0
6471	
6014;0;0;56;54;53.0
6507	0
6507	
6042;0;0;56;54;53.0
6526	0
6526	
6066;0;0;56;54;62.0
6550	0
6550	
6090;0;0;56;54;31.0
6574	0
6574	
6114;0;0;56;54;67.0
6598	0
6598	
6141;0;0;56;54;43.0
6623	0
6623	
6166;0;0;56;54;46.0
6647	0
6647	
6190;0;0;56;54;56.0
6671	0
6671	
6214;0;0;56;54;58.0
6703	0
6703	
6238;0;0;56;54;53.0
6725	0
6725	
6264;0;0;56;54;53.0
6748	0
6748	
6288;0;0;56;54;65.0
6772	0
6772	
6313;0;0;56;54;52.0
6798	0
6798	
6341;0;0;56;54;56.0
6822	0
6822	
6365;0;0;56;54;53.0
6846	0
6846	
6389;0;0;56;54;46.0
6870	0
6870	
6413;0;0;56;54;49.0
6897	0
6897	
6437;0;0;56;54;50.0
6929	0
6929	
6461;0;0;56;54;53.0
6948	0
6948	
6485;0;0;56;54;52.0
6969	0
6969	
6510;0;0;56;54;50.0
6994	0
6994	
6537;0;0;56;54;31.0
7019	0
7019	
6562;0;0;56;54;53.0
7043	0
7043	
6586;0;0;56;54;51.0
7067	0
7067	
6610;0;0;56;54;46.0
7094	0
7094	
6635;0;0;56;54;53.0
7119	0
7119	
6659;0;0;56;54;51.0
7152	0
7152	
6684;0;0;56;54;49.0
7171	0
7171	
6709;0;0;56;54;53.0
7193	0
7193	
6736;0;0;56;54;53.0
7217	0
7217	
6760;0;0;56;54;46.0
7241	0
7241	
6784;0;0;56;54;29.0
7266	0
7266	
6808;0;0;56;54;52.0
7292	0
7292	
6833;0;0;56;54;57.0
7317	0
7317	
6858;0;0;56;54;50.0
7346	0
7346	
6885;0;0;56;54;53.0
7370	0
7370	
6911;0;0;56;54;53.0
7392	0
7392	
6936;0;0;56;54;67.0
7417	0
7417	
6960;0;0;56;54;52.0
7442	0
7442	
6984;0;0;56;54;51.0
7468	0
7468	
7008;0;0;56;54;36.0
7492	0
7492	
7032;0;0;56;54;49.0
7516	0
7516	
7057;0;0;56;54;49.0
7541	0
7541	
7084;0;0;56;54;53.0
7577	0
7577	
7108;0;0;56;54;53.0
7593	0
7593	
7132;0;0;56;54;52.0
7613	0
7613	
7156;0;0;56;54;47.0
7637	0
7637	
7180;0;0;56;54;53.0
7664	0
7664	
7204;0;0;56;54;52.0
7688	0
7688	
7228;0;0;56;54;54.0
7712	0
7712	
7252;0;0;56;54;32.0
7736	0
7736	
7279;0;0;56;54;52.0
7762	0
7762	
7305;0;0;56;54;51.0
7791	0
7791	
7333;0;0;56;54;52.0
7814	0
7814	
7357;0;0;56;54;53.0
7839	0
7839	
7381;0;0;56;54;50.0
7865	0
7865	
7405;0;0;56;54;51.0
7889	0
7889	
7429;0;0;56;54;53.0
7913	0
7913	
7454;0;0;56;54;53.0
7938	0
7938	
7481;0;0;56;54;37.0
7962	0
7962	
7505;0;0;56;54;48.0
7986	0
7986	
7529;0;0;56;54;51.0
8016	0
8016	
7556;0;0;56;54;53.0
8038	0
8038	
7580;0;0;56;54;51.0
8064	0
8064	
7605;0;0;56;54;47.0
8089	0
8089	
7630;0;0;56;54;51.0
8112	0
8112	
7655;0;0;56;54;51.0
8137	0
8137	
7680;0;0;56;54;50.0
8161	0
8161	
7704;0;0;56;54;66.0
8186	0
8186	
7728;0;0;56;54;45.0
8219	0
8219	
7752;0;0;56;54;39.0
8240	0
8240	
7777;0;0;56;54;57.0
8261	0
8261	
7802;0;0;56;54;41.0
8286	0
8286	
7829;0;0;56;54;53.0
8310	0
8310	
7853;0;0;56;54;43.0
8334	0
8334	
7877;0;0;56;54;41.0
8358	0
8358	
7901;0;0;56;54;53.0
8385	0
8385	
7925;0;0;56;54;51.0
8409	0
8409	
7949;0;0;56;54;57.0
8442	0
8442	
7985;0;0;56;54;51.0
8466	0
8466	
8009;0;0;56;54;53.0
8490	0
8490	
8033;0;0;56;54;53.0
8514	0
8514	
8057;0;0;56;54;67.0
8539	0
8539	
8081;0;0;56;54;53.0
8565	0
8565	
8105;0;0;56;54;51.0
8589	0
8589	
8129;0;0;56;54;53.0
8613	0
8613	
8154;0;0;56;54;53.0
8643	0
8643	
8181;0;0;56;54;49.0
8666	0
8666	
8205;0;0;56;54;51.0
8686	0
8686	
8229;0;0;56;54;67.0
8710	0
8710	
8253;0;0;56;54;61.0
8734	0
8734	
8277;0;0;56;54;42.0
8761	0
8761	
8301;0;0;56;54;66.0
8785	0
8785	
8325;0;0;56;54;67.0
8809	0
8809	
8349;0;0;56;54;49.0
8833	0
8833	
8376;0;0;56;54;53.0
8871	0
8871	
8402;0;0;56;54;53.0
8887	0
8887	
8426;0;0;56;54;58.0
8908	0
8908	
8451;0;0;56;54;54.0
8932	0
8932	
8475;0;0;56;54;53.0
8959	0
8959	
8499;0;0;56;54;50.0
8983	0
8983	
8523;0;0;56;54;41.0
9007	0
9007	
8547;0;0;56;54;53.0
9031	0
9031	
8574;0;0;56;54;67.0
9056	0
9056	
8599;0;0;56;54;57.0
9093	0
9093	
8627;0;0;56;54;57.0
9111	0
9111	
8651;0;0;56;54;67.0
9135	0
9135	
8675;0;0;56;54;31.0
9159	0
9159	
8699;0;0;56;54;53.0
9183	0
9183	
8726;0;0;56;54;48.0
9208	0
9208	
8751;0;0;56;54;45.0
9233	0
9233	
8776;0;0;56;54;53.0
9257	0
9257	
8800;0;0;56;54;50.0
9289	0
9289	
8824;0;0;56;54;43.0
9312	0
9312	
8849;0;0;56;54;57.0
9333	0
9333	
8873;0;0;56;54;49.0
9357	0
9357	
8898;0;0;56;54;51.0
9382	0
9382	
8925;0;0;56;54;48.0
9406	0
9406	
8949;0;0;56;54;52.0
9430	0
9430	
8973;0;0;56;54;53.0
9454	0
9454	
8997;0;0;56;54;54.0
9481	0
9481	
9021;0;0;56;54;50.0
9514	0
9514	
9046;0;0;56;54;46.0
9533	0
9533	
9072;0;0;56;54;57.0
9556	0
9556	
9099;0;0;56;54;58.0
9580	0
9580	
9123;0;0;56;54;53.0
9605	0
9605	
9148;0;0;56;54;51.0
9629	0
9629	
9172;0;0;56;54;49.0
9656	0
9656	
9196;0;0;56;54;53.0
9680	0
9680	
9220;0;0;56;54;53.0
9704	0
9704	
9245;0;0;56;54;45.0
9735	0
9735	
9278;0;0;56;54;72.0
9759	0
9759	
9302;0;0;56;54;51.0
9783	0
9783	
9326;0;0;56;54;53.0
9808	0
9808	
9350;0;0;56;54;62.0
9832	0
9832	
9374;0;0;56;54;38.0
9858	0
9858	
9398;0;0;56;54;57.0
9882	0
9882	
9423;0;0;56;54;52.0
9907	0
9907	
9450;0;0;56;54;52.0
9931	0
9931	
9474;0;0;56;54;46.0
9962	0
9962	
9502;0;0;56;54;53.0
9984	0
9984	
9526;0;0;56;54;53.0
10010	0
10010	
9550;0;0;56;54;53.0
10034	0
10034	
9574;0;0;56;54;50.0
10058	0
10058	
9599;0;0;56;54;53.0
10083	0
10083	
9626;0;0;56;54;51.0
10107	0
10107	
9650;0;0;56;54;48.0
10131	0
10131	
9674;0;0;56;54;53.0
10165	0
10165	
9698;0;0;56;54;53.0
10186	0
10186	
9723;0;0;56;54;73.0
10207	0
10207	
9748;0;0;56;54;53.0
10232	0
10232	
9775;0;0;56;54;48.0
10256	0
10256	
9799;0;0;56;54;53.0
10280	0
10280	
9823;0;0;56;54;67.0
10306	0
10306	
9848;0;0;56;54;53.0
10332	0
10332	
9872;0;0;56;54;39.0
10356	0
10356	
9896;0;0;56;54;53.0
10389	0
10389	
9921;0;0;56;54;56.0
10408	0
10408	
9947;0;0;56;54;53.0
10429	0
10429	
9972;0;0;56;54;53.0
10454	0
10454	
9997;0;0;56;54;53.0
10478	0
10478	
10021;0;0;56;54;48.0
10504	0
10504	
10046;0;0;56;54;50.0
10530	0
10530	
10070;0;0;56;54;50.0
10555	0
10555	
10096;0;0;56;54;53.0
10584	0
10584	
10121;0;0;56;54;49.0
10606	0
10606	
10147;0;0;56;54;51.0
10628	0
10628	
10171;0;0;56;54;52.0
10653	0
10653	
10195;0;0;56;54;41.0
10679	0
10679	
10219;0;0;56;54;53.0
10703	0
10703	
10243;0;0;56;54;52.0
10727	0
10727	
10268;0;0;56;54;67.0
10752	0
10752	
10295;0;0;56;54;36.0
10776	0
10776	
10319;0;0;56;54;53.0
10811	0
10811	
10350;0;0;56;54;49.0
10834	0
10834	
10377;0;0;56;54;57.0
10859	0
10859	
10402;0;0;56;54;53.0
10884	0
10884	
10426;0;0;56;54;53.0
10907	0
10907	
10451;0;0;56;54;51.0
10935	0
10935	
10475;0;0;56;54;46.0
10959	0
10959	
10499;0;0;56;54;50.0
10983	0
10983	
10523;0;0;56;54;68.0
11012	0
11012	
10550;0;0;56;54;50.0
11035	0
11035	
10576;0;0;56;54;48.0
11058	0
11058	
10601;0;0;56;54;52.0
11082	0
11082	
10625;0;0;56;54;39.0
11109	0
11109	
10650;0;0;56;54;55.0
11134	0
11134	
10674;0;0;56;54;45.0
11158	0
11158	
10699;0;0;56;54;53.0
11183	0
11183	
10726;0;0;56;54;42.0
11208	0
11208	
10751;0;0;56;54;54.0
11235	0
11235	
10777;0;0;56;54;51.0
11258	0
11258	
10801;0;0;56;54;51.0
11283	0
11283	
10825;0;0;56;54;52.0
11309	0
11309	
10849;0;0;56;54;53.0
11333	0
11333	
10873;0;0;56;54;51.0
11357	0
11357	
10898;0;0;56;54;53.0
11382	0
11382	
10925;0;0;56;54;51.0
11407	0
11407	
10949;0;0;56;54;57.0
11442	0
11442	
10973;0;0;56;54;48.0
11459	0
11459	
10997;0;0;56;54;67.0
11478	0
11478	
11021;0;0;56;54;31.0
11506	0
11506	
11046;0;0;56;54;47.0
11530	0
11530	
11070;0;0;56;54;42.0
11554	0
11554	
11095;0;0;56;54;53.0
11579	0
11579	
11122;0;0;56;54;52.0
11603	0
11603	
11146;0;0;56;54;67.0
11640	0
11640	
11171;0;0;56;54;39.0
11658	0
11658	
11195;0;0;56;54;43.0
11677	0
11677	
11219;0;0;56;54;51.0
11703	0
11703	
11243;0;0;56;54;51.0
11727	0
11727	
11267;0;0;56;54;35.0
11751	0
11751	
11292;0;0;56;54;51.0
11776	0
11776	
11319;0;0;56;54;53.0
11800	0
11800	
11343;0;0;56;54;53.0
11824	0
11824	
11367;0;0;56;54;50.0
11859	0
11859	
11397;0;0;56;54;52.0
11881	0
11881	
11424;0;0;56;54;53.0
11906	0
11906	
11449;0;0;56;54;52.0
11930	0
11930	
11473;0;0;56;54;34.0
11954	0
11954	
11497;0;0;56;54;49.0
11982	0
11982	
11522;0;0;56;54;62.0
12006	0
12006	
11546;0;0;56;54;53.0
12030	0
12030	
11573;0;0;56;54;53.0
12068	0
12068	
11598;0;0;56;54;53.0
12083	0
12083	
11623;0;0;56;54;58.0
12106	0
12106	
11648;0;0;56;54;66.0
12132	0
12132	
11672;0;0;56;54;58.0
12156	0
12156	
11696;0;0;56;54;46.0
12180	0
12180	
11720;0;0;56;54;54.0
12204	0
12204	
11747;0;0;56;54;37.0
12229	0
12229	
11772;0;0;56;54;46.0
12265	0
12265	
11796;0;0;56;54;54.0
12280	0
12280	
11820;0;0;56;54;52.0
12301	0
12301	
11844;0;0;56;54;49.0
12325	0
12325	
11868;0;0;56;54;53.0
12353	0
12353	
11893;0;0;56;54;46.0
12377	0
12377	
11917;0;0;56;54;46.0
12401	0
12401	
11942;0;0;56;54;58.0
12426	0
12426	
11969;0;0;56;54;57.0
12450	0
12450	
11993;0;0;56;54;50.0
12485	0
12485	
12023;0;0;56;54;50.0
12507	0
12507	
12047;0;0;56;54;52.0
12531	0
12531	
12074;0;0;56;54;54.0
12556	0
12556	
12099;0;0;56;54;44.0
12580	0
12580	
12123;0;0;56;54;46.0
12605	0
12605	
12148;0;0;56;54;46.0
12632	0
12632	
12172;0;0;56;54;53.0
12656	0
12656	
12196;0;0;56;54;38.0
12685	0
12685	
12220;0;0;56;54;51.0
12708	0
12708	
12249;0;0;56;54;53.0
12731	0
12731	
12274;0;0;56;54;53.0
12755	0
12755	
12298;0;0;56;54;53.0
12782	0
12782	
12322;0;0;56;54;50.0
12806	0
12806	
12346;0;0;56;54;51.0
12830	0
12830	
12370;0;0;56;54;60.0
12854	0
12854	
12397;0;0;56;54;57.0
12879	0
12879	
12422;0;0;56;54;51.0
12906	0
12906	
12449;0;0;56;54;50.0
12930	0
12930	
12473;0;0;56;54;48.0
12955	0
12955	
12497;0;0;56;54;39.0
12979	0
12979	
12521;0;0;56;54;53.0
13005	0
13005	
12545;0;0;56;54;42.0
13029	0
13029	
12570;0;0;56;54;39.0
13054	0
13054	
12597;0;0;56;54;57.0
13078	0
13078	
12621;0;0;56;54;53.0
13114	0
13114	
12645;0;0;56;54;46.0
13134	0
13134	
12670;0;0;56;54;31.0
13151	0
13151	
12694;0;0;56;54;53.0
13178	0
13178	
12718;0;0;56;54;56.0
13202	0
13202	
12742;0;0;56;54;53.0
13227	0
13227	
12766;0;0;56;54;51.0
13250	0
13250	
12793;0;0;56;54;46.0
13275	0
13275	
12818;0;0;56;54;67.0
13317	0
13317	
12843;0;0;56;54;50.0
13330	0
13330	
12867;0;0;56;54;50.0
13349	0
13349	
12891;0;0;56;54;50.0
13373	0
13373	
12915;0;0;56;54;30.0
13399	0
13399	
12939;0;0;56;54;52.0
13423	0
13423	
12965;0;0;56;54;50.0
13448	0
13448	
12991;0;0;56;54;53.0
13472	0
13472	
13015;0;0;56;54;57.0
13496	0
13496	
13039;0;0;56;54;52.0
13533	0
13533	
13074;0;0;56;54;67.0
13558	0
13558	
13101;0;0;56;54;53.0
13582	0
13582	
13125;0;0;56;54;50.0
13606	0
13606	
13149;0;0;56;54;53.0
13630	0
13630	
13173;0;0;56;54;49.0
13657	0
13657	
13197;0;0;56;54;51.0
13681	0
13681	
13221;0;0;56;54;46.0
13705	0
13705	
13245;0;0;56;54;57.0
13734	0
13734	
13272;0;0;56;54;48.0
13756	0
13756	
13298;0;0;56;54;49.0
13779	0
13779	
13322;0;0;56;54;50.0
13803	0
13803	
13346;0;0;56;54;53.0
13827	0
13827	
13370;0;0;56;54;39.0
13854	0
13854	
13394;0;0;56;54;53.0
13878	0
13878	
13418;0;0;56;54;53.0
13902	0
13902	
13442;0;0;56;54;51.0
13928	0
13928	
13469;0;0;56;54;50.0
13954	0
13954	
13495;0;0;56;54;50.0
13976	0
13976	
13519;0;0;56;54;48.0
14001	0
14001	
13544;0;0;56;54;51.0
14028	0
14028	
13568;0;0;56;54;50.0
14052	0
14052	
13592;0;0;56;54;53.0
14076	0
14076	
13616;0;0;56;54;51.0
14100	0
14100	
13643;0;0;56;54;51.0
14126	0
14126	
13669;0;0;56;54;52.0
14162	0
14162	
13698;0;0;56;54;52.0
14182	0
14182	
13722;0;0;56;54;52.0
14206	0
14206	
13746;0;0;56;54;53.0
14230	0
14230	
13771;0;0;56;54;48.0
14255	0
14255	
13798;0;0;56;54;57.0
14279	0
14279	
13822;0;0;56;54;62.0
14303	0
14303	
13846;0;0;56;54;51.0
14327	0
14327	
13870;0;0;56;54;50.0
14360	0
14360	
13894;0;0;56;54;52.0
14382	0
14382	
13918;0;0;56;54;55.0
14402	0
14402	
13942;0;0;56;54;67.0
14426	0
14426	
13968;0;0;56;54;53.0
14451	0
14451	
13994;0;0;56;54;53.0
14475	0
14475	
14018;0;0;56;54;48.0
14500	0
14500	
14043;0;0;56;54;52.0
14527	0
14527	
14068;0;0;56;54;48.0
14552	0
14552	
14092;0;0;56;54;33.0
14585	0
14585	
14128;0;0;56;54;51.0
14609	0
14609	
14152;0;0;56;54;53.0
14634	0
14634	
14176;0;0;56;54;66.0
14658	0
14658	
14200;0;0;56;54;66.0
14684	0
14684	
14224;0;0;56;54;57.0
14708	0
14708	
14249;0;0;56;54;51.0
14733	0
14733	
14276;0;0;56;54;51.0
14757	0
14757	
14300;0;0;56;54;51.0
14793	0
14793	
14324;0;0;56;54;51.0
14811	0
14811	
14348;0;0;56;54;52.0
14830	0
14830	
14372;0;0;56;54;53.0
14857	0
14857	
14397;0;0;56;54;51.0
14881	0
14881	
14422;0;0;56;54;53.0
14906	0
14906	
14449;0;0;56;54;37.0
14930	0
14930	
14473;0;0;56;54;53.0
14954	0
14954	
14497;0;0;56;54;53.0
14990	0
14990	
14522;0;0;56;54;44.0
15010	0
15010	
14546;0;0;56;54;31.0
15030	0
15030	
14571;0;0;56;54;25.0
15055	0
15055	
14596;0;0;56;54;43.0
15080	0
15080	
14623;0;0;56;54;51.0
15104	0
15104	
14647;0;0;56;54;41.0
15128	0
15128	
14671;0;0;56;54;52.0
15152	0
15152	
14695;0;0;56;54;50.0
15179	0
15179	
14719;0;0;56;54;50.0
15212	0
15212	
14755;0;0;56;54;72.0
15238	0
15238	
14780;0;0;56;54;54.0
15261	0
15261	
14804;0;0;56;54;51.0
15285	0
15285	
14828;0;0;56;54;49.0
15310	0
15310	
14852;0;0;56;54;45.0
15334	0
15334	
14876;0;0;56;54;49.0
15360	0
15360	
14900;0;0;56;54;50.0
15384	0
15384	
14925;0;0;56;54;56.0
15414	0
15414	
14952;0;0;56;54;50.0
15437	0
15437	
14977;0;0;56;54;54.0
15459	0
15459	
15002;0;0;56;54;58.0
15483	0
15483	
15026;0;0;56;54;67.0
15510	0
15510	
15050;0;0;56;54;61.0
15534	0
15534	
15074;0;0;56;54;52.0
15558	0
15558	
15098;0;0;56;54;52.0
15583	0
15583	
15126;0;0;56;54;67.0
15619	0
15619	
15150;0;0;56;54;50.0
15635	0
15635	
15175;0;0;56;54;50.0
15656	0
15656	
15199;0;0;56;54;57.0
15680	0
15680	
15223;0;0;56;54;52.0
15708	0
15708	
15248;0;0;56;54;43.0
15732	0
15732	
15272;0;0;56;54;29.0
15756	0
15756	
15297;0;0;56;54;54.0
15781	0
15781	
15324;0;0;56;54;53.0
15805	0
15805	
15348;0;0;56;54;48.0
15840	0
15840	
15379;0;0;56;54;53.0
15863	0
15863	
15406;0;0;56;54;48.0
15888	0
15888	
15431;0;0;56;54;39.0
15912	0
15912	
15455;0;0;56;54;53.0
15936	0
15936	
15479;0;0;56;54;41.0
15964	0
15964	
15504;0;0;56;54;53.0
15988	0
15988	
15528;0;0;56;54;51.0
16012	0
16012	
15553;0;0;56;54;49.0
16042	0
16042	
15580;0;0;56;54;56.0
16065	0
16065	
15604;0;0;56;54;57.0
16085	0
16085	
15628;0;0;56;54;50.0
16109	0
16109	
15652;0;0;56;54;46.0
16133	0
16133	
15676;0;0;56;54;53.0
16160	0
16160	
15700;0;0;56;54;50.0
16184	0
16184	
15724;0;0;56;54;38.0
16208	0
16208	
15748;0;0;56;54;31.0
16237	0
16237	
15775;0;0;56;54;57.0
16260	0
16260	
15801;0;0;56;54;50.0
16282	0
16282	
15825;0;0;56;54;48.0
16306	0
16306	
15849;0;0;56;54;61.0
16334	0
16334	
15874;0;0;56;54;43.0
16358	0
16358	
15898;0;0;56;54;57.0
16382	0
16382	
15922;0;0;56;54;51.0
16407	0
16407	
15949;0;0;56;54;51.0
16431	0
16431	
15974;0;0;56;54;48.0
16467	0
16467	
16003;0;0;56;54;51.0
16485	0
16485	
16027;0;0;56;54;53.0
16511	0
16511	
16051;0;0;56;54;51.0
16535	0
16535	
16075;0;0;56;54;49.0
16559	0
16559	
16100;0;0;56;54;46.0
16584	0
16584	
16127;0;0;56;54;53.0
16608	0
16608	
16151;0;0;56;54;52.0
16632	0
16632	
16175;0;0;56;54;58.0
16667	0
16667	
16199;0;0;56;54;37.0
16686	0
16686	
16223;0;0;56;54;54.0
16708	0
16708	
16248;0;0;56;54;52.0
16732	0
16732	
16274;0;0;56;54;53.0
16757	0
16757	
16300;0;0;56;54;43.0
16781	0
16781	
16324;0;0;56;54;53.0
16805	0
16805	
16348;0;0;56;54;53.0
16832	0
16832	
16373;0;0;56;54;51.0
16861	0
16861	
16397;0;0;56;54;50.0
16885	0
16885	
16425;0;0;56;54;53.0
16907	0
16907	
16450;0;0;56;54;52.0
16931	0
16931	
16474;0;0;56;54;41.0
16955	0
16955	
16498;0;0;56;54;53.0
16980	0
16980	
16522;0;0;56;54;46.0
17006	0
17006	
16546;0;0;56;54;50.0
17030	0
17030	
16571;0;0;56;54;67.0
17055	0
17055	
16598;0;0;56;54;53.0
17091	0
17091	
16630;0;0;56;54;53.0
17114	0
17114	
16654;0;0;56;54;62.0
17138	0
17138	
16679;0;0;56;54;32.0
17163	0
17163	
16706;0;0;56;54;42.0
17187	0
17187	
16730;0;0;56;54;52.0
17211	0
17211	
16754;0;0;56;54;57.0
17239	0
17239	
16778;0;0;56;54;50.0
17262	0
17262	
16802;0;0;56;54;58.0
17294	0
17294	
16827;0;0;56;54;53.0
17315	0
17315	
16855;0;0;56;54;51.0
17336	0
17336	
16879;0;0;56;54;77.0
17360	0
17360	
16903;0;0;56;54;54.0
17384	0
17384	
16927;0;0;56;54;48.0
17409	0
17409	
16951;0;0;56;54;51.0
17436	0
17436	
16977;0;0;56;54;49.0
17461	0
17461	
17002;0;0;56;54;57.0
17486	0
17486	
17029;0;0;56;54;48.0
17523	0
17523	
17053;0;0;56;54;53.0
17538	0
17538	
17078;0;0;56;54;53.0
17560	0
17560	
17103;0;0;56;54;48.0
17585	0
17585	
17127;0;0;56;54;67.0
17611	0
17611	
17151;0;0;56;54;31.0
17635	0
17635	
17176;0;0;56;54;51.0
17660	0
17660	
17203;0;0;56;54;56.0
17685	0
17685	
17228;0;0;56;54;49.0
17709	0
17709	
17252;0;0;56;54;53.0
17746	0
17746	
17281;0;0;56;54;51.0
17765	0
17765	
17305;0;0;56;54;51.0
17789	0
17789	
17330;0;0;56;54;53.0
17814	0
17814	
17357;0;0;56;54;51.0
17838	0
17838	
17381;0;0;56;54;51.0
17862	0
17862	
17405;0;0;56;54;46.0
17886	0
17886	
17429;0;0;56;54;54.0
17911	0
17911	
17453;0;0;56;54;51.0
17941	0
17941	
17478;0;0;56;54;53.0
17966	0
17966	
17506;0;0;56;54;50.0
17987	0
17987	
17530;0;0;56;54;53.0
18011	0
18011	
17554;0;0;56;54;51.0
18037	0
18037	
17579;0;0;56;54;47.0
18063	0
18063	
17603;0;0;56;54;86.0
18087	0
18087	
17627;0;0;56;54;29.0
18111	0
18111	
17652;0;0;56;54;51.0
18136	0
18136	
17679;0;0;56;54;50.0
18172	0
18172	
17703;0;0;56;54;46.0
18191	0
18191	
17727;0;0;56;54;53.0
18208	0
18208	
17751;0;0;56;54;51.0
18232	0
18232	
17775;0;0;56;54;51.0
18260	0
18260	
17800;0;0;56;54;50.0
18284	0
18284	
17824;0;0;56;54;51.0
18308	0
18308	
17849;0;0;56;54;43.0
18333	0
18333	
17876;0;0;56;54;45.0
18357	0
18357	
17900;0;0;56;54;42.0
18393	0
18393	
17928;0;0;56;54;53.0
18413	0
18413	
17952;0;0;56;54;43.0
18436	0
18436	
17976;0;0;56;54;39.0
18460	0
18460	
18000;0;0;56;54;51.0
18484	0
18484	
18027;0;0;56;54;51.0
18509	0
18509	
18052;0;0;56;54;67.0
18533	0
18533	
18076;0;0;56;54;51.0
18557	0
18557	
18100;0;0;56;54;51.0
18581	0
18581	
18124;0;0;56;54;49.0
18617	0
18617	
18152;0;0;56;54;40.0
18637	0
18637	
18178;0;0;56;54;50.0
18662	0
18662	
18205;0;0;56;54;53.0
18686	0
18686	
18229;0;0;56;54;50.0
18710	0
18710	
18253;0;0;56;54;53.0
18734	0
18734	
18277;0;0;56;54;54.0
18761	0
18761	
18301;0;0;56;54;66.0
18785	0
18785	
18325;0;0;56;54;39.0
18813	0
18813	
18349;0;0;56;54;67.0
18837	0
18837	
18378;0;0;56;54;50.0
18859	0
18859	
18402;0;0;56;54;53.0
18884	0
18884	
18427;0;0;56;54;60.0
18909	0
18909	
18451;0;0;56;54;52.0
18935	0
18935	
18475;0;0;56;54;57.0
18959	0
18959	
18499;0;0;56;54;66.0
18983	0
18983	
18524;0;0;56;54;50.0
19009	0
19009	
18552;0;0;56;54;58.0
19051	0
19051	
18576;0;0;56;54;52.0
19064	0
19064	
18600;0;0;56;54;62.0
19081	0
19081	
18624;0;0;56;54;54.0
19105	0
19105	
18648;0;0;56;54;51.0
19132	0
19132	
18672;0;0;56;54;53.0
19156	0
19156	
18696;0;0;56;54;49.0
19180	0
19180	
18720;0;0;56;54;51.0
19204	0
19204	
18747;0;0;56;54;53.0
19229	0
19229	
18772;0;0;56;54;38.0
19261	0
19261	
18803;0;0;56;54;50.0
19285	0
19285	
18827;0;0;56;54;51.0
19309	0
19309	
18851;0;0;56;54;52.0
19335	0
19335	
18876;0;0;56;54;53.0
19360	0
19360	
18901;0;0;56;54;50.0
19384	0
19384	
18927;0;0;56;54;42.0
19409	0
19409	
18952;0;0;56;54;46.0
19433	0
19433	
18976;0;0;56;54;53.0
19458	0
19458	
19000;0;0;56;54;50.0
19488	0
19488	
19030;0;0;56;54;38.0
19513	0
19513	
19056;0;0;56;54;53.0
19538	0
19538	
19080;0;0;56;54;50.0
19561	0
19561	
19104;0;0;56;54;50.0
19587	0
19587	
19128;0;0;56;54;53.0
19610	0
19610	
19152;0;0;56;54;53.0
19636	0
19636	
19176;0;0;56;54;53.0
19660	0
19660	
19200;0;0;56;54;67.0
19691	0
19691	
19225;0;0;56;54;57.0
19712	0
19712	
19252;0;0;56;54;48.0
19733	0
19733	
19276;0;0;56;54;52.0
19757	0
19757	
19300;0;0;56;54;52.0
19781	0
19781	
19324;0;0;56;54;52.0
19806	0
19806	
19348;0;0;56;54;51.0
19832	0
19832	
19372;0;0;56;54;47.0
19856	0
19856	
19396;0;0;56;54;50.0
19882	0
19882	
19421;0;0;56;54;56.0
19907	0
19907	
19450;0;0;56;54;53.0
19931	0
19931	
19474;0;0;56;54;38.0
19955	0
19955	
19498;0;0;56;54;50.0
19979	0
19979	
19522;0;0;56;54;50.0
20006	0
20006	
19546;0;0;56;54;53.0
20030	0
20030	
19570;0;0;56;54;53.0
20054	0
20054	
19594;0;0;56;54;51.0
20078	0
20078	
19621;0;0;56;54;43.0
20116	0
20116	
19654;0;0;56;54;67.0
20138	0
20138	
19678;0;0;56;54;53.0
20162	0
20162	
19702;0;0;56;54;53.0
20186	0
20186	
19729;0;0;56;54;53.0
20211	0
20211	
19754;0;0;56;54;53.0
20236	0
20236	
19779;0;0;56;54;50.0
20260	0
20260	
19803;0;0;56;54;50.0
20287	0
20287	
19827;0;0;56;54;54.0
20318	0
20318	
19851;0;0;56;54;57.0
20340	0
20340	
19876;0;0;56;54;61.0
20361	0
20361	
19902;0;0;56;54;52.0
20384	0
20384	
19927;0;0;56;54;50.0
20410	0
20410	
19952;0;0;56;54;38.0
20433	0
20433	
19976;0;0;56;54;66.0
20458	0
20458	
20000;0;0;56;54;50.0
20482	0
20482	
20024;0;0;56;54;51.0
20513	0
20513	
20048;0;0;56;54;46.0
20536	0
20536	
20075;0;0;56;54;58.0
20557	0
20557	
20100;0;0;56;54;53.0
20583	0
20583	
20126;0;0;56;54;48.0
20608	0
20608	
20150;0;0;56;54;53.0
20632	0
20632	
20174;0;0;56;54;50.0
20656	0
20656	
20198;0;0;56;54;53.0
20682	0
20682	
20223;0;0;56;54;31.0
20707	0
20707	
20248;0;0;56;54;50.0
20735	0
20735	
20278;0;0;56;54;49.0
20759	0
20759	
20302;0;0;56;54;57.0
20783	0
20783	
20326;0;0;56;54;53.0
20808	0
20808	
20350;0;0;56;54;53.0
20832	0
20832	
20374;0;0;56;54;51.0
20858	0
20858	
20398;0;0;56;54;53.0
20882	0
20882	
20423;0;0;56;54;72.0
20907	0
20907	
20450;0;0;56;54;42.0
20944	0
20944	
20474;0;0;56;54;51.0
20959	0
20959	
20499;0;0;56;54;53.0
20981	0
20981	
20524;0;0;56;54;52.0
21005	0
21005	
20548;0;0;56;54;49.0
21032	0
21032	
20572;0;0;56;54;53.0
21056	0
21056	
20596;0;0;56;54;53.0
21080	0
21080	
20620;0;0;56;54;52.0
21105	0
21105	
20648;0;0;56;54;67.0
21129	0
21129	
20672;0;0;56;54;48.0
21165	0
21165	
20701;0;0;56;54;53.0
21185	0
21185	
20725;0;0;56;54;53.0
21209	0
21209	
20749;0;0;56;54;55.0
21233	0
21233	
20776;0;0;56;54;53.0
21258	0
21258	
20801;0;0;56;54;52.0
21282	0
21282	
20825;0;0;56;54;50.0
21306	0
21306	
20849;0;0;56;54;51.0
21334	0
21334	
20874;0;0;56;54;51.0
21362	0
21362	
20898;0;0;56;54;51.0
21385	0
21385	
20926;0;0;56;54;45.0
21408	0
21408	
20951;0;0;56;54;51.0
21432	0
21432	
20975;0;0;56;54;53.0
21456	0
21456	
20999;0;0;56;54;53.0
21481	0
21481	
21023;0;0;56;54;66.0
21507	0
21507	
21047;0;0;56;54;50.0
21531	0
21531	
21071;0;0;56;54;50.0
21555	0
21555	
21097;0;0;56;54;46.0
21598	0
21598	
21123;0;0;56;54;39.0
21610	0
21610	
21148;0;0;56;54;51.0
21629	0
21629	
21172;0;0;56;54;52.0
21653	0
21653	
21196;0;0;56;54;51.0
21677	0
21677	
21220;0;0;56;54;48.0
21704	0
21704	
21244;0;0;56;54;51.0
21728	0
21728	
21268;0;0;56;54;42.0
21752	0
21752	
21293;0;0;56;54;47.0
21777	0
21777	
21320;0;0;56;54;46.0
21813	0
21813	
21344;0;0;56;54;42.0
21833	0
21833	
21369;0;0;56;54;38.0
21852	0
21852	
21395;0;0;56;54;46.0
21877	0
21877	
21419;0;0;56;54;42.0
21903	0
21903	
21443;0;0;56;54;52.0
21927	0
21927	
21467;0;0;56;54;39.0
21951	0
21951	
21492;0;0;56;54;48.0
21977	0
21977	
21520;0;0;56;54;51.0
22001	0
22001	
21544;0;0;56;54;52.0
22037	0
22037	
21572;0;0;56;54;41.0
22057	0
22057	
21597;0;0;56;54;51.0
22081	0
22081	
21621;0;0;56;54;57.0
22105	0
22105	
21645;0;0;56;54;51.0
22129	0
22129	
21672;0;0;56;54;51.0
22154	0
22154	
21697;0;0;56;54;53.0
22178	0
22178	
21721;0;0;56;54;67.0
22202	0
22202	
21745;0;0;56;54;65.0
22233	0
22233	
21769;0;0;56;54;53.0
22258	0
22258	
21795;0;0;56;54;49.0
22279	0
22279	
21820;0;0;56;54;62.0
22304	0
22304	
21847;0;0;56;54;67.0
22328	0
22328	
21871;0;0;56;54;60.0
22353	0
22353	
21896;0;0;56;54;66.0
22377	0
22377	
21920;0;0;56;54;53.0
22404	0
22404	
21944;0;0;56;54;58.0
22428	0
22428	
21968;0;0;56;54;50.0
22460	0
22460	
21992;0;0;56;54;54.0
22480	0
22480	
22020;0;0;56;54;50.0
22501	0
22501	
22044;0;0;56;54;53.0
22525	0
22525	
22068;0;0;56;54;53.0
22553	0
22553	
22093;0;0;56;54;29.0
22577	0
22577	
22117;0;0;56;54;47.0
22601	0
22601	
22141;0;0;56;54;67.0
22625	0
22625	
22165;0;0;56;54;52.0
22649	0
22649	
22192;0;0;56;54;53.0
22681	0
22681	
22217;0;0;56;54;49.0
22703	0
22703	
22242;0;0;56;54;46.0
22723	0
22723	
22266;0;0;56;54;52.0
22751	0
22751	
22290;0;0;56;54;58.0
22774	0
22774	
22314;0;0;56;54;50.0
22798	0
22798	
22338;0;0;56;54;51.0
22822	0
22822	
22362;0;0;56;54;30.0
22846	0
22846	
22389;0;0;56;54;53.0
22871	0
22871	
22414;0;0;56;54;53.0
22907	0
22907	
22443;0;0;56;54;53.0
22927	0
22927	
22467;0;0;56;54;53.0
22951	0
22951	
22491;0;0;56;54;46.0
22975	0
22975	
22518;0;0;56;54;58.0
23000	0
23000	
22543;0;0;56;54;41.0
23024	0
23024	
22567;0;0;56;54;53.0
23048	0
23048	
22591;0;0;56;54;53.0
23076	0
23076	
22616;0;0;56;54;67.0
23105	0
23105	
22640;0;0;56;54;50.0
23128	0
23128	
22668;0;0;56;54;50.0
23149	0
23149	
22692;0;0;56;54;46.0
23173	0
23173	
22716;0;0;56;54;57.0
23197	0
23197	
22740;0;0;56;54;53.0
23222	0
23222	
22764;0;0;56;54;61.0
23248	0
23248	
22788;0;0;56;54;50.0
23272	0
23272	
22812;0;0;56;54;50.0
23296	0
23296	
22837;0;0;56;54;52.0
23328	0
23328	
22864;0;0;56;54;53.0
23352	0
23352	
22888;0;0;56;54;50.0
23370	0
23370	
22913;0;0;56;54;45.0
23394	0
23394	
22937;0;0;56;54;67.0
23419	0
23419	
22961;0;0;56;54;57.0
23445	0
23445	
22985;0;0;56;54;53.0
23469	0
23469	
23009;0;0;56;54;43.0
23493	0
23493	
23034;0;0;56;54;38.0
23518	0
23518	
23061;0;0;56;54;49.0
23559	0
23559	
23085;0;0;56;54;53.0
23575	0
23575	
23109;0;0;56;54;50.0
23594	0
23594	
23133;0;0;56;54;46.0
23615	0
23615	
23157;0;0;56;54;53.0
23641	0
23641	
23181;0;0;56;54;53.0
23665	0
23665	
23206;0;0;56;54;49.0
23690	0
23690	
23233;0;0;56;54;62.0
23714	0
23714	
23257;0;0;56;54;56.0
23749	0
23749	
23281;0;0;56;54;52.0
23768	0
23768	
23306;0;0;56;54;51.0
23787	0
23787	
23330;0;0;56;54;53.0
23812	0
23812	
23354;0;0;56;54;46.0
23838	0
23838	
23378;0;0;56;54;62.0
23862	0
23862	
23402;0;0;56;54;51.0
23886	0
23886	
23427;0;0;56;54;52.0
23911	0
23911	
23454;0;0;56;54;52.0
23935	0
23935	
23478;0;0;56;54;29.0
23972	0
23972	
23502;0;0;56;54;50.0
23990	0
23990	
23527;0;0;56;54;50.0
24009	0
24009	
23551;0;0;56;54;48.0
24035	0
24035	
23575;0;0;56;54;46.0
24059	0
24059	
23599;0;0;56;54;49.0
24083	0
24083	
23624;0;0;56;54;57.0
24108	0
24108	
23651;0;0;56;54;58.0
24132	0
24132	
23675;0;0;56;54;53.0
24157	0
24157	
23699;0;0;56;54;53.0
24193	0
24193	
23734;0;0;56;54;67.0
24218	0
24218	
23761;0;0;56;54;56.0
24242	0
24242	
23785;0;0;56;54;49.0
24266	0
24266	
23810;0;0;56;54;52.0
24291	0
24291	
23834;0;0;56;54;57.0
24318	0
24318	
23858;0;0;56;54;53.0
24342	0
24342	
23882;0;0;56;54;42.0
24366	0
24366	
23907;0;0;56;54;50.0
24395	0
24395	
23934;0;0;56;54;66.0
24419	0
24419	
23959;0;0;56;54;52.0
24441	0
24441	
23984;0;0;56;54;55.0
24467	0
24467	
24009;0;0;56;54;45.0
24491	0
24491	
24033;0;0;56;54;57.0
24517	0
24517	
24057;0;0;56;54;58.0
24541	0
24541	
24082;0;0;56;54;52.0
24566	0
24566	
24109;0;0;56;54;51.0
24590	0
24590	
24133;0;0;56;54;51.0
24626	0
24626	
24161;0;0;56;54;53.0
24645	0
24645	
24185;0;0;56;54;51.0
24669	0
24669	
24210;0;0;56;54;35.0
24694	0
24694	
24237;0;0;56;54;49.0
24719	0
24719	
24262;0;0;56;54;51.0
24744	0
24744	
24286;0;0;56;54;52.0
24771	0
24771	
24312;0;0;56;54;51.0
24796	0
24796	
24336;0;0;56;54;53.0
24825	0
24825	
24360;0;0;56;54;48.0
24847	0
24847	
24388;0;0;56;54;53.0
24870	0
24870	
24413;0;0;56;54;51.0
24894	0
24894	
24437;0;0;56;54;48.0
24918	0
24918	
24461;0;0;56;54;35.0
24945	0
24945	
24485;0;0;56;54;55.0
24969	0
24969	
24510;0;0;56;54;51.0
24994	0
24994	
24537;0;0;56;54;54.0
25019	0
25019	
24562;0;0;56;54;46.0
25055	0
25055	
24593;0;0;56;54;53.0
25077	0
25077	
24617;0;0;56;54;53.0
25101	0
25101	
24644;0;0;56;54;52.0
25126	0
25126	
24669;0;0;56;54;28.0
25150	0
25150	
24693;0;0;56;54;40.0
25174	0
25174	
24717;0;0;56;54;53.0
25199	0
25199	
24741;0;0;56;54;50.0
25226	0
25226	
24766;0;0;56;54;51.0
25256	0
25256	
24791;0;0;56;54;51.0
25278	0
25278	
24818;0;0;56;54;53.0
25299	0
25299	
24842;0;0;56;54;40.0
25323	0
25323	
24866;0;0;56;54;53.0
25347	0
25347	
24890;0;0;56;54;51.0
25374	0
25374	
24915;0;0;56;54;43.0
25399	0
25399	
24939;0;0;56;54;51.0
25423	0
25423	
24966;0;0;56;54;49.0
25448	0
25448	
24991;0;0;56;54;50.0
25483	0
25483	
25021;0;0;56;54;53.0
25505	0
25505	
25045;0;0;56;54;54.0
25529	0
25529	
25069;0;0;56;54;51.0
25553	0
25553	
25096;0;0;56;54;54.0
25578	0
25578	
25121;0;0;56;54;62.0
25602	0
25602	
25145;0;0;56;54;32.0
25626	0
25626	
25169;0;0;56;54;67.0
25651	0
25651	
25193;0;0;56;54;67.0
25681	0
25681	
25217;0;0;56;54;49.0
25705	0
25705	
25244;0;0;56;54;53.0
25729	0
25729	
25272;0;0;56;54;53.0
25753	0
25753	
25296;0;0;56;54;54.0
25777	0
25777	
25320;0;0;56;54;54.0
25801	0
25801	
25344;0;0;56;54;54.0
25826	0
25826	
25368;0;0;56;54;51.0
25852	0
25852	
25392;0;0;56;54;50.0
25876	0
25876	
25416;0;0;56;54;49.0
25909	0
25909	
25448;0;0;56;54;51.0
25931	0
25931	
25473;0;0;56;54;53.0
25954	0
25954	
25497;0;0;56;54;53.0
25978	0
25978	
25521;0;0;56;54;50.0
26003	0
26003	
25545;0;0;56;54;39.0
26027	0
26027	
25569;0;0;56;54;50.0
26053	0
26053	
25593;0;0;56;54;54.0
26077	0
26077	
25618;0;0;56;54;35.0
26108	0
26108	
25645;0;0;56;54;47.0
26129	0
26129	
25670;0;0;56;54;52.0
26151	0
26151	
25694;0;0;56;54;50.0
26175	0
26175	
25718;0;0;56;54;67.0
26199	0
26199	
25742;0;0;56;54;53.0
26226	0
26226	
25766;0;0;56;54;51.0
26250	0
26250	
25790;0;0;56;54;46.0
26274	0
26274	
25815;0;0;56;54;57.0
26300	0
26300	
25843;0;0;56;54;37.0
26328	0
26328	
25871;0;0;56;54;50.0
26352	0
26352	
25895;0;0;56;54;50.0
26376	0
26376	
25919;0;0;56;54;53.0
26401	0
26401	
25943;0;0;56;54;42.0
26427	0
26427	
25967;0;0;56;54;50.0
26451	0
26451	
25991;0;0;56;54;50.0
26475	0
26475	
26017;0;0;56;54;58.0
26500	0
26500	
26043;0;0;56;54;51.0
26534	0
26534	
26067;0;0;56;54;53.0
26553	0
26553	
26092;0;0;56;54;35.0
26575	0
26575	
26117;0;0;56;54;52.0
26601	0
26601	
26141;0;0;56;54;50.0
26625	0
26625	
26165;0;0;56;54;53.0
26649	0
26649	
26190;0;0;56;54;53.0
26674	0
26674	
26217;0;0;56;54;58.0
26699	0
26699	
26242;0;0;56;54;57.0
26723	0
26723	
26266;0;0;56;54;53.0
26760	0
26760	
26294;0;0;56;54;53.0
26779	0
26779	
26319;0;0;56;54;38.0
26804	0
26804	
26347;0;0;56;54;67.0
26828	0
26828	
26371;0;0;56;54;53.0
26852	0
26852	
26395;0;0;56;54;50.0
26878	0
26878	
26420;0;0;56;54;46.0
26902	0
26902	
26444;0;0;56;54;46.0
26928	0
26928	
26468;0;0;56;54;57.0
26958	0
26958	
26493;0;0;56;54;48.0
26980	0
26980	
26520;0;0;56;54;50.0
27002	0
27002	
26545;0;0;56;54;38.0
27026	0
27026	
26569;0;0;56;54;30.0
27050	0
27050	
26593;0;0;56;54;65.0
27076	0
27076	
26618;0;0;56;54;53.0
27102	0
27102	
26642;0;0;56;54;53.0
27126	0
27126	
26667;0;0;56;54;60.0
27151	0
27151	
26694;0;0;56;54;53.0
27180	0
27180	
26723;0;0;56;54;49.0
27204	0
27204	
26747;0;0;56;54;53.0
27229	0
27229	
26771;0;0;56;54;59.0
27255	0
27255	
26795;0;0;56;54;53.0
27279	0
27279	
26820;0;0;56;54;51.0
27305	0
27305	
26848;0;0;56;54;53.0
27329	0
27329	
26872;0;0;56;54;45.0
27353	0
27353	
26896;0;0;56;54;53.0
27390	0
27390	
26921;0;0;56;54;53.0
27408	0
27408	
26945;0;0;56;54;50.0
27430	0
27430	
26970;0;0;56;54;49.0
27454	0
27454	
26995;0;0;56;54;54.0
27479	0
27479	
27022;0;0;56;54;37.0
27503	0
27503	
27046;0;0;56;54;51.0
27527	0
27527	
27070;0;0;56;54;51.0
27551	0
27551	
27094;0;0;56;54;46.0
27586	0
27586	
27118;0;0;56;54;66.0
27606	0
27606	
27142;0;0;56;54;50.0
27626	0
27626	
27166;0;0;56;54;53.0
27650	0
27650	
27191;0;0;56;54;53.0
27675	0
27675	
27218;0;0;56;54;53.0
27699	0
27699	
27242;0;0;56;54;49.0
27723	0
27723	
27266;0;0;56;54;29.0
27747	0
27747	
27290;0;0;56;54;51.0
27779	0
27779	
27314;0;0;56;54;45.0
27803	0
27803	
27344;0;0;56;54;57.0
27826	0
27826	
27369;0;0;56;54;52.0
27850	0
27850	
27393;0;0;56;54;53.0
27876	0
27876	
27417;0;0;56;54;52.0
27899	0
27899	
27441;0;0;56;54;51.0
27926	0
27926	
27465;0;0;56;54;50.0
27949	0
27949	
27489;0;0;56;54;67.0
27973	0
27973	
27514;0;0;56;54;52.0
28007	0
28007	
27545;0;0;56;54;61.0
28026	0
28026	
27569;0;0;56;54;51.0
28050	0
28050	
27593;0;0;56;54;53.0
28077	0
28077	
27617;0;0;56;54;53.0
28101	0
28101	
27641;0;0;56;54;52.0
28125	0
28125	
27665;0;0;56;54;50.0
28149	0
28149	
27692;0;0;56;54;52.0
28174	0
28174	
27717;0;0;56;54;53.0
28201	0
28201	
27741;0;0;56;54;26.0
28228	0
28228	
27766;0;0;56;54;47.0
28247	0
28247	
27790;0;0;56;54;51.0
28272	0
28272	
27814;0;0;56;54;53.0
28298	0
28298	
27838;0;0;56;54;48.0
28322	0
28322	
27862;0;0;56;54;35.0
28346	0
28346	
27887;0;0;56;54;50.0
28371	0
28371	
27914;0;0;56;54;61.0
28395	0
28395	
27938;0;0;56;54;60.0
28431	0
28431	
27962;0;0;56;54;46.0
28450	0
28450	
27987;0;0;56;54;53.0
28469	0
28469	
28011;0;0;56;54;52.0
28495	0
28495	
28035;0;0;56;54;54.0
28519	0
28519	
28059;0;0;56;54;53.0
28543	0
28543	
28084;0;0;56;54;39.0
28568	0
28568	
28111;0;0;56;54;53.0
28592	0
28592	
28135;0;0;56;54;45.0
28616	0
28616	
28159;0;0;56;54;43.0
28652	0
28652	
28183;0;0;56;54;77.0
28672	0
28672	
28207;0;0;56;54;35.0
28691	0
28691	
28231;0;0;56;54;51.0
28715	0
28715	
28255;0;0;56;54;39.0
28739	0
28739	
28280;0;0;56;54;45.0
28764	0
28764	
28307;0;0;56;54;61.0
28788	0
28788	
28331;0;0;56;54;54.0
28812	0
28812	
28355;0;0;56;54;51.0
28836	0
28836	
28379;0;0;56;54;53.0
28872	0
28872	
28403;0;0;56;54;48.0
28891	0
28891	
28428;0;0;56;54;58.0
28912	0
28912	
28452;0;0;56;54;53.0
28936	0
28936	
28477;0;0;56;54;52.0
28961	0
28961	
28504;0;0;56;54;52.0
28985	0
28985	
28529;0;0;56;54;62.0
29010	0
29010	
28553;0;0;56;54;67.0
29038	0
29038	
28578;0;0;56;54;43.0
29066	0
29066	
28602;0;0;56;54;53.0
29091	0
29091	
28631;0;0;56;54;66.0
29113	0
29113	
28656;0;0;56;54;44.0
29137	0
29137	
28680;0;0;56;54;49.0
29161	0
29161	
28704;0;0;56;54;65.0
29187	0
29187	
28729;0;0;56;54;50.0
29213	0
29213	
28753;0;0;56;54;53.0
29237	0
29237	
28778;0;0;56;54;51.0
29262	0
29262	
28805;0;0;56;54;50.0
29299	0
29299	
28830;0;0;56;54;53.0
29317	0
29317	
28854;0;0;56;54;50.0
29335	0
29335	
28878;0;0;56;54;53.0
29360	0
29360	
28902;0;0;56;54;62.0
29386	0
29386	
28926;0;0;56;54;31.0
29410	0
29410	
28950;0;0;56;54;49.0
29434	0
29434	
28975;0;0;56;54;51.0
29459	0
29459	
29002;0;0;56;54;53.0
29484	0
29484	
29026;0;0;56;54;49.0
29519	0
29519	
29057;0;0;56;54;51.0
29541	0
29541	
29081;0;0;56;54;50.0
29565	0
29565	
29108;0;0;56;54;50.0
29590	0
29590	
29133;0;0;56;54;57.0
29614	0
29614	
29157;0;0;56;54;49.0
29639	0
29639	
29182;0;0;56;54;48.0
29666	0
29666	
29206;0;0;56;54;53.0
29690	0
29690	
29231;0;0;56;54;54.0
29715	0
29715	
29258;0;0;56;54;53.0
29742	0
29742	
29286;0;0;56;54;46.0
29767	0
29767	
29310;0;0;56;54;50.0
29791	0
29791	
29335;0;0;56;54;39.0
29819	0
29819	
29359;0;0;56;54;53.0
29843	0
29843	
29383;0;0;56;54;45.0
29867	0
29867	
29407;0;0;56;54;54.0
29891	0
29891	
29434;0;0;56;54;57.0
29917	0
29917	
29459;0;0;56;54;53.0
29952	0
29952	
29483;0;0;56;54;53.0
29970	0
29970	
29508;0;0;56;54;50.0
29992	0
29992	
29534;0;0;56;54;39.0
30018	0
30018	
29558;0;0;56;54;57.0
30042	0
30042	
29582;0;0;56;54;53.0
30066	0
30066	
29607;0;0;56;54;48.0
30091	0
30091	
29634;0;0;56;54;52.0
30116	0
30116	
29659;0;0;56;54;53.0
30140	0
30140	
29683;0;0;56;54;50.0
30169	0
30169	
29711;0;0;56;54;50.0
30195	0
30195	
29736;0;0;56;54;43.0
30221	0
30221	
29764;0;0;56;54;56.0
30245	0
30245	
29788;0;0;56;54;53.0
30269	0
30269	
29812;0;0;56;54;52.0
30295	0
30295	
29837;0;0;56;54;51.0
30321	0
30321	
29861;0;0;56;54;50.0
30345	0
30345	
29885;0;0;56;54;51.0
30376	0
30376	
29910;0;0;56;54;57.0
30398	0
30398	
29938;0;0;56;54;62.0
30419	0
30419	
29962;0;0;56;54;46.0
30443	0
30443	
29986;0;0;56;54;72.0
30467	0
30467	
30010;0;0;56;54;54.0
30494	0
30494	
30034;0;0;56;54;50.0
30518	0
30518	
30058;0;0;56;54;62.0
30542	0
30542	
30082;0;0;56;54;53.0
30566	0
30566	
30109;0;0;56;54;31.0
30597	0
30597	
30140;0;0;56;54;53.0
30621	0
30621	
30164;0;0;56;54;41.0
30646	0
30646	
30188;0;0;56;54;61.0
30670	0
30670	
30212;0;0;56;54;53.0
30696	0
30696	
30237;0;0;56;54;49.0
30721	0
30721	
30262;0;0;56;54;57.0
30744	0
30744	
30287;0;0;56;54;66.0
30769	0
30769	
30312;0;0;56;54;47.0
30805	0
30805	
30341;0;0;56;54;53.0
30825	0
30825	
30365;0;0;56;54;51.0
30849	0
30849	
30390;0;0;56;54;67.0
30874	0
30874	
30417;0;0;56;54;56.0
30898	0
30898	
30441;0;0;56;54;53.0
30922	0
30922	
30465;0;0;56;54;53.0
30946	0
30946	
30489;0;0;56;54;40.0
30973	0
30973	
30513;0;0;56;54;50.0
31003	0
31003	
30538;0;0;56;54;52.0
31025	0
31025	
30567;0;0;56;54;52.0
31048	0
31048	
30591;0;0;56;54;62.0
31072	0
31072	
30615;0;0;56;54;46.0
31100	0
31100	
30640;0;0;56;54;57.0
31124	0
31124	
30664;0;0;56;54;50.0
31148	0
31148	
30688;0;0;56;54;49.0
31172	0
31172	
30715;0;0;56;54;53.0
31201	0
31201	
30740;0;0;56;54;50.0
31226	0
31226	
30765;0;0;56;54;62.0
31246	0
31246	
30789;0;0;56;54;49.0
31270	0
31270	
30813;0;0;56;54;52.0
31298	0
31298	
30839;0;0;56;54;45.0
31323	0
31323	
30863;0;0;56;54;52.0
31347	0
31347	
30888;0;0;56;54;39.0
31372	0
31372	
30915;0;0;56;54;53.0
31396	0
31396	
30940;0;0;56;54;52.0
31433	0
31433	
30968;0;0;56;54;51.0
31452	0
31452	
30992;0;0;56;54;52.0
31476	0
31476	
31016;0;0;56;54;67.0
31500	0
31500	
31042;0;0;56;54;26.0
31525	0
31525	
31068;0;0;56;54;60.0
31549	0
31549	
31092;0;0;56;54;51.0
31573	0
31573	
31116;0;0;56;54;48.0
31600	0
31600	
31141;0;0;56;54;50.0
31625	0
31625	
31165;0;0;56;54;51.0
31654	0
31654	
31197;0;0;56;54;53.0
31679	0
31679	
31222;0;0;56;54;51.0
31703	0
31703	
31246;0;0;56;54;48.0
31727	0
31727	
31270;0;0;56;54;31.0
31752	0
31752	
31294;0;0;56;54;54.0
31779	0
31779	
31319;0;0;56;54;51.0
31803	0
31803	
31345;0;0;56;54;50.0
31828	0
31828	
31371;0;0;56;54;50.0
31864	0
31864	
31395;0;0;56;54;49.0
31883	0
31883	
31420;0;0;56;54;50.0
31905	0
31905	
31446;0;0;56;54;43.0
31930	0
31930	
31470;0;0;56;54;54.0
31954	0
31954	
31495;0;0;56;54;62.0
31979	0
31979	
31522;0;0;56;54;40.0
32003	0
32003	
31546;0;0;56;54;50.0
32027	0
32027	
31570;0;0;56;54;39.0
32060	0
32060	
31594;0;0;56;54;39.0
32081	0
32081	
31618;0;0;56;54;53.0
32102	0
32102	
31643;0;0;56;54;51.0
32127	0
32127	
31668;0;0;56;54;40.0
32152	0
32152	
31695;0;0;56;54;51.0
32176	0
32176	
31719;0;0;56;54;54.0
32201	0
32201	
31744;0;0;56;54;31.0
32225	0
32225	
31768;0;0;56;54;49.0
32253	0
32253	
31793;0;0;56;54;51.0
32287	0
32287	
31829;0;0;56;54;52.0
32310	0
32310	
31853;0;0;56;54;67.0
32334	0
32334	
31877;0;0;56;54;53.0
32358	0
32358	
31901;0;0;56;54;67.0
32383	0
32383	
31925;0;0;56;54;51.0
32409	0
32409	
31949;0;0;56;54;58.0
32433	0
32433	
31973;0;0;56;54;67.0
32457	0
32457	
31998;0;0;56;54;65.0
32485	0
32485	
32025;0;0;56;54;66.0
32511	0
32511	
32051;0;0;56;54;49.0
32532	0
32532	
32075;0;0;56;54;50.0
32556	0
32556	
32099;0;0;56;54;66.0
32580	0
32580	
32123;0;0;56;54;53.0
32607	0
32607	
32148;0;0;56;54;48.0
32632	0
32632	
32172;0;0;56;54;51.0
32656	0
32656	
32199;0;0;56;54;67.0
32681	0
32681	
32224;0;0;56;54;57.0
32717	0
32717	
32248;0;0;56;54;53.0
32736	0
32736	
32272;0;0;56;54;53.0
32754	0
32754	
32297;0;0;56;54;49.0
32781	0
32781	
32321;0;0;56;54;53.0
32805	0
32805	
32346;0;0;56;54;49.0
32830	0
32830	
32373;0;0;56;54;53.0
32855	0
32855	
32398;0;0;56;54;52.0
32879	0
32879	
32422;0;0;56;54;53.0
32915	0
32915	
32447;0;0;56;54;29.0
32934	0
32934	
32471;0;0;56;54;49.0
32955	0
32955	
32495;0;0;56;54;53.0
32979	0
32979	
32519;0;0;56;54;50.0
33003	0
33003	
32544;0;0;56;54;58.0
33028	0
33028	
32571;0;0;56;54;53.0
33052	0
33052	
32595;0;0;56;54;46.0
33076	0
33076	
32619;0;0;56;54;53.0
33104	0
33104	
32643;0;0;56;54;51.0
33136	0
33136	
32675;0;0;56;54;38.0
33159	0
33159	
32702;0;0;56;54;46.0
33183	0
33183	
32726;0;0;56;54;53.0
33207	0
33207	
32751;0;0;56;54;57.0
33232	0
33232	
32775;0;0;56;54;52.0
33259	0
33259	
32799;0;0;56;54;53.0
33283	0
33283	
32823;0;0;56;54;50.0
33307	0
33307	
32847;0;0;56;54;57.0
33336	0
33336	
32874;0;0;56;54;57.0
33359	0
33359	
32900;0;0;56;54;31.0
33382	0
33382	
32925;0;0;56;54;53.0
33407	0
33407	
32950;0;0;56;54;53.0
33434	0
33434	
32974;0;0;56;54;50.0
33458	0
33458	
32998;0;0;56;54;53.0
33482	0
33482	
33022;0;0;56;54;53.0
33506	0
33506	
33049;0;0;56;54;62.0
33531	0
33531	
33074;0;0;56;54;50.0
33562	0
33562	
33104;0;0;56;54;48.0
33586	0
33586	
33128;0;0;56;54;74.0
33612	0
33612	
33153;0;0;56;54;50.0
33637	0
33637	
33178;0;0;56;54;51.0
33660	0
33660	
33202;0;0;56;54;53.0
33684	0
33684	
33227;0;0;56;54;54.0
33712	0
33712	
33254;0;0;56;54;49.0
33736	0
33736	
33278;0;0;56;54;72.0
33771	0
33771	
33302;0;0;56;54;53.0
33790	0
33790	
33328;0;0;56;54;65.0
33811	0
33811	
33352;0;0;56;54;53.0
33834	0
33834	
33376;0;0;56;54;35.0
33858	0
33858	
33401;0;0;56;54;50.0
33885	0
33885	
33426;0;0;56;54;45.0
33909	0
33909	
33450;0;0;56;54;53.0
33932	0
33932	
33474;0;0;56;54;50.0
33962	0
33962	
33499;0;0;56;54;55.0
33986	0
33986	
33526;0;0;56;54;53.0
34009	0
34009	
33551;0;0;56;54;52.0
34033	0
34033	
33576;0;0;56;54;51.0
34057	0
34057	
33600;0;0;56;54;51.0
34082	0
34082	
33624;0;0;56;54;53.0
34108	0
34108	
33648;0;0;56;54;48.0
34132	0
34132	
33672;0;0;56;54;58.0
34156	0
34156	
33697;0;0;56;54;46.0
34187	0
34187	
33724;0;0;56;54;53.0
34210	0
34210	
33749;0;0;56;54;67.0
34230	0
34230	
33773;0;0;56;54;40.0
34254	0
34254	
33797;0;0;56;54;53.0
34282	0
34282	
33821;0;0;56;54;53.0
34305	0
34305	
33845;0;0;56;54;35.0
34329	0
34329	
33869;0;0;56;54;53.0
34354	0
34354	
33897;0;0;56;54;53.0
34382	0
34382	
33921;0;0;56;54;57.0
34409	0
34409	
33946;0;0;56;54;61.0
34427	0
34427	
33970;0;0;56;54;51.0
34452	0
34452	
33994;0;0;56;54;50.0
34478	0
34478	
34018;0;0;56;54;53.0
34502	0
34502	
34042;0;0;56;54;49.0
34526	0
34526	
34067;0;0;56;54;50.0
34551	0
34551	
34094;0;0;56;54;29.0
34575	0
34575	
34118;0;0;56;54;46.0
34612	0
34612	
34146;0;0;56;54;50.0
34630	0
34630	
34170;0;0;56;54;52.0
34654	0
34654	
34194;0;0;56;54;52.0
34678	0
34678	
34218;0;0;56;54;53.0
34702	0
34702	
34245;0;0;56;54;67.0
34727	0
34727	
34270;0;0;56;54;53.0
34751	0
34751	
34294;0;0;56;54;58.0
34775	0
34775	
34318;0;0;56;54;51.0
34800	0
34800	
34342;0;0;56;54;46.0
34829	0
34829	
34371;0;0;56;54;47.0
34855	0
34855	
34396;0;0;56;54;53.0
34878	0
34878	
34421;0;0;56;54;40.0
34903	0
34903	
34446;0;0;56;54;51.0
34927	0
34927	
34470;0;0;56;54;61.0
34952	0
34952	
34494;0;0;56;54;48.0
34976	0
34976	
34518;0;0;56;54;49.0
35002	0
35002	
34542;0;0;56;54;51.0
35035	0
35035	
34567;0;0;56;54;29.0
35054	0
35054	
34592;0;0;56;54;51.0
35075	0
35075	
34618;0;0;56;54;48.0
35100	0
35100	
34643;0;0;56;54;48.0
35124	0
35124	
34667;0;0;56;54;53.0
35149	0
35149	
34691;0;0;56;54;51.0
35173	0
35173	
34715;0;0;56;54;51.0
35200	0
35200	
34741;0;0;56;54;52.0
35230	0
35230	
34768;0;0;56;54;51.0
35252	0
35252	
34793;0;0;56;54;29.0
35274	0
35274	
34817;0;0;56;54;56.0
35298	0
35298	
34841;0;0;56;54;41.0
35323	0
35323	
34865;0;0;56;54;39.0
35349	0
35349	
34889;0;0;56;54;53.0
35373	0
35373	
34913;0;0;56;54;42.0
35397	0
35397	
34938;0;0;56;54;50.0
35422	0
35422	
34965;0;0;56;54;38.0
35460	0
35460	
34997;0;0;56;54;54.0
35481	0
35481	
35021;0;0;56;54;25.0
35505	0
35505	
35045;0;0;56;54;51.0
35529	0
35529	
35072;0;0;56;54;52.0
35554	0
35554	
35097;0;0;56;54;54.0
35578	0
35578	
35121;0;0;56;54;53.0
35602	0
35602	
35145;0;0;56;54;67.0
35627	0
35627	
35169;0;0;56;54;52.0
35657	0
35657	
35193;0;0;56;54;50.0
35680	0
