milliseconds	Werte
462	0
462	
6;0;0;56;54;0.0
487	0
487	
30;0;0;56;54;56.0
513	0
513	
54;0;0;56;54;56.0
538	0
538	
78;0;0;56;54;46.0
562	0
562	
102;0;0;56;54;48.0
586	0
586	
129;0;0;56;54;40.0
611	0
611	
154;0;0;56;54;55.0
647	0
647	
184;0;0;56;54;50.0
668	0
668	
208;0;0;56;54;50.0
692	0
692	
233;0;0;56;54;43.0
717	0
717	
260;0;0;56;54;57.0
741	0
741	
285;0;0;56;54;51.0
766	0
766	
309;0;0;56;54;48.0
790	0
790	
333;0;0;56;54;53.0
818	0
818	
358;0;0;56;54;48.0
852	0
852	
382;0;0;56;54;45.0
871	0
871	
408;0;0;56;54;49.0
890	0
890	
432;0;0;56;54;28.0
914	0
914	
457;0;0;56;54;49.0
941	0
941	
482;0;0;56;54;51.0
964	0
964	
506;0;0;56;54;48.0
988	0
988	
530;0;0;56;54;48.0
1012	0
1012	
554;0;0;56;54;47.0
1038	0
1038	
579;0;0;56;54;37.0
1074	0
1074	
604;0;0;56;54;50.0
1090	0
1090	
629;0;0;56;54;39.0
1111	0
1111	
654;0;0;56;54;37.0
1138	0
1138	
679;0;0;56;54;57.0
1162	0
1162	
704;0;0;56;54;51.0
1186	0
1186	
728;0;0;56;54;39.0
1212	0
1212	
753;0;0;56;54;50.0
1237	0
1237	
778;0;0;56;54;45.0
1260	0
1260	
803;0;0;56;54;50.0
1298	0
1298	
836;0;0;56;54;50.0
1320	0
1320	
861;0;0;56;54;61.0
1345	0
1345	
888;0;0;56;54;56.0
1369	0
1369	
912;0;0;56;54;55.0
1393	0
1393	
936;0;0;56;54;50.0
1417	0
1417	
960;0;0;56;54;52.0
1444	0
1444	
984;0;0;56;54;62.0
1468	0
1468	
1008;0;0;56;54;50.0
1496	0
1496	
1032;0;0;56;54;48.0
1520	0
1520	
1061;0;0;56;54;53.0
1543	0
1543	
1085;0;0;56;54;46.0
1566	0
1566	
1109;0;0;56;54;51.0
1590	0
1590	
1133;0;0;56;54;51.0
1615	0
1615	
1157;0;0;56;54;50.0
1641	0
1641	
1181;0;0;56;54;51.0
1665	0
1665	
1205;0;0;56;54;67.0
1689	0
1689	
1230;0;0;56;54;72.0
1724	0
1724	
1262;0;0;56;54;50.0
1743	0
1743	
1286;0;0;56;54;48.0
1768	0
1768	
1310;0;0;56;54;62.0
1792	0
1792	
1334;0;0;56;54;38.0
1816	0
1816	
1358;0;0;56;54;61.0
1842	0
1842	
1383;0;0;56;54;35.0
1867	0
1867	
1408;0;0;56;54;53.0
1890	0
1890	
1433;0;0;56;54;45.0
1915	0
1915	
1458;0;0;56;54;50.0
1945	0
1945	
1485;0;0;56;54;53.0
1968	0
1968	
1511;0;0;56;54;52.0
1995	0
1995	
1536;0;0;56;54;53.0
2018	0
2018	
1560;0;0;56;54;45.0
2043	0
2043	
1585;0;0;56;54;66.0
2067	0
2067	
1610;0;0;56;54;46.0
2093	0
2093	
1635;0;0;56;54;62.0
2117	0
2117	
1659;0;0;56;54;52.0
2149	0
2149	
1684;0;0;56;54;50.0
2171	0
2171	
1711;0;0;56;54;57.0
2194	0
2194	
1736;0;0;56;54;46.0
2218	0
2218	
1761;0;0;56;54;46.0
2242	0
2242	
1785;0;0;56;54;62.0
2267	0
2267	
1809;0;0;56;54;50.0
2291	0
2291	
1833;0;0;56;54;46.0
2317	0
2317	
1857;0;0;56;54;28.0
2341	0
2341	
1882;0;0;56;54;50.0
2371	0
2371	
1909;0;0;56;54;52.0
2393	0
2393	
1934;0;0;56;54;50.0
2415	0
2415	
1958;0;0;56;54;53.0
2440	0
2440	
1983;0;0;56;54;43.0
2467	0
2467	
2007;0;0;56;54;41.0
2491	0
2491	
2031;0;0;56;54;50.0
2515	0
2515	
2055;0;0;56;54;50.0
2539	0
2539	
2082;0;0;56;54;49.0
2565	0
2565	
2108;0;0;56;54;48.0
2601	0
2601	
2132;0;0;56;54;50.0
2619	0
2619	
2156;0;0;56;54;49.0
2637	0
2637	
2180;0;0;56;54;50.0
2662	0
2662	
2204;0;0;56;54;43.0
2688	0
2688	
2228;0;0;56;54;56.0
2712	0
2712	
2252;0;0;56;54;50.0
2736	0
2736	
2277;0;0;56;54;46.0
2761	0
2761	
2304;0;0;56;54;46.0
2786	0
2786	
2329;0;0;56;54;67.0
2822	0
2822	
2353;0;0;56;54;49.0
2840	0
2840	
2378;0;0;56;54;53.0
2859	0
2859	
2402;0;0;56;54;46.0
2884	0
2884	
2426;0;0;56;54;46.0
2911	0
2911	
2451;0;0;56;54;50.0
2935	0
2935	
2476;0;0;56;54;52.0
2960	0
2960	
2503;0;0;56;54;56.0
2984	0
2984	
2527;0;0;56;54;67.0
3008	0
3008	
2551;0;0;56;54;35.0
3044	0
3044	
2585;0;0;56;54;45.0
3069	0
3069	
2612;0;0;56;54;55.0
3093	0
3093	
2636;0;0;56;54;53.0
3117	0
3117	
2660;0;0;56;54;53.0
3141	0
3141	
2684;0;0;56;54;48.0
3168	0
3168	
2708;0;0;56;54;49.0
3192	0
3192	
2732;0;0;56;54;46.0
3216	0
3216	
2756;0;0;56;54;50.0
3240	0
3240	
2783;0;0;56;54;49.0
3277	0
3277	
2812;0;0;56;54;67.0
3294	0
3294	
2837;0;0;56;54;52.0
3321	0
3321	
2861;0;0;56;54;46.0
3345	0
3345	
2885;0;0;56;54;39.0
3369	0
3369	
2909;0;0;56;54;49.0
3393	0
3393	
2936;0;0;56;54;53.0
3419	0
3419	
2962;0;0;56;54;51.0
3443	0
3443	
2986;0;0;56;54;51.0
3467	0
3467	
3010;0;0;56;54;38.0
3497	0
3497	
3038;0;0;56;54;48.0
3522	0
3522	
3063;0;0;56;54;49.0
3547	0
3547	
3088;0;0;56;54;52.0
3570	0
3570	
3113;0;0;56;54;50.0
3595	0
3595	
3138;0;0;56;54;50.0
3619	0
3619	
3162;0;0;56;54;45.0
3644	0
3644	
3186;0;0;56;54;49.0
3668	0
3668	
3210;0;0;56;54;50.0
3699	0
3699	
3234;0;0;56;54;41.0
3721	0
3721	
3262;0;0;56;54;27.0
3744	0
3744	
3287;0;0;56;54;46.0
3768	0
3768	
3311;0;0;56;54;49.0
3792	0
3792	
3335;0;0;56;54;48.0
3817	0
3817	
3359;0;0;56;54;57.0
3841	0
3841	
3383;0;0;56;54;49.0
3867	0
3867	
3407;0;0;56;54;46.0
3892	0
3892	
3433;0;0;56;54;49.0
3921	0
3921	
3458;0;0;56;54;67.0
3943	0
3943	
3483;0;0;56;54;38.0
3964	0
3964	
3507;0;0;56;54;49.0
3988	0
3988	
3531;0;0;56;54;51.0
4013	0
4013	
3555;0;0;56;54;50.0
4039	0
4039	
3579;0;0;56;54;48.0
4063	0
4063	
3603;0;0;56;54;39.0
4087	0
4087	
3628;0;0;56;54;46.0
4112	0
4112	
3655;0;0;56;54;46.0
4148	0
4148	
3679;0;0;56;54;50.0
4164	0
4164	
3704;0;0;56;54;44.0
4185	0
4185	
3728;0;0;56;54;31.0
4209	0
4209	
3752;0;0;56;54;51.0
4236	0
4236	
3776;0;0;56;54;55.0
4260	0
4260	
3801;0;0;56;54;46.0
4285	0
4285	
3828;0;0;56;54;38.0
4310	0
4310	
3853;0;0;56;54;50.0
4334	0
4334	
3877;0;0;56;54;45.0
4371	0
4371	
3906;0;0;56;54;39.0
4390	0
4390	
3930;0;0;56;54;46.0
4414	0
4414	
3955;0;0;56;54;67.0
4439	0
4439	
3982;0;0;56;54;53.0
4464	0
4464	
4008;0;0;56;54;50.0
4489	0
4489	
4032;0;0;56;54;45.0
4516	0
4516	
4056;0;0;56;54;50.0
4540	0
4540	
4080;0;0;56;54;40.0
4564	0
4564	
4105;0;0;56;54;45.0
4595	0
4595	
4138;0;0;56;54;57.0
4619	0
4619	
4162;0;0;56;54;62.0
4643	0
4643	
4186;0;0;56;54;38.0
4667	0
4667	
4210;0;0;56;54;50.0
4692	0
4692	
4234;0;0;56;54;44.0
4718	0
4718	
4258;0;0;56;54;46.0
4742	0
4742	
4282;0;0;56;54;39.0
4766	0
4766	
4308;0;0;56;54;53.0
4791	0
4791	
4334;0;0;56;54;51.0
4821	0
4821	
4364;0;0;56;54;61.0
4846	0
4846	
4388;0;0;56;54;50.0
4870	0
4870	
4412;0;0;56;54;67.0
4896	0
4896	
4436;0;0;56;54;39.0
4920	0
4920	
4461;0;0;56;54;58.0
4945	0
4945	
4488;0;0;56;54;53.0
4969	0
4969	
4512;0;0;56;54;50.0
4993	0
4993	
4536;0;0;56;54;50.0
5027	0
5027	
4560;0;0;56;54;67.0
5048	0
5048	
4585;0;0;56;54;53.0
5069	0
5069	
4609;0;0;56;54;40.0
5093	0
5093	
4634;0;0;56;54;45.0
5118	0
5118	
4661;0;0;56;54;46.0
5142	0
5142	
4685;0;0;56;54;51.0
5166	0
5166	
4709;0;0;56;54;39.0
5190	0
5190	
4733;0;0;56;54;50.0
5217	0
5217	
4757;0;0;56;54;49.0
5250	0
5250	
4788;0;0;56;54;67.0
5272	0
5272	
4815;0;0;56;54;45.0
5296	0
5296	
4839;0;0;56;54;61.0
5320	0
5320	
4863;0;0;56;54;57.0
5344	0
5344	
4887;0;0;56;54;62.0
5371	0
5371	
4911;0;0;56;54;31.0
5395	0
5395	
4935;0;0;56;54;51.0
5419	0
5419	
4959;0;0;56;54;46.0
5447	0
5447	
4984;0;0;56;54;50.0
5471	0
5471	
5013;0;0;56;54;50.0
5494	0
5494	
5037;0;0;56;54;41.0
5518	0
5518	
5061;0;0;56;54;50.0
5542	0
5542	
5085;0;0;56;54;53.0
5569	0
5569	
5109;0;0;56;54;41.0
5593	0
5593	
5133;0;0;56;54;37.0
5617	0
5617	
5157;0;0;56;54;51.0
5641	0
5641	
5184;0;0;56;54;51.0
5678	0
5678	
5210;0;0;56;54;50.0
5695	0
5695	
5234;0;0;56;54;50.0
5715	0
5715	
5258;0;0;56;54;45.0
5739	0
5739	
5282;0;0;56;54;54.0
5766	0
5766	
5307;0;0;56;54;53.0
5791	0
5791	
5331;0;0;56;54;49.0
5815	0
5815	
5356;0;0;56;54;61.0
5840	0
5840	
5383;0;0;56;54;49.0
5865	0
5865	
5408;0;0;56;54;49.0
5900	0
5900	
5438;0;0;56;54;53.0
5922	0
5922	
5463;0;0;56;54;53.0
5947	0
5947	
5490;0;0;56;54;53.0
5971	0
5971	
5514;0;0;56;54;57.0
5995	0
5995	
5538;0;0;56;54;42.0
6021	0
6021	
5563;0;0;56;54;49.0
6047	0
6047	
5587;0;0;56;54;53.0
6071	0
6071	
5611;0;0;56;54;67.0
6099	0
6099	
5636;0;0;56;54;48.0
6122	0
6122	
5665;0;0;56;54;46.0
6146	0
6146	
5689;0;0;56;54;40.0
6170	0
6170	
5713;0;0;56;54;67.0
6194	0
6194	
5737;0;0;56;54;55.0
6221	0
6221	
5761;0;0;56;54;58.0
6245	0
6245	
5785;0;0;56;54;50.0
6269	0
6269	
5810;0;0;56;54;50.0
6294	0
6294	
5837;0;0;56;54;49.0
6330	0
6330	
5861;0;0;56;54;52.0
6345	0
6345	
5886;0;0;56;54;48.0
6368	0
6368	
5912;0;0;56;54;53.0
6396	0
6396	
5936;0;0;56;54;43.0
6420	0
6420	
5960;0;0;56;54;49.0
6444	0
6444	
5984;0;0;56;54;48.0
6468	0
6468	
6011;0;0;56;54;50.0
6493	0
6493	
6036;0;0;56;54;52.0
6517	0
6517	
6060;0;0;56;54;39.0
6548	0
6548	
6088;0;0;56;54;45.0
6572	0
6572	
6113;0;0;56;54;49.0
6598	0
6598	
6141;0;0;56;54;53.0
6622	0
6622	
6165;0;0;56;54;49.0
6646	0
6646	
6189;0;0;56;54;37.0
6672	0
6672	
6214;0;0;56;54;50.0
6698	0
6698	
6238;0;0;56;54;50.0
6722	0
6722	
6262;0;0;56;54;53.0
6751	0
6751	
6287;0;0;56;54;52.0
6774	0
6774	
6315;0;0;56;54;50.0
6796	0
6796	
6339;0;0;56;54;48.0
6821	0
6821	
6364;0;0;56;54;47.0
6848	0
6848	
6388;0;0;56;54;50.0
6872	0
6872	
6413;0;0;56;54;53.0
6897	0
6897	
6440;0;0;56;54;52.0
6922	0
6922	
6465;0;0;56;54;67.0
6946	0
6946	
6489;0;0;56;54;43.0
6983	0
6983	
6518;0;0;56;54;39.0
7002	0
7002	
6542;0;0;56;54;37.0
7026	0
7026	
6566;0;0;56;54;48.0
7051	0
7051	
6594;0;0;56;54;49.0
7076	0
7076	
6619;0;0;56;54;39.0
7100	0
7100	
6643;0;0;56;54;46.0
7124	0
7124	
6667;0;0;56;54;50.0
7149	0
7149	
6691;0;0;56;54;49.0
7180	0
7180	
6716;0;0;56;54;52.0
7203	0
7203	
6744;0;0;56;54;61.0
7226	0
7226	
6769;0;0;56;54;51.0
7250	0
7250	
6793;0;0;56;54;51.0
7274	0
7274	
6818;0;0;56;54;49.0
7302	0
7302	
6842;0;0;56;54;48.0
7326	0
7326	
6866;0;0;56;54;50.0
7350	0
7350	
6890;0;0;56;54;52.0
7374	0
7374	
6917;0;0;56;54;48.0
7417	0
7417	
6943;0;0;56;54;46.0
7431	0
7431	
6967;0;0;56;54;51.0
7448	0
7448	
6991;0;0;56;54;51.0
7474	0
7474	
7016;0;0;56;54;35.0
7500	0
7500	
7040;0;0;56;54;55.0
7524	0
7524	
7064;0;0;56;54;41.0
7548	0
7548	
7089;0;0;56;54;53.0
7573	0
7573	
7116;0;0;56;54;46.0
7597	0
7597	
7140;0;0;56;54;53.0
7633	0
7633	
7168;0;0;56;54;39.0
7652	0
7652	
7192;0;0;56;54;44.0
7676	0
7676	
7217;0;0;56;54;50.0
7701	0
7701	
7244;0;0;56;54;41.0
7726	0
7726	
7269;0;0;56;54;46.0
7750	0
7750	
7293;0;0;56;54;45.0
7777	0
7777	
7319;0;0;56;54;39.0
7803	0
7803	
7343;0;0;56;54;45.0
7832	0
7832	
7367;0;0;56;54;50.0
7855	0
7855	
7396;0;0;56;54;49.0
7877	0
7877	
7421;0;0;56;54;51.0
7902	0
7902	
7445;0;0;56;54;54.0
7927	0
7927	
7469;0;0;56;54;35.0
7953	0
7953	
7493;0;0;56;54;33.0
7977	0
7977	
7518;0;0;56;54;51.0
8002	0
8002	
7545;0;0;56;54;53.0
8026	0
8026	
7569;0;0;56;54;62.0
8062	0
8062	
7597;0;0;56;54;77.0
8081	0
8081	
7622;0;0;56;54;50.0
8106	0
8106	
7646;0;0;56;54;52.0
8130	0
8130	
7670;0;0;56;54;53.0
8154	0
8154	
7697;0;0;56;54;50.0
8179	0
8179	
7722;0;0;56;54;37.0
8203	0
8203	
7746;0;0;56;54;53.0
8227	0
8227	
7770;0;0;56;54;53.0
8261	0
8261	
7794;0;0;56;54;51.0
8282	0
8282	
7819;0;0;56;54;58.0
8303	0
8303	
7843;0;0;56;54;50.0
8327	0
8327	
7868;0;0;56;54;51.0
8352	0
8352	
7895;0;0;56;54;54.0
8376	0
8376	
7919;0;0;56;54;67.0
8400	0
8400	
7943;0;0;56;54;53.0
8424	0
8424	
7967;0;0;56;54;50.0
8451	0
8451	
7991;0;0;56;54;51.0
8485	0
8485	
8016;0;0;56;54;49.0
8504	0
8504	
8040;0;0;56;54;46.0
8524	0
8524	
8065;0;0;56;54;39.0
8550	0
8550	
8092;0;0;56;54;57.0
8573	0
8573	
8116;0;0;56;54;39.0
8597	0
8597	
8140;0;0;56;54;48.0
8621	0
8621	
8164;0;0;56;54;53.0
8648	0
8648	
8188;0;0;56;54;32.0
8672	0
8672	
8212;0;0;56;54;30.0
8705	0
8705	
8236;0;0;56;54;50.0
8724	0
8724	
8262;0;0;56;54;40.0
8746	0
8746	
8289;0;0;56;54;49.0
8770	0
8770	
8313;0;0;56;54;50.0
8794	0
8794	
8337;0;0;56;54;38.0
8818	0
8818	
8361;0;0;56;54;59.0
8845	0
8845	
8385;0;0;56;54;67.0
8869	0
8869	
8409;0;0;56;54;53.0
8893	0
8893	
8433;0;0;56;54;62.0
8925	0
8925	
8460;0;0;56;54;46.0
8945	0
8945	
8486;0;0;56;54;53.0
8968	0
8968	
8511;0;0;56;54;49.0
8992	0
8992	
8535;0;0;56;54;66.0
9019	0
9019	
8559;0;0;56;54;38.0
9043	0
9043	
8583;0;0;56;54;61.0
9067	0
9067	
8607;0;0;56;54;52.0
9091	0
9091	
8634;0;0;56;54;49.0
9116	0
9116	
8659;0;0;56;54;53.0
9152	0
9152	
8683;0;0;56;54;46.0
9170	0
9170	
8707;0;0;56;54;49.0
9188	0
9188	
8731;0;0;56;54;52.0
9213	0
9213	
8755;0;0;56;54;52.0
9239	0
9239	
8779;0;0;56;54;43.0
9263	0
9263	
8803;0;0;56;54;51.0
9287	0
9287	
8829;0;0;56;54;50.0
9312	0
9312	
8855;0;0;56;54;51.0
9337	0
9337	
8880;0;0;56;54;50.0
9373	0
9373	
8904;0;0;56;54;29.0
9392	0
9392	
8930;0;0;56;54;49.0
9414	0
9414	
8955;0;0;56;54;46.0
9439	0
9439	
8982;0;0;56;54;50.0
9463	0
9463	
9006;0;0;56;54;53.0
9487	0
9487	
9031;0;0;56;54;53.0
9512	0
9512	
9055;0;0;56;54;49.0
9539	0
9539	
9079;0;0;56;54;49.0
9563	0
9563	
9103;0;0;56;54;62.0
9595	0
9595	
9127;0;0;56;54;38.0
9616	0
9616	
9155;0;0;56;54;39.0
9636	0
9636	
9179;0;0;56;54;46.0
9660	0
9660	
9203;0;0;56;54;40.0
9684	0
9684	
9227;0;0;56;54;57.0
9711	0
9711	
9251;0;0;56;54;51.0
9735	0
9735	
9275;0;0;56;54;49.0
9759	0
9759	
9299;0;0;56;54;50.0
9783	0
9783	
9326;0;0;56;54;52.0
9815	0
9815	
9352;0;0;56;54;50.0
9837	0
9837	
9376;0;0;56;54;51.0
9857	0
9857	
9400;0;0;56;54;67.0
9881	0
9881	
9424;0;0;56;54;50.0
9905	0
9905	
9448;0;0;56;54;45.0
9932	0
9932	
9472;0;0;56;54;50.0
9956	0
9956	
9496;0;0;56;54;46.0
9980	0
9980	
9520;0;0;56;54;50.0
10004	0
10004	
9547;0;0;56;54;52.0
10033	0
10033	
9572;0;0;56;54;62.0
10058	0
10058	
9597;0;0;56;54;49.0
10079	0
10079	
9622;0;0;56;54;52.0
10103	0
10103	
9646;0;0;56;54;45.0
10128	0
10128	
9670;0;0;56;54;50.0
10154	0
10154	
9694;0;0;56;54;57.0
10178	0
10178	
9718;0;0;56;54;48.0
10203	0
10203	
9746;0;0;56;54;53.0
10227	0
10227	
9770;0;0;56;54;43.0
10262	0
10262	
9794;0;0;56;54;45.0
10281	0
10281	
9818;0;0;56;54;36.0
10299	0
10299	
9842;0;0;56;54;29.0
10324	0
10324	
9866;0;0;56;54;49.0
10350	0
10350	
9890;0;0;56;54;53.0
10374	0
10374	
9914;0;0;56;54;52.0
10398	0
10398	
9939;0;0;56;54;48.0
10423	0
10423	
9966;0;0;56;54;49.0
10447	0
10447	
9990;0;0;56;54;46.0
10488	0
10488	
10014;0;0;56;54;50.0
10501	0
10501	
10038;0;0;56;54;49.0
10520	0
10520	
10062;0;0;56;54;49.0
10547	0
10547	
10087;0;0;56;54;47.0
10571	0
10571	
10112;0;0;56;54;51.0
10596	0
10596	
10139;0;0;56;54;49.0
10620	0
10620	
10163;0;0;56;54;46.0
10644	0
10644	
10187;0;0;56;54;48.0
10668	0
10668	
10211;0;0;56;54;61.0
10704	0
10704	
10235;0;0;56;54;50.0
10723	0
10723	
10260;0;0;56;54;48.0
10744	0
10744	
10285;0;0;56;54;50.0
10769	0
10769	
10312;0;0;56;54;48.0
10793	0
10793	
10336;0;0;56;54;65.0
10817	0
10817	
10360;0;0;56;54;51.0
10841	0
10841	
10384;0;0;56;54;48.0
10867	0
10867	
10408;0;0;56;54;50.0
10892	0
10892	
10433;0;0;56;54;49.0
10923	0
10923	
10466;0;0;56;54;43.0
10948	0
10948	
10491;0;0;56;54;53.0
10972	0
10972	
10515;0;0;56;54;45.0
10996	0
10996	
10539;0;0;56;54;35.0
11021	0
11021	
10563;0;0;56;54;53.0
11047	0
11047	
10587;0;0;56;54;39.0
11071	0
11071	
10611;0;0;56;54;46.0
11095	0
11095	
10636;0;0;56;54;53.0
11125	0
11125	
10663;0;0;56;54;53.0
11147	0
11147	
10688;0;0;56;54;40.0
11170	0
11170	
10713;0;0;56;54;42.0
11194	0
11194	
10737;0;0;56;54;58.0
11219	0
11219	
10761;0;0;56;54;39.0
11245	0
11245	
10785;0;0;56;54;51.0
11269	0
11269	
10809;0;0;56;54;52.0
11293	0
11293	
10835;0;0;56;54;45.0
11318	0
11318	
10861;0;0;56;54;53.0
11354	0
11354	
10890;0;0;56;54;53.0
11374	0
11374	
10914;0;0;56;54;50.0
11398	0
11398	
10938;0;0;56;54;49.0
11422	0
11422	
10962;0;0;56;54;43.0
11446	0
11446	
10989;0;0;56;54;58.0
11471	0
11471	
11014;0;0;56;54;50.0
11496	0
11496	
11039;0;0;56;54;60.0
11520	0
11520	
11063;0;0;56;54;60.0
11555	0
11555	
11087;0;0;56;54;50.0
11574	0
11574	
11111;0;0;56;54;50.0
11595	0
11595	
11136;0;0;56;54;62.0
11621	0
11621	
11164;0;0;56;54;54.0
11645	0
11645	
11188;0;0;56;54;43.0
11669	0
11669	
11212;0;0;56;54;55.0
11697	0
11697	
11237;0;0;56;54;47.0
11721	0
11721	
11261;0;0;56;54;49.0
11745	0
11745	
11285;0;0;56;54;49.0
11772	0
11772	
11315;0;0;56;54;54.0
11797	0
11797	
11340;0;0;56;54;50.0
11821	0
11821	
11364;0;0;56;54;49.0
11845	0
11845	
11388;0;0;56;54;48.0
11870	0
11870	
11412;0;0;56;54;43.0
11896	0
11896	
11437;0;0;56;54;61.0
11921	0
11921	
11462;0;0;56;54;67.0
11946	0
11946	
11489;0;0;56;54;53.0
11983	0
11983	
11513;0;0;56;54;49.0
12002	0
12002	
11539;0;0;56;54;47.0
12020	0
12020	
11563;0;0;56;54;58.0
12045	0
12045	
11587;0;0;56;54;49.0
12071	0
12071	
11611;0;0;56;54;53.0
12095	0
12095	
11636;0;0;56;54;36.0
12120	0
12120	
11663;0;0;56;54;57.0
12144	0
12144	
11687;0;0;56;54;53.0
12168	0
12168	
11711;0;0;56;54;34.0
12205	0
12205	
11741;0;0;56;54;52.0
12225	0
12225	
11766;0;0;56;54;50.0
12250	0
12250	
11793;0;0;56;54;50.0
12274	0
12274	
11817;0;0;56;54;67.0
12298	0
12298	
11841;0;0;56;54;43.0
12322	0
12322	
11865;0;0;56;54;43.0
12349	0
12349	
11889;0;0;56;54;53.0
12373	0
12373	
11913;0;0;56;54;58.0
12403	0
12403	
11938;0;0;56;54;41.0
12426	0
12426	
11965;0;0;56;54;49.0
12446	0
12446	
11989;0;0;56;54;49.0
12470	0
12470	
12013;0;0;56;54;49.0
12497	0
12497	
12038;0;0;56;54;50.0
12522	0
12522	
12062;0;0;56;54;53.0
12546	0
12546	
12086;0;0;56;54;38.0
12570	0
12570	
12113;0;0;56;54;57.0
12598	0
12598	
12138;0;0;56;54;46.0
12623	0
12623	
12163;0;0;56;54;50.0
12644	0
12644	
12187;0;0;56;54;30.0
12668	0
12668	
12211;0;0;56;54;57.0
12695	0
12695	
12235;0;0;56;54;53.0
12719	0
12719	
12259;0;0;56;54;46.0
12743	0
12743	
12283;0;0;56;54;50.0
12767	0
12767	
12308;0;0;56;54;50.0
12792	0
12792	
12335;0;0;56;54;51.0
12828	0
12828	
12367;0;0;56;54;54.0
12851	0
12851	
12391;0;0;56;54;51.0
12876	0
12876	
12418;0;0;56;54;46.0
12900	0
12900	
12443;0;0;56;54;48.0
12924	0
12924	
12467;0;0;56;54;52.0
12948	0
12948	
12491;0;0;56;54;49.0
12973	0
12973	
12515;0;0;56;54;43.0
12999	0
12999	
12539;0;0;56;54;62.0
13032	0
13032	
12563;0;0;56;54;49.0
13050	0
13050	
12587;0;0;56;54;50.0
13071	0
13071	
12612;0;0;56;54;51.0
13096	0
13096	
12639;0;0;56;54;35.0
13120	0
13120	
12663;0;0;56;54;39.0
13144	0
13144	
12687;0;0;56;54;62.0
13168	0
13168	
12711;0;0;56;54;53.0
13195	0
13195	
12735;0;0;56;54;34.0
13224	0
13224	
12759;0;0;56;54;58.0
13247	0
13247	
12787;0;0;56;54;50.0
13269	0
13269	
12812;0;0;56;54;51.0
13293	0
13293	
12836;0;0;56;54;51.0
13317	0
13317	
12860;0;0;56;54;66.0
13341	0
13341	
12884;0;0;56;54;52.0
13368	0
13368	
12908;0;0;56;54;45.0
13392	0
13392	
12932;0;0;56;54;46.0
13416	0
13416	
12956;0;0;56;54;46.0
13448	0
13448	
12984;0;0;56;54;49.0
13470	0
13470	
13009;0;0;56;54;52.0
13490	0
13490	
13033;0;0;56;54;53.0
13514	0
13514	
13057;0;0;56;54;36.0
13541	0
13541	
13081;0;0;56;54;46.0
13565	0
13565	
13105;0;0;56;54;57.0
13589	0
13589	
13129;0;0;56;54;31.0
13613	0
13613	
13156;0;0;56;54;53.0
13638	0
13638	
13181;0;0;56;54;49.0
13674	0
13674	
13210;0;0;56;54;46.0
13694	0
13694	
13234;0;0;56;54;50.0
13718	0
13718	
13258;0;0;56;54;53.0
13742	0
13742	
13282;0;0;56;54;44.0
13766	0
13766	
13309;0;0;56;54;57.0
13791	0
13791	
13334;0;0;56;54;63.0
13816	0
13816	
13359;0;0;56;54;29.0
13840	0
13840	
13383;0;0;56;54;39.0
13874	0
13874	
13407;0;0;56;54;49.0
13894	0
13894	
13432;0;0;56;54;53.0
13916	0
13916	
13456;0;0;56;54;50.0
13941	0
13941	
13484;0;0;56;54;50.0
13965	0
13965	
13508;0;0;56;54;50.0
13989	0
13989	
13532;0;0;56;54;46.0
14013	0
14013	
13556;0;0;56;54;51.0
14041	0
14041	
13580;0;0;56;54;36.0
14065	0
14065	
13605;0;0;56;54;36.0
14099	0
14099	
13639;0;0;56;54;49.0
14120	0
14120	
13663;0;0;56;54;57.0
14144	0
14144	
13687;0;0;56;54;51.0
14168	0
14168	
13711;0;0;56;54;51.0
14193	0
14193	
13735;0;0;56;54;45.0
14219	0
14219	
13759;0;0;56;54;45.0
14243	0
14243	
13783;0;0;56;54;50.0
14267	0
14267	
13808;0;0;56;54;48.0
14292	0
14292	
13835;0;0;56;54;45.0
14321	0
14321	
13863;0;0;56;54;46.0
14344	0
14344	
13887;0;0;56;54;53.0
14368	0
14368	
13911;0;0;56;54;39.0
14393	0
14393	
13935;0;0;56;54;38.0
14419	0
14419	
13959;0;0;56;54;51.0
14443	0
14443	
13983;0;0;56;54;42.0
14467	0
14467	
14008;0;0;56;54;41.0
14492	0
14492	
14035;0;0;56;54;39.0
14528	0
14528	
14059;0;0;56;54;27.0
14544	0
14544	
14083;0;0;56;54;48.0
14564	0
14564	
14107;0;0;56;54;45.0
14588	0
14588	
14131;0;0;56;54;50.0
14615	0
14615	
14155;0;0;56;54;50.0
14639	0
14639	
14179;0;0;56;54;53.0
14663	0
14663	
14203;0;0;56;54;51.0
14687	0
14687	
14230;0;0;56;54;49.0
14716	0
14716	
14255;0;0;56;54;47.0
14740	0
14740	
14280;0;0;56;54;80.0
14761	0
14761	
14304;0;0;56;54;54.0
14785	0
14785	
14328;0;0;56;54;60.0
14813	0
14813	
14354;0;0;56;54;61.0
14838	0
14838	
14378;0;0;56;54;62.0
14862	0
14862	
14403;0;0;56;54;51.0
14887	0
14887	
14430;0;0;56;54;61.0
14911	0
14911	
14454;0;0;56;54;54.0
14947	0
14947	
14483;0;0;56;54;49.0
14967	0
14967	
14507;0;0;56;54;48.0
14991	0
14991	
14531;0;0;56;54;67.0
15015	0
15015	
14558;0;0;56;54;50.0
15040	0
15040	
14583;0;0;56;54;58.0
15064	0
15064	
14607;0;0;56;54;50.0
15088	0
15088	
14631;0;0;56;54;52.0
15113	0
15113	
14655;0;0;56;54;48.0
15143	0
15143	
14679;0;0;56;54;50.0
15167	0
15167	
14706;0;0;56;54;43.0
15190	0
15190	
14733;0;0;56;54;72.0
15214	0
15214	
14757;0;0;56;54;52.0
15238	0
15238	
14781;0;0;56;54;49.0
15262	0
15262	
14805;0;0;56;54;49.0
15290	0
15290	
14830;0;0;56;54;45.0
15314	0
15314	
14854;0;0;56;54;57.0
15338	0
15338	
14879;0;0;56;54;48.0
15372	0
15372	
14910;0;0;56;54;50.0
15391	0
15391	
14934;0;0;56;54;40.0
15415	0
15415	
14958;0;0;56;54;57.0
15442	0
15442	
14982;0;0;56;54;66.0
15466	0
15466	
15006;0;0;56;54;63.0
15490	0
15490	
15030;0;0;56;54;46.0
15514	0
15514	
15057;0;0;56;54;45.0
15539	0
15539	
15082;0;0;56;54;53.0
15575	0
15575	
15106;0;0;56;54;57.0
15593	0
15593	
15130;0;0;56;54;51.0
15611	0
15611	
15155;0;0;56;54;50.0
15640	0
15640	
15180;0;0;56;54;57.0
15664	0
15664	
15204;0;0;56;54;49.0
15688	0
15688	
15229;0;0;56;54;46.0
15713	0
15713	
15256;0;0;56;54;52.0
15738	0
15738	
15281;0;0;56;54;53.0
15762	0
15762	
15305;0;0;56;54;52.0
15792	0
15792	
15333;0;0;56;54;50.0
15815	0
15815	
15358;0;0;56;54;50.0
15842	0
15842	
15383;0;0;56;54;67.0
15866	0
15866	
15407;0;0;56;54;46.0
15889	0
15889	
15432;0;0;56;54;53.0
15914	0
15914	
15457;0;0;56;54;35.0
15939	0
15939	
15481;0;0;56;54;51.0
15963	0
15963	
15505;0;0;56;54;50.0
15998	0
15998	
15531;0;0;56;54;52.0
16018	0
16018	
15558;0;0;56;54;57.0
16041	0
16041	
15583;0;0;56;54;37.0
16065	0
16065	
15608;0;0;56;54;55.0
16089	0
16089	
15632;0;0;56;54;50.0
16115	0
16115	
15657;0;0;56;54;67.0
16139	0
16139	
15681;0;0;56;54;50.0
16165	0
16165	
15706;0;0;56;54;45.0
16190	0
16190	
15731;0;0;56;54;50.0
16225	0
16225	
15766;0;0;56;54;57.0
16248	0
16248	
15790;0;0;56;54;66.0
16272	0
16272	
15815;0;0;56;54;46.0
16299	0
16299	
15840;0;0;56;54;50.0
16322	0
16322	
15864;0;0;56;54;53.0
16346	0
16346	
15889;0;0;56;54;46.0
16371	0
16371	
15914;0;0;56;54;67.0
16396	0
16396	
15938;0;0;56;54;50.0
16429	0
16429	
15962;0;0;56;54;49.0
16450	0
16450	
15987;0;0;56;54;52.0
16472	0
16472	
16013;0;0;56;54;39.0
16495	0
