0.4203
0.4741
0.4790
0.4790
0.4741
0.4741
0.4692
0.4545
0.4692
0.4741
0.4741
0.4692
0.4741
0.4741
0.4741
0.4741
0.4741
0.4741
0.5327
0.4741
0.4741
0.4301
0.4545
0.4545
0.4741
0.4545
0.4594
0.4545
0.4350
0.4350
0.4350
0.4448
0.4350
0.4545
0.4350
0.4545
0.4350
0.4497
0.4594
0.4448
0.4350
0.4545
0.4545
0.4545
0.4497
0.4545
0.4545
0.4545
0.4643
0.4545
0.4545
0.4545
0.5181
0.4839
0.4545
0.4545
0.4545
0.4545
0.4545
0.4545
0.4643
0.4643
0.4545
0.4497
0.4497
0.4545
0.4497
0.4545
0.4545
0.4545
0.4545
0.4545
0.4545
0.5132
0.4545
0.4545
0.4106
0.4545
0.4545
0.4545
0.4594
0.4594
0.4545
0.4839
0.4545
0.4545
0.4545
0.4545
0.4350
0.4545
0.4545
0.4643
0.4545
0.4545
0.4643
0.4545
0.4545
0.4497
0.4497
0.4545
0.4497
0.4545
0.4545
0.4692
0.4545
0.4545
0.4545
0.4545
