0.1906
0.1906
0.1906
0.1955
0.1906
0.1955
0.1906
0.2395
0.4448
0.1906
0.1760
0.1857
0.1906
0.1955
0.1760
0.2004
0.1906
0.1711
0.1760
0.2297
0.1955
0.1955
0.1369
0.1857
0.1955
0.1955
0.1955
0.1711
0.1906
0.1955
0.1857
0.1955
0.1906
0.1173
0.1711
0.2004
0.1760
0.1906
0.1711
0.1906
0.1711
0.1955
0.1906
0.1760
0.1906
0.1906
0.2004
0.1955
0.1955
0.1857
0.1906
0.1906
0.1906
0.2004
0.1760
0.2004
0.1906
0.1906
0.1955
0.1906
0.1564
0.1955
0.1711
0.1906
0.1906
0.1955
0.1906
0.1906
0.2004
0.2004
0.1955
0.1906
0.1906
0.1808
0.1906
0.1906
0.1906
0.1906
0.1906
0.1906
0.1955
0.1955
0.1711
0.1955
0.2444
0.1906
0.1906
0.1369
0.1906
0.1906
0.1711
0.1955
0.1955
0.2004
0.1955
0.1808
0.1906
0.1906
0.2004
0.2053
0.1955
0.1906
0.1711
0.1955
0.1955
0.1955
0.1906
0.1955
0.1955
0.1906
0.1760
0.2297
0.1906
0.1906
0.1760
0.1955
0.1760
0.1906
0.1955
0.2590
0.1955
0.1955
0.1857
0.1906
