0.2639
0.2688
0.2493
0.2493
0.2542
0.2542
0.2981
0.2493
0.2542
0.2639
0.2542
0.2542
0.2493
0.3030
0.2493
0.2688
0.2053
0.2493
0.2542
0.2493
0.2639
0.3226
0.2493
0.2639
0.2444
0.2346
0.2493
0.2639
0.2493
0.2297
0.2493
0.2542
0.2297
0.2542
0.2297
0.2542
0.2346
0.2297
0.2297
0.2493
0.2297
0.2346
0.2493
0.2493
0.2493
0.3079
0.2542
0.2493
0.1955
0.2493
0.2542
0.2493
0.2639
0.2542
0.2542
0.2493
0.2493
0.2542
0.2590
0.2542
0.2444
0.2639
0.2493
0.2493
0.2493
0.2493
0.2542
0.2542
0.2493
0.2590
0.2493
0.2493
0.2444
0.2542
0.2493
0.2542
0.2493
0.2542
0.2493
0.2493
0.2493
0.2346
0.2542
0.2493
0.2493
0.2493
0.2542
0.2493
0.2542
0.2493
0.2493
0.2493
0.2542
0.2590
0.2493
0.2493
0.2444
0.2493
0.2493
0.2542
0.2737
0.2542
0.2542
0.2493
0.3079
0.2542
0.2542
0.2346
0.2542
0.2493
0.2542
