0.8651
0.8260
0.8651
0.8651
0.8602
0.8749
0.8651
0.8700
0.8700
0.8651
0.8651
0.8895
0.8651
0.8798
0.8993
0.8798
0.8651
0.8651
0.8895
0.8651
0.8651
0.8700
0.8651
0.8651
0.8651
0.8651
0.8847
0.8260
0.8407
0.8211
0.8065
0.8065
0.8065
0.8065
0.8162
0.8113
0.8162
0.8065
0.8065
0.7625
0.8113
0.8065
0.8065
0.8113
0.8309
0.8065
0.8113
0.8065
0.8113
0.8260
0.8065
0.8113
0.8065
0.8065
0.8553
0.8113
0.8113
0.8065
0.8065
0.8113
0.8065
0.8065
0.8113
0.8113
0.8162
0.8065
0.8113
0.7625
0.8065
0.8065
0.8065
0.8113
0.8358
0.8113
0.8162
0.8113
0.8113
0.8700
0.8065
0.8113
0.8113
0.8065
0.8065
0.8211
0.8113
0.7674
0.8065
0.8113
0.8113
0.8065
0.8113
0.8065
0.8113
0.8065
0.8065
0.8358
0.8113
0.8113
0.8113
0.8065
0.8065
0.8113
0.8065
0.8113
0.8113
0.8162
0.8065
0.8065
0.7674
0.8065
0.8113
0.8065
0.8065
0.8113
0.8065
0.8113
0.8065
0.8065
0.8065
0.8113
0.8113
0.8113
0.8113
0.8651
0.8113
0.8113
0.8113
0.8065
0.8113
0.8113
0.8113
0.8065
0.8113
0.8113
0.8113
0.8260
0.8113
0.8065
0.8065
0.8113
0.8065
0.8113
0.8113
0.8113
0.8065
0.8113
