0.2151
0.2493
0.2102
0.2102
0.2151
0.2151
0.2199
0.2297
0.2199
0.2102
0.2151
0.2297
0.2151
0.2151
0.2151
0.2102
0.2151
0.2151
0.2151
0.2199
0.2199
0.2248
0.1906
0.2151
0.2102
0.2102
0.2151
0.2199
0.2151
0.2199
0.2151
0.2151
0.2151
0.1564
0.2590
0.2199
0.2102
0.2151
0.2151
0.2151
0.2151
0.2297
0.2151
0.2199
0.2151
0.2102
0.2688
0.2151
0.2248
0.1564
0.2102
0.2151
0.2151
0.2102
0.2151
0.2151
0.2248
0.1564
0.2151
0.2346
0.2151
0.2151
0.2151
0.2102
0.2199
0.2151
0.2151
0.2248
0.2102
0.2151
0.2786
0.2102
0.2151
0.1564
0.2102
0.2151
0.2444
0.2102
0.2248
0.2151
0.2346
0.2053
0.2102
0.2151
0.2102
0.2102
0.2151
0.2102
0.2151
0.2102
0.2199
0.2199
0.2102
0.2102
0.2248
0.2199
0.2151
0.2151
0.2102
0.2151
0.2151
0.2151
0.2199
0.1906
0.2151
0.2199
0.2102
0.2151
0.2151
0.2102
0.2151
0.2395
0.2151
0.2151
0.2151
0.2151
0.1564
0.2151
0.2199
0.2151
0.2151
0.2199
0.2102
0.2151
0.2151
0.2102
0.2199
0.2151
0.2102
0.2786
0.2444
0.2151
0.1564
0.2199
0.2151
0.2102
0.2151
0.2151
0.2151
0.2151
0.2053
0.2102
0.2102
0.2004
0.2151
0.2102
0.2151
0.2444
0.2151
0.2151
0.2151
0.2151
0.2151
0.2297
0.2151
0.2639
0.2053
0.2199
0.1955
0.2151
0.2151
0.2199
0.2151
0.2151
0.2102
0.2151
0.2102
0.1955
0.2102
0.2102
0.2102
0.2151
0.2199
0.2151
0.2248
0.2102
0.2151
0.2199
0.2151
0.2151
0.2151
0.2102
0.2151
0.2151
0.2151
0.2102
0.2102
0.2151
0.2395
0.2151
0.2102
0.2053
0.2102
0.2151
0.2151
0.2004
0.2102
0.1955
0.2199
0.1955
0.2151
0.2151
0.2102
0.2151
0.2151
0.2151
0.2151
0.2151
0.2151
0.2199
0.2151
0.2151
0.2199
0.2151
0.2102
0.2102
0.2102
0.2248
0.2151
0.2151
0.2151
0.2151
0.2151
0.2102
0.2151
0.2199
0.2151
0.2151
0.2346
0.2102
0.2102
0.2151
0.2151
0.1955
0.2102
0.2151
0.2199
0.2151
0.2151
0.2688
0.2151
0.2151
0.2151
0.1955
0.2151
0.2199
0.2151
0.5621
0.2151
0.2151
0.2004
0.2151
0.2102
0.2102
0.2151
0.2151
0.2151
0.2102
0.2151
0.2151
0.2199
0.2151
0.2248
0.2102
0.2102
0.2151
0.2151
0.2151
0.2151
0.2151
0.2102
0.2199
0.2102
0.2102
0.2297
0.2102
0.2151
0.1955
0.2151
0.2151
0.2151
0.2151
0.2688
0.2151
0.2151
0.1564
0.2151
0.2248
0.2151
0.2102
0.2151
0.2151
0.2151
0.2151
0.2102
0.2151
0.2102
0.2151
0.2786
0.2151
0.2102
0.2151
0.2151
0.2151
0.2151
0.2151
0.2395
0.2151
0.2199
0.2102
0.2102
0.2151
0.2151
0.2151
0.2151
0.2151
0.2102
0.2151
0.2102
0.2151
0.1564
0.2199
0.2199
0.2102
0.2199
0.2102
0.2102
0.2151
0.2102
0.2199
0.2151
0.2151
0.2151
0.2786
0.2102
0.2151
0.1955
0.2151
0.2151
0.2151
0.2102
0.2151
0.2102
0.2102
0.2004
0.2151
0.2151
0.2151
0.2151
0.2248
0.2151
0.2102
0.2151
0.2102
0.2151
0.2297
0.2151
0.2004
0.2102
0.2102
0.2053
0.2151
0.2151
0.2199
0.2151
0.2199
0.2151
0.2102
0.2053
0.2151
0.2199
0.2151
0.2102
0.2102
0.2151
0.2199
0.2151
0.2151
0.2199
0.2151
0.2151
0.2199
0.2102
0.2102
0.2102
0.2151
0.2151
0.2248
0.2151
0.2346
0.2102
0.2151
0.2297
0.2102
0.2151
0.1564
0.2151
0.2102
0.2151
0.2102
0.2102
0.2151
0.2102
0.1564
0.2151
0.2297
0.2102
0.2151
0.2151
0.2151
0.2151
0.2151
0.2151
0.2151
0.2151
0.2199
0.2199
0.2102
0.2151
0.2102
0.2199
0.2102
0.2151
0.2102
0.2102
0.2151
0.2102
0.2102
0.2151
0.2297
0.1955
0.2199
0.2151
0.2151
0.2297
0.2102
0.2835
0.2248
0.2151
0.2102
0.2004
0.1906
0.2151
0.2688
0.1955
0.1955
0.1955
0.1906
0.2151
0.2102
0.1955
0.2297
0.2151
0.1955
0.1760
0.1906
0.2102
0.2102
0.2151
0.1955
0.2199
0.2102
0.1906
0.2151
0.1955
0.2102
0.1955
0.2151
0.2053
0.2151
0.2151
0.2199
0.1955
0.2151
0.2151
0.1955
0.1955
0.2102
0.2639
0.1906
0.2151
0.1369
0.2151
0.2151
0.2199
0.2102
0.2590
0.2151
0.1955
0.2004
0.2151
0.2102
0.2053
0.2102
0.2102
0.2151
0.1955
0.2102
0.2151
0.2395
0.1955
0.1906
0.2004
0.2151
0.1955
0.2151
0.2053
0.2102
0.1906
0.1906
0.2199
0.2151
0.2151
0.2102
0.2151
0.1906
0.1760
0.2151
0.1906
0.2151
0.2151
0.2151
0.2395
0.2151
0.1564
0.2102
0.2151
0.2199
0.2151
0.2248
0.1955
0.2151
0.1955
0.2053
0.2004
0.1955
0.1955
0.2590
0.2346
0.1955
0.1369
0.2151
0.2102
0.1955
0.1955
0.2151
0.2151
0.2248
0.2346
0.2102
0.2151
0.2151
0.2102
0.1955
