0.1124
0.1320
0.1173
0.1124
0.1320
0.1124
0.1124
0.1173
0.1320
0.1369
0.0929
0.1124
0.1320
0.1320
0.1173
0.1124
0.1320
0.1124
0.1173
0.1173
0.1417
0.1320
0.1124
0.1124
0.1124
0.1320
0.1173
0.1417
0.1173
0.1124
0.1369
0.1711
0.1320
0.1075
0.0684
0.1320
0.1124
0.1124
0.1124
0.1369
0.1173
0.1124
0.1124
0.1320
0.1515
0.1515
0.1515
0.1613
0.1515
0.1320
0.1515
0.1515
0.1515
0.1515
0.1515
0.1613
0.1515
0.1515
0.1515
0.1515
0.1515
0.1173
0.1515
0.1711
0.1515
0.1613
0.1515
0.1515
0.1515
0.1369
0.1515
0.1515
0.1711
0.1515
0.1613
0.1515
0.1564
0.1515
0.1515
0.1857
0.1515
0.1515
0.1515
0.1564
0.1711
0.2053
0.1515
0.1515
0.1515
0.1320
0.1564
0.1515
0.1515
0.2199
0.1271
0.1369
0.1417
0.1515
0.1711
0.1515
0.1515
0.1515
0.1564
0.1320
0.1515
0.1515
0.1515
0.1515
0.1857
0.1515
0.1515
0.1515
0.1515
0.1564
0.1369
0.1857
0.1515
0.1515
0.1417
0.1515
0.2444
0.1515
0.1320
0.0978
0.1515
0.1515
0.1515
0.1515
0.1613
0.1515
0.1515
0.1222
0.1564
0.1564
0.1515
0.1515
0.1564
0.1515
0.1515
0.1515
0.1515
0.1564
0.1515
0.1369
0.1564
0.1515
0.1369
0.1515
0.1564
0.1320
0.1515
0.1515
0.1466
0.1564
0.1515
0.1662
0.1515
0.1515
