0.4545
0.4545
0.4545
0.4545
0.4594
0.4545
0.4643
0.5621
0.4545
0.4545
0.4497
0.4497
0.4545
0.4545
0.4545
0.4545
0.4545
0.4936
0.4545
0.4545
0.5181
0.4594
0.4545
0.4545
0.4545
0.4643
0.4545
0.4545
0.4643
0.4545
0.4545
0.4497
0.4545
0.4545
0.4545
0.4545
0.4545
0.4545
0.4545
0.4301
0.4545
0.5181
0.4545
0.4545
0.4545
0.4545
0.4497
0.4594
0.4545
0.5132
0.4985
0.4594
0.4106
0.4594
0.4594
0.4545
0.4545
0.4545
0.4545
0.4545
0.4545
0.4545
0.5181
0.4497
0.4643
0.4008
0.4545
0.4497
0.4545
0.4545
0.4643
0.4545
0.4545
0.4545
0.4545
0.4545
0.4350
0.4301
0.4350
0.4350
0.4448
0.4594
0.4154
0.4252
0.4203
0.4154
0.4154
0.4154
0.4301
0.4252
0.4154
0.4106
0.4154
0.4350
0.4350
0.4350
0.4350
0.4350
0.4350
0.4399
0.4154
0.4399
0.4350
0.4350
0.4350
0.4350
0.4350
0.4399
0.4350
0.4350
0.4350
0.4350
0.4790
0.4350
0.4448
0.4448
0.4350
0.4301
0.4350
0.4350
0.4350
0.4350
0.4643
0.4350
0.4350
0.4301
0.4399
0.4301
0.4350
0.4350
0.4350
0.4350
0.4350
0.4350
0.4350
0.4448
0.4350
0.4350
0.4350
0.4350
0.4350
0.4350
0.4301
0.4350
0.4399
0.4350
0.4350
0.4350
0.4350
0.4350
0.4350
0.4350
0.4350
0.4936
0.4350
0.4350
0.3910
0.4301
0.4350
0.4350
0.4350
0.4350
0.4350
0.4448
0.4350
0.4448
0.4936
0.4301
0.4350
0.3910
0.4350
0.4350
0.4350
0.4350
0.4301
0.4350
0.4350
0.4497
0.4350
0.4350
0.4594
0.4399
0.4350
0.4350
