0.4643
0.4350
0.4350
0.3763
0.4154
0.4350
0.4350
0.4350
0.4350
0.4350
0.4350
0.4350
0.4350
0.4985
0.4350
0.4350
0.4497
0.4399
0.4350
0.4350
0.4350
0.4301
0.4350
0.4399
0.4350
0.4399
0.4350
0.4350
0.4350
0.4350
0.4350
0.4448
0.4350
0.4350
0.3910
0.4301
0.4350
0.4350
0.4350
0.4643
0.4350
0.4350
0.4301
0.4301
0.4985
0.4350
0.4350
0.4350
0.4301
0.4350
0.4350
0.4350
0.3812
0.4350
0.4350
0.4350
0.4350
0.4350
0.4350
0.4350
0.4350
0.4350
0.5181
0.4350
0.4350
0.3910
0.4350
0.4350
0.4350
0.4350
0.4350
0.4350
0.4399
0.4350
0.4350
0.4350
0.4350
0.4399
0.4399
0.4350
0.4350
0.4350
0.4350
0.3812
0.4350
0.4448
0.4301
0.4350
0.4692
0.4350
0.4497
0.4545
0.4350
0.4448
0.4790
0.4350
0.3812
0.4350
0.4399
0.4350
0.4350
0.4350
0.4350
0.4350
0.4301
0.4350
0.4350
0.4301
0.4301
0.4350
0.4350
0.4448
0.4350
0.4350
0.4350
0.4448
0.4350
0.4350
0.4350
0.4350
0.4350
0.4350
0.4301
0.4399
0.4497
0.4350
0.4399
0.4350
0.4301
0.4350
0.4350
0.4350
0.4448
0.4350
0.4350
0.4350
0.4399
0.4350
0.4350
0.4399
0.4399
0.4350
0.4399
0.4350
0.4350
0.4350
0.4839
0.4350
0.4350
0.4399
0.4301
0.4545
0.4350
0.4301
0.4350
0.4448
0.4350
0.4350
0.4350
0.4350
0.4399
0.4350
0.4350
0.4448
0.4350
0.4399
0.4350
0.4350
0.4350
0.4350
0.4350
0.4350
0.4350
0.4350
0.4350
0.4350
0.4545
0.4350
0.4399
0.4350
0.4350
0.4350
0.4399
0.4350
0.4301
0.4301
0.4350
0.4399
0.4301
0.4350
0.4350
0.4839
0.4350
0.4350
0.4643
0.4350
0.4350
0.4350
0.4301
0.4350
0.4350
0.4350
0.4350
0.4350
0.4399
0.4350
0.4350
0.4350
0.4301
0.4350
0.4350
0.4350
0.4643
0.4350
0.4643
0.4301
0.4350
0.4350
0.4301
0.4399
0.4350
0.4350
0.4350
0.4350
0.4350
0.4643
0.4350
0.4399
0.4350
0.4350
0.4350
0.5132
0.4350
0.4350
0.4350
0.4545
0.4350
0.4301
0.4350
0.4350
0.4350
0.4350
0.4350
0.4888
0.4399
0.4399
0.3910
0.4350
0.4350
0.4350
0.4350
0.4301
0.4399
0.4350
0.4301
0.4399
0.4643
0.4350
0.4350
0.4350
0.4350
0.4350
0.4350
0.4350
0.3812
0.4350
0.4399
0.4497
0.4399
0.4350
0.4301
0.4399
0.4350
0.4350
0.4448
0.4350
0.4350
0.3812
0.4350
0.4350
0.4350
0.4399
0.4350
0.4350
0.4350
0.4399
0.4350
0.4985
0.4350
0.4350
0.4350
0.4350
0.4350
0.4350
0.4399
0.4301
0.4350
0.4350
0.4350
0.4350
0.4350
0.4301
0.4399
0.4350
0.4350
0.4497
0.4350
0.4399
0.3812
0.4350
0.4399
0.4350
0.4350
0.4350
0.4350
0.4399
0.4350
0.4350
0.5181
0.4350
0.4497
0.4350
0.4350
0.4399
0.4350
0.4350
0.4301
0.4350
0.4350
0.4350
0.4350
0.4350
0.4350
0.4350
0.4350
0.4448
0.4399
0.4350
0.4350
0.3910
0.4350
0.4301
0.4350
0.4350
0.4350
0.4350
0.4399
0.4350
0.4399
0.4350
0.4301
0.4399
0.4350
0.4301
0.4839
0.4350
0.4790
0.4301
0.4350
0.4350
0.4350
0.4741
0.4350
0.4350
0.4350
0.4301
0.4350
0.4252
0.4301
0.4154
0.3617
0.3910
0.3910
0.4008
0.3959
0.3910
0.4008
0.4008
0.3959
0.4154
0.3959
0.3959
0.4154
0.4154
0.4154
0.4741
0.4154
0.3959
0.3910
0.4154
0.4203
0.4154
0.4154
0.4154
0.4154
0.4154
0.4154
0.4252
0.4252
0.4154
0.4154
0.4154
0.4350
0.4154
0.4154
0.4154
0.3715
0.4252
0.4154
0.4106
0.4154
0.4154
0.4203
0.4154
0.4203
0.4154
0.4741
0.4154
0.4203
0.3910
0.4154
0.4154
0.4154
0.4154
0.4154
0.4203
0.4154
0.4106
0.4154
0.4643
0.4154
0.4106
0.4154
0.4106
0.4203
0.4154
0.4154
0.3568
0.4154
0.4154
0.4106
0.4106
0.4154
0.4154
0.4154
0.4106
0.4154
0.4741
0.4154
0.4154
0.3910
0.4154
0.4154
0.4252
0.4154
0.4106
0.4252
0.4399
0.4154
0.4154
0.4106
0.4106
0.4154
0.4154
0.4154
0.4203
