0.9482
0.9042
0.9433
0.9482
0.9482
0.9482
0.9433
0.9482
0.9433
0.9482
0.9482
0.9433
0.9482
0.9433
0.9482
0.9482
1.0020
0.9433
0.9433
1.0068
0.9433
0.9433
1.0020
0.9433
0.9482
0.9726
0.9482
0.9482
0.9482
0.9433
0.9433
0.9433
0.9433
0.9433
0.9433
0.9482
0.9433
0.9482
0.9482
0.9482
1.0117
0.9482
0.9482
1.0117
0.9433
0.9433
1.0117
0.9433
0.9482
1.0117
0.9482
0.9482
0.9482
0.9433
0.9433
0.9482
0.9433
0.9433
0.9482
0.9482
0.9433
0.9433
0.9433
0.9433
0.9580
0.9482
0.9482
0.9580
0.9433
0.9482
0.9580
0.9482
0.9482
0.9629
0.9433
0.9433
0.9482
0.9433
0.9433
0.9482
0.9433
0.9433
0.9433
0.9482
0.9433
0.9482
0.9482
0.9433
1.0117
0.9433
0.9482
1.0117
0.9482
0.9433
1.0068
0.9482
0.9433
1.0068
0.9433
0.9482
0.9482
0.9433
0.9433
0.9433
0.9433
0.9433
0.9482
0.9482
0.9433
0.9433
0.9433
0.9433
0.9726
0.9433
0.9482
0.9726
0.9433
0.9433
0.9629
0.9433
0.9482
0.9629
0.9433
0.9433
0.9482
0.9433
0.9482
0.9433
0.9482
0.9482
0.9482
0.9482
0.9482
0.9482
0.9482
0.9482
0.8993
0.9482
0.9482
0.9384
0.9433
0.9433
0.9384
0.9433
0.9433
0.9433
0.9433
0.9042
0.9042
0.8847
0.8847
0.8651
0.8700
0.8749
0.8700
0.8700
0.8798
0.8700
0.8700
0.9238
0.8651
0.8700
0.8847
0.8651
0.8700
0.8700
0.8651
0.8700
0.8700
0.8651
0.8700
0.8700
0.8700
0.8749
0.8651
0.8700
0.8749
0.8700
0.8700
0.8700
0.8700
0.8700
0.8700
0.8700
0.8700
0.8700
0.8700
0.8749
0.8651
0.8651
0.8700
0.8651
0.8651
0.8749
0.8651
0.8700
0.8700
0.8700
0.8700
0.8700
0.8700
0.8700
0.8700
0.8700
0.8700
0.8651
0.8651
0.8749
0.8700
0.8700
0.8700
0.8700
0.8651
0.8700
0.8651
0.8700
0.8700
0.8700
0.8651
0.8700
0.8700
0.8700
0.8211
0.8651
0.8700
0.8700
0.8700
