0.8065
0.8065
0.8065
0.8065
0.8162
0.8162
0.8113
0.8211
0.7625
0.8113
0.8065
0.8065
0.8456
0.8113
0.8065
0.8113
0.8113
0.8065
0.8553
0.8113
0.8065
0.7869
0.7674
0.7478
0.7478
0.7527
0.7087
0.7527
0.7576
0.7478
0.7722
0.7674
0.7674
0.7771
0.7625
0.8162
0.7820
0.7722
0.7674
0.7527
0.7478
0.7722
0.7527
0.7722
0.7478
0.7527
0.7576
0.7722
0.7527
0.7087
0.7674
0.7722
0.7674
0.7674
0.7674
0.7722
0.7722
0.7674
0.7478
0.7527
0.7478
0.7674
0.7527
0.7967
0.8260
0.7527
0.7722
0.7234
0.7722
0.7527
0.7722
0.7722
0.7771
0.7722
0.7722
0.7478
0.7722
0.8309
0.7771
0.7527
0.7722
0.7674
0.7722
0.7722
0.7527
0.7234
0.7674
0.7527
0.7722
0.7674
0.7722
0.7478
0.7722
0.7478
0.7478
0.8162
0.7527
0.7722
0.7674
0.7674
0.7722
0.7527
0.7674
0.7722
0.7722
0.7576
0.7478
0.7722
0.7820
0.7478
0.7722
0.7527
0.7674
0.7722
0.7478
0.7722
0.7625
0.7722
0.7722
0.7674
0.7674
