0.5670
0.5279
0.5718
0.5767
0.5670
0.5718
0.5718
0.5670
0.5767
0.5718
0.5718
0.6061
0.5718
0.5718
0.5670
0.5718
0.5718
0.5718
0.5718
0.5670
0.5670
0.5767
0.5670
0.5718
0.5816
0.5670
0.5718
0.5523
0.5670
0.5474
0.5523
0.5523
0.4790
0.5376
0.5327
0.5279
0.5327
0.5327
0.5327
0.5327
0.5523
0.5376
0.5425
0.5376
0.5327
0.5327
0.5279
0.5474
0.5327
0.5327
0.5327
0.5327
0.5327
0.4888
0.5327
0.5425
0.6109
0.6012
0.5327
0.5327
0.5376
0.5327
0.5327
0.5914
0.5523
0.5327
0.5083
0.5327
0.5327
0.5327
0.5327
0.5327
0.5279
0.5376
0.5327
0.5327
0.6207
0.5327
0.5327
0.5327
0.5327
0.5327
0.5376
0.5327
0.5327
0.5327
0.5718
0.5327
0.5327
0.5327
0.5327
0.5327
0.5327
0.5327
0.5474
0.5376
0.5376
0.5376
0.5327
0.5327
0.5327
0.5327
0.5327
0.5327
0.5327
0.4790
0.5327
0.5376
0.5327
0.5621
0.5376
0.5327
0.5327
0.5327
0.5327
0.5425
0.5425
0.5327
0.4790
0.5327
0.5376
0.5327
0.5376
