1.1802
1.1802
1.1606
1.1899
1.1655
1.1655
1.1802
1.1802
1.1850
1.1802
1.1850
1.1802
1.1802
1.1095
1.1802
1.1802
1.1802
1.1850
1.1850
1.1802
1.1850
1.1899
1.1802
1.1046
1.1802
1.1802
1.1802
1.1802
1.1850
1.1802
1.1850
1.1802
1.1948
1.1046
1.1802
1.1802
1.1850
1.1850
1.1802
1.1193
1.1850
1.1802
1.1802
1.1802
1.1802
1.1802
1.1095
1.1850
1.1095
1.1144
1.1850
1.1802
1.1850
1.1850
1.1802
1.1850
1.1802
1.1802
1.1290
1.1802
1.1802
1.1802
1.1850
1.1802
1.1802
1.1850
1.1850
1.1850
1.1290
1.1802
1.1802
1.1802
1.1802
1.1802
1.1802
1.1850
1.1802
1.1850
1.1290
1.1850
1.1802
1.1144
1.1948
1.1388
1.1850
1.1850
1.1802
1.1850
1.1802
1.1802
