0.6647
0.6647
0.6256
0.6696
0.6745
0.6647
0.6647
0.6696
0.6647
0.6696
0.6696
0.6647
0.7283
0.6696
0.6696
0.7038
0.6696
0.6696
0.6647
0.6696
0.6696
0.6696
0.6696
0.6696
0.6647
0.6989
0.6696
0.6696
0.6696
0.6647
0.6696
0.6647
0.6647
0.6012
0.6500
0.6500
0.6500
0.6305
0.6305
0.6256
0.6305
0.6256
0.6305
0.6403
0.6256
0.6256
0.6305
0.6305
0.6305
0.6305
0.6305
0.6305
0.6305
0.6354
0.6305
0.6256
0.5865
0.6305
0.6256
0.6305
0.6256
0.6403
0.6305
0.6305
0.6256
0.6256
0.6305
0.6256
0.6305
0.6305
0.6305
0.6696
0.6305
0.6305
0.5767
0.6256
0.6305
0.6256
0.6256
0.6305
0.6256
0.6256
0.6256
0.6354
0.6989
0.6598
0.6305
0.6305
0.6256
0.6305
0.6256
0.6256
0.6305
0.6305
0.6500
0.6354
0.6305
0.6305
0.6256
0.6305
0.6305
0.6305
0.6891
0.6305
0.6305
0.6891
0.6256
0.6305
0.6256
0.6305
0.6305
0.6305
0.6500
0.6305
0.6305
0.5865
0.6256
0.6305
0.6354
0.6305
0.6354
0.6305
0.6305
0.6256
0.6305
0.6305
0.6256
0.6452
0.6256
0.6305
0.6500
0.6305
0.6256
0.6256
0.6305
0.6305
0.6256
0.6305
0.6305
0.6305
0.6354
0.6305
0.6305
0.6305
0.6256
