0.3324
0.3470
0.3275
0.3470
0.3519
0.3372
0.3519
0.3568
0.3324
0.3568
0.3470
0.3519
0.3519
0.3519
0.3519
0.3324
0.3324
0.4106
0.3519
0.3519
0.3128
0.3715
0.3568
0.3275
0.3324
0.3275
0.3324
0.3275
0.3324
0.3324
0.3421
0.3275
0.3324
0.2737
0.3372
0.3079
0.3324
0.3128
0.3079
0.3128
0.3128
0.3128
0.3128
0.3128
0.3079
0.3079
0.3128
0.3079
0.3177
0.3128
0.3079
0.3128
0.3128
0.3128
0.3128
0.3128
0.3079
0.3128
0.3275
0.3079
0.3128
0.3128
0.3421
0.3128
0.3128
0.3128
0.3421
0.3128
0.3128
0.3226
0.3128
0.3128
0.2737
0.3128
0.3324
0.3128
0.3275
0.3324
0.3079
0.3079
0.3128
0.3128
0.3372
0.3079
0.3421
0.3128
0.3128
0.3128
0.3324
0.3128
0.3079
0.3275
0.3128
0.3128
0.3128
0.3128
0.3128
0.3079
0.3324
0.3079
0.3079
0.3128
0.3324
0.3666
0.3128
0.3128
0.3128
0.3128
0.3128
0.3128
0.3275
0.3275
0.3128
0.3177
0.3275
0.3324
0.3715
0.3079
0.3079
0.3079
0.3128
0.3128
0.3324
0.3128
0.3470
0.3079
0.3128
0.3128
0.3079
0.3177
