0.1369
0.1515
0.1564
0.1515
0.1320
0.1369
0.1564
0.1613
0.1515
0.1515
0.1320
0.1515
0.1515
0.1564
0.1320
0.1564
0.1564
0.1515
0.1613
0.1320
0.1515
0.1613
0.1320
0.1369
0.1320
0.1320
0.1515
0.1320
0.1369
0.1515
0.1564
0.1515
0.0978
0.1320
0.1369
0.1515
0.1320
0.1320
0.1515
0.1515
0.1320
0.1320
0.1515
0.1515
0.1320
0.1417
0.1320
0.1320
0.1369
0.1320
0.1515
0.1320
0.1515
0.1515
0.1564
0.1515
0.1906
0.1320
0.1515
0.1222
0.1271
0.1515
0.1369
0.1515
0.1320
0.1320
0.1271
0.1906
0.1564
0.1515
0.0782
0.1564
0.1564
0.1320
0.1515
0.1515
0.1515
0.1515
0.1564
0.1369
0.1369
0.1564
0.1515
0.1613
0.1320
0.1564
0.1515
0.1515
0.1417
0.1320
0.1320
0.1369
0.1369
0.1320
0.1906
0.1369
0.1760
0.0880
0.1320
0.1369
0.1711
0.1271
0.1369
0.1564
0.1369
0.1466
0.1564
0.1515
0.1564
0.1369
0.1320
0.1613
0.1320
0.1515
0.1320
0.1515
0.1515
0.1320
0.1515
0.1515
0.1564
0.1613
0.1515
0.1515
0.1515
0.1271
0.1515
0.1515
0.1320
0.1369
0.1760
0.1515
0.2639
0.1515
0.1662
0.1173
0.1320
0.1369
0.1124
0.1466
0.1320
0.1320
0.1320
0.1515
0.1369
0.1320
0.0782
0.1320
0.1515
0.1271
0.1320
0.1320
0.1320
0.1515
0.1320
0.1417
0.1320
0.1320
0.1320
0.1222
0.1515
0.1564
0.1515
0.1515
0.1320
0.1564
0.1515
0.1515
0.1320
0.1320
0.2102
0.1320
0.1564
0.0978
0.1515
0.1515
0.1515
0.1320
0.1271
0.1369
0.1320
0.1711
0.1515
0.1369
0.1564
0.2102
0.2151
0.1906
0.2199
0.2102
0.2102
0.1906
0.2151
0.1906
0.1955
0.1564
0.2835
0.1955
0.2639
0.4545
0.6696
0.8651
0.7478
0.8260
0.9433
0.8456
0.6696
0.6207
0.6305
0.6061
0.6109
0.6305
0.6500
0.8065
0.8504
0.8260
0.8065
0.7136
0.4692
0.3079
0.2297
0.1906
0.1711
0.1515
0.1515
0.1564
0.1808
0.1711
0.2102
0.1613
0.1711
0.1320
0.1515
0.1564
0.1515
0.1515
0.1515
0.1515
0.1515
0.1515
0.1515
0.1320
0.2102
0.1515
0.1515
0.1515
0.1515
0.1515
0.1564
0.1515
0.1760
0.1711
0.1564
0.1564
0.1515
0.1515
0.1613
0.1515
0.1515
0.1906
0.1515
0.1515
0.1515
0.1515
0.1515
0.1711
0.1320
0.1515
0.1320
0.1711
0.1417
0.1320
0.1515
0.2248
0.1515
0.1515
0.1564
0.1564
0.1466
0.1564
0.1515
0.1564
0.1320
0.1711
0.1613
0.1515
0.1515
0.2102
0.1564
0.1515
0.1466
0.1808
0.1515
0.1808
0.1564
0.1515
0.1466
0.1711
0.1417
