0.7478
0.7136
0.7136
0.7136
0.7136
0.7087
0.7038
0.7136
0.7283
0.7087
0.7136
0.7380
0.7087
0.7185
0.7087
0.7185
0.7918
0.7136
0.7087
0.7087
0.6843
0.7038
0.6647
0.6696
0.6696
0.6696
0.7283
0.6647
0.6696
0.6256
0.6696
0.6696
0.6696
0.6647
0.6696
0.6647
0.6696
0.6647
0.6696
0.6696
0.6696
0.6647
0.6696
0.6647
0.6745
0.6696
0.6696
0.6256
0.6794
0.6696
0.6696
0.6647
0.6696
0.6696
0.6696
0.6696
0.6696
0.6843
0.6696
0.6696
0.6256
0.6647
0.6647
0.6696
0.6647
0.6989
0.6696
0.6696
0.6696
0.6794
0.6696
0.6696
0.6647
0.6696
0.6696
0.6696
0.6696
0.6696
0.6745
0.6696
0.6696
0.6696
0.6647
0.6696
0.6696
0.6696
0.6696
0.6647
0.6794
0.6696
0.6696
0.6696
0.6647
0.6696
0.6696
0.6989
0.7283
0.6891
0.6696
0.6745
0.6696
0.6647
0.6647
0.6696
0.6696
0.6696
0.6696
0.6696
0.6989
0.7380
0.6696
0.6696
0.6696
0.6647
0.6647
