0.1515
0.1515
0.1515
0.1613
0.1564
0.1515
0.1515
0.1808
0.1515
0.1515
0.0929
0.1271
0.1515
0.1711
0.1515
0.1515
0.1564
0.1515
0.1906
0.1564
0.1515
0.1613
0.1955
0.1711
0.1515
0.1515
0.1760
0.1515
0.1515
0.1515
0.1711
0.1515
0.1564
0.1564
0.2102
0.1515
0.1515
0.0978
0.1515
0.1515
0.1515
0.1906
0.2981
1.2903
1.3148
0.9531
0.8847
0.8651
0.8602
0.8847
1.0459
0.9384
0.4350
0.1711
0.1564
0.1515
0.1515
0.1711
0.1711
0.1515
0.1515
0.1515
0.1515
0.1515
0.1564
0.1466
0.1515
0.1515
0.1515
0.1564
0.1369
0.1515
0.1320
0.1320
0.1515
0.1564
0.1320
0.1564
0.1613
0.1515
0.1515
0.1320
0.1564
0.0978
0.1564
0.1515
0.1564
0.1564
0.1320
0.1711
0.1808
0.1564
0.1515
0.1515
0.1515
0.1515
0.1711
0.1515
0.1515
0.1564
0.1515
0.1515
0.1417
0.1515
0.1564
0.1564
0.1369
0.2199
0.1515
0.1515
0.0929
0.1760
0.1369
0.1564
0.1515
0.1515
0.1564
0.1515
0.1417
0.1515
0.1515
0.1515
0.1564
0.1515
0.1271
0.1711
0.1515
0.1515
0.1760
0.1564
0.1564
0.1760
0.1515
0.1515
0.1515
0.1564
0.1564
0.1564
0.1564
0.1515
0.1515
0.1515
0.1417
0.1515
0.1515
0.1417
0.1515
0.1564
0.1564
0.1564
0.1515
0.1515
0.1515
0.1613
0.1564
0.1515
0.0831
