0.3226
0.3128
0.3128
0.3617
0.3128
0.3128
0.3128
0.3079
0.3079
0.3177
0.3128
0.3470
0.3128
0.3079
0.3128
0.3128
0.3177
0.3128
0.3079
0.3128
0.3177
0.3128
0.3128
0.3128
0.5523
0.3079
0.3079
0.3128
0.3128
0.3128
0.3177
0.3079
0.3617
0.3372
0.3128
0.2737
0.3128
0.3128
0.3128
0.3079
0.3128
0.3226
0.3128
0.3079
0.3079
0.3763
0.3128
0.3128
0.2542
0.3128
0.3128
0.3128
0.3128
0.3128
0.3128
0.3079
0.2346
0.2884
0.2933
0.2933
0.2688
0.2737
0.2884
0.2933
0.2737
0.2688
0.2786
0.2933
0.2933
0.2981
0.2884
0.2933
0.2933
0.2933
0.2884
0.2933
0.2933
0.2884
0.2933
0.2933
0.2933
0.2884
0.2933
0.2884
0.2884
0.2688
0.2933
0.2981
0.2884
0.2933
0.3030
0.3177
0.3030
0.2346
0.2884
0.2933
0.2933
0.2933
0.2981
0.2933
0.2933
0.2737
0.2933
0.2933
0.2933
0.2933
0.2933
0.2933
0.2933
0.2933
0.2933
0.2981
0.2884
0.2933
0.2884
0.2884
0.3079
0.2933
0.2933
0.3128
0.2884
0.2933
0.2884
0.2933
0.2981
0.2933
0.3128
0.2933
0.2884
0.3128
0.3128
0.2933
0.3079
0.2933
0.2933
0.3177
0.2933
0.3128
0.2835
0.2933
0.2884
0.3128
0.2884
0.2933
0.2933
0.2933
0.2542
0.3079
0.2933
0.3079
0.3079
0.3372
0.2884
0.2933
0.2933
