1.0850
1.0850
1.0850
1.0850
1.0802
1.0802
1.0850
1.0850
1.0850
1.0899
1.0802
1.0850
1.0850
1.0850
1.0850
1.0802
1.0655
1.0459
1.0264
1.0264
1.0068
1.0068
1.0166
1.0068
1.0068
1.0117
1.0068
1.0117
1.0117
0.9775
1.0068
1.0117
1.0264
1.0068
1.0117
1.0508
1.0117
1.0068
1.0753
1.0068
1.0068
1.0117
1.0068
1.0117
1.0068
1.0068
1.0068
1.0117
1.0068
1.0068
1.0117
1.0117
1.0068
1.0117
1.0117
1.0117
1.0117
1.0117
1.0068
1.0117
1.0068
1.0068
1.0117
1.0459
1.0068
1.0117
1.0166
1.0117
1.0117
1.0166
1.0068
1.0117
1.0117
0.9677
1.0068
1.0068
1.0166
1.0068
1.0068
1.0313
1.0068
1.0068
1.0117
1.0068
1.0068
1.0068
1.0068
1.0117
1.0068
1.0068
1.0068
1.0117
1.0068
1.0068
1.0117
1.0068
1.0068
1.0117
1.0068
1.0068
1.0117
1.0068
1.0068
1.0117
1.0264
