0.1711
0.1711
0.1760
0.1760
0.1515
0.1711
0.2297
0.1711
0.1711
0.1173
0.1515
0.1564
0.1760
0.1906
0.1564
0.1711
0.1760
0.1711
0.1711
0.1711
0.1173
0.2102
0.1515
0.2102
0.1515
0.1760
0.1760
0.1711
0.1711
0.1711
0.1760
0.1515
0.1515
0.1760
0.1515
0.1662
0.1906
0.1711
0.1515
0.1760
0.1711
0.1760
0.1515
0.1760
0.2248
0.1760
0.1760
0.1662
0.1711
0.1711
0.1711
0.1466
0.1760
0.1711
0.1711
0.1955
0.2004
0.1711
0.1662
0.1711
0.1760
0.1662
0.1466
0.2053
0.1711
0.1515
0.1808
0.1711
0.1711
0.1075
0.1515
0.1760
0.1711
0.1711
0.1711
0.1711
0.1760
0.2053
0.1711
0.1515
0.1711
0.1760
0.1515
0.1711
0.1711
0.1808
0.1711
0.1711
0.1711
0.1711
0.1515
0.1760
0.1711
0.1760
0.1515
0.1760
0.2297
0.1711
0.1515
0.1369
0.1760
0.1711
0.1711
0.1515
0.1711
0.1711
0.1711
0.2199
0.1760
0.1564
0.1564
0.1515
0.1662
0.1564
0.1711
0.1711
0.1711
0.1760
0.1711
0.1711
0.1711
0.1564
0.1515
0.1711
0.1662
0.1711
0.1760
0.1711
0.1711
0.1711
0.1711
0.1515
0.1711
0.1760
0.1760
0.1711
0.1711
0.2297
0.1515
0.1711
0.1711
0.1711
0.1711
0.1564
0.1711
0.1760
0.1711
0.1711
0.2248
0.1515
0.1515
0.0978
0.1711
0.1711
0.1760
0.1711
0.1711
0.1515
0.1711
0.1662
0.1711
0.1564
0.1173
0.1760
0.1760
0.1711
0.2004
0.1711
0.1711
0.1711
0.1711
0.1711
0.1760
0.1711
0.1711
0.1808
0.1711
0.1711
0.1564
0.1760
0.1711
0.1808
0.1711
0.1711
0.1711
0.1564
0.1808
0.1906
0.1760
0.1662
0.1466
0.1711
0.1564
0.1711
0.1760
0.1711
0.1711
0.1808
0.1662
0.1711
0.1662
0.1711
0.2004
0.1662
0.1711
0.1711
0.1711
0.1711
0.1711
0.1711
0.1760
0.1711
0.1760
0.1711
0.1711
0.1711
0.1515
0.1711
0.1466
0.1711
0.1760
0.1711
0.1515
0.1760
0.1760
0.1711
0.1515
0.1711
0.1711
0.1760
0.1711
0.1760
0.1760
0.1711
0.1515
0.1515
0.1760
0.1711
0.1808
0.1760
0.1711
0.1613
0.1711
0.1760
0.1662
0.1760
0.1760
0.1711
0.1711
0.1515
0.1613
0.1711
0.1564
0.1662
0.1711
0.1760
0.1711
0.1662
0.1515
0.1760
0.1515
0.1760
0.1760
0.1711
0.1711
0.1760
0.1515
0.1711
0.1613
0.1711
0.1711
0.1711
0.1515
0.1711
0.1711
0.2053
0.1711
0.1711
0.1711
0.1760
0.1564
0.1711
0.1613
0.1515
0.1760
0.1711
0.1711
0.1760
0.1515
0.1711
0.2297
0.1515
0.1515
0.1613
0.1711
0.1711
0.1711
0.1711
0.1711
0.1711
0.1564
0.1711
0.1760
0.1711
0.1613
0.1711
0.1515
0.1955
0.1711
0.1760
0.1515
0.1711
0.1711
0.1711
0.1515
0.1760
0.1564
0.1711
0.1564
0.1515
0.1613
0.1662
0.1711
0.1760
0.1515
0.1711
0.2004
0.1711
0.1760
0.1760
0.1711
0.1857
0.1711
0.1760
0.1466
0.1711
0.1760
0.1564
0.1711
0.1711
0.1711
0.1711
0.2102
0.1808
0.1515
0.1564
0.1711
0.1760
0.1515
0.1711
0.1760
0.1760
0.1711
0.1711
0.1711
0.1711
0.1515
0.1711
0.1760
0.1711
0.1662
0.1711
0.1515
0.1515
0.1760
0.1515
0.1711
0.1711
0.1808
0.1760
0.1515
0.1515
0.1808
0.1515
0.1711
0.1711
0.1711
0.1711
0.1711
0.1711
0.1760
0.1515
0.1857
0.1808
0.2004
0.1515
0.1662
0.1662
0.1760
0.1515
0.1711
0.1906
0.1711
0.1760
0.1760
0.1711
0.1711
0.1173
0.1564
0.1760
0.1711
0.1760
0.1760
0.1515
0.1711
0.1760
0.1711
0.1808
0.1760
0.1564
0.1760
0.1711
0.1760
0.2102
0.1711
0.1760
0.1711
0.1760
0.1711
0.1515
0.1711
0.1515
0.1711
0.1515
0.1711
0.1711
0.1760
0.0978
0.1711
0.1515
0.1760
0.1760
0.1711
0.1760
0.1711
0.1613
0.1857
0.1760
0.1662
0.1711
0.1711
0.1760
0.1760
0.1711
0.1711
0.1711
0.1711
0.1564
0.1760
0.1515
0.2004
0.1613
0.1808
0.1711
0.1711
0.1711
0.1711
0.2053
0.1808
0.1760
0.1808
0.1515
0.2297
0.1711
0.1564
0.1613
0.1564
0.1515
0.1760
0.1760
0.1711
0.1760
0.1515
0.2199
0.1711
0.1515
0.1173
0.1711
0.1760
0.1515
0.1760
0.1564
0.1711
0.1711
0.1857
0.1515
0.1711
0.0978
0.1515
0.1515
0.1662
0.1711
0.1711
0.1711
0.1711
0.1760
0.1515
0.1711
0.1515
0.1760
0.1760
0.1711
0.17369
0.1515
0.1320
0.1906
0.1320
0.1320
0.1515
0.1320
0.1320
0.1564
0.1515
0.1515
0.1515
0.1515
0.1320
0.1564
0.1564
0.1564
0.1369
0.1515
0.1515
0.1320
0.1515
0.1564
0.1369
0.1417
0.1564
0.1515
0.1271
0.1515
0.1515
0.1369
0.1515
0.1369
0.1564
0.1564
0.1515
0.1515
0.1564
0.1564
0.1515
0.1613
0.1613
0.1320
0.1564
0.1515
0.1320
0.1515
0.1515
0.1515
0.1320
0.1320
0.2053
0.1466
0.1515
0.0978
0.1320
0.1515
0.1515
0.1564
0.1515
0.1515
0.1662
