0.5376
0.5327
0.5376
0.5327
0.5327
0.5425
0.5327
0.5327
0.5327
0.5327
0.5327
0.5327
0.5327
0.5914
0.5327
0.5327
0.4888
0.5327
0.5376
0.5132
0.5181
0.5132
0.5327
0.5132
0.5132
0.5132
0.5767
0.5181
0.5181
0.4692
0.5132
0.5132
0.5132
0.5132
0.5425
0.5132
0.5181
0.5083
0.5132
0.5181
0.5132
0.5279
0.5181
0.5181
0.5181
0.5132
0.5083
0.5425
0.5132
0.5132
0.5132
0.5132
0.5132
0.5132
0.5132
0.5132
0.5083
0.5181
0.5132
0.5083
0.5132
0.5132
0.5083
0.5132
0.5132
0.5230
0.5132
0.5181
0.4692
0.5132
0.5132
0.5132
0.5425
0.5132
0.5132
0.5132
0.5132
0.5181
0.5181
0.5132
0.5083
0.5132
0.5132
0.5132
0.5132
0.5132
0.5718
0.5132
0.5132
0.4692
0.5132
0.5474
0.5132
0.5132
0.5132
0.5132
0.5132
0.5132
0.5132
0.5425
0.5132
0.5132
0.4692
