1.0068
0.9971
1.0068
1.0068
1.0166
1.0068
1.0068
1.0068
1.0704
1.0068
1.0068
1.0068
1.0068
1.0068
1.0068
1.0068
0.9971
1.0068
1.0068
1.0068
1.0068
1.0020
1.0068
1.0655
0.9824
0.9629
0.9384
0.9629
0.9531
0.9482
0.9433
0.9433
0.9433
0.9580
0.9433
0.9433
0.9042
0.9433
0.9433
0.9433
0.9433
0.9531
0.9384
0.9482
0.9433
0.9482
0.9580
0.9384
0.9433
0.9433
0.9433
1.0020
0.9433
0.9433
0.9384
0.9433
0.9433
0.9384
0.9482
0.9433
0.9433
0.9531
0.9531
0.9433
0.9091
0.9433
0.9433
0.9433
0.9482
0.9482
0.9482
0.9482
0.9433
0.9433
0.9629
0.9433
0.9433
0.9433
0.9433
0.9384
0.9482
0.9433
0.9433
0.9433
0.9726
0.9433
0.9580
0.9580
0.9433
0.9580
0.9433
0.9433
0.9384
0.9433
0.9433
0.9433
0.9433
0.9433
0.9433
0.9531
0.9433
0.9384
0.9580
0.9580
0.9433
0.9384
0.9433
0.9384
0.9433
0.9482
0.9384
0.9433
0.9971
0.9433
0.9433
0.9384
0.9531
0.9677
0.9482
0.9482
0.9384
0.9433
0.9433
0.9433
0.9433
0.9433
0.9433
0.9433
0.9433
0.9433
0.9629
0.9433
0.9433
0.9433
0.9384
0.9482
0.9384
0.9433
0.9433
0.9433
0.9726
0.9433
0.9433
0.9433
0.9384
0.9433
