0.1515
0.0782
0.1515
0.1564
0.1320
0.1564
0.1320
0.1564
0.1320
0.1906
0.1515
0.1320
0.1369
0.1564
0.1320
0.1466
0.1369
0.1515
0.1320
0.1369
0.1124
0.1124
0.1320
0.1320
0.1417
0.1320
0.1124
0.1173
0.1222
0.1124
0.1124
0.1564
0.1124
0.1466
0.1466
0.1075
0.0978
0.1369
0.1515
0.1369
0.1369
0.1515
0.1906
0.1124
0.1320
0.1564
0.2004
0.1320
0.1320
0.1515
0.1173
0.1564
0.1320
0.1906
0.1320
0.1320
0.1173
0.1320
0.1320
0.1320
0.1515
0.1564
0.1320
0.1320
0.1906
0.1466
0.1320
0.1222
0.1369
0.1417
0.0831
0.1466
0.1320
0.1564
0.1320
0.1369
0.1124
0.1515
0.1320
0.1320
0.1955
0.0782
0.1515
0.1369
0.1515
0.1515
0.1320
0.1320
0.1320
0.1515
0.1564
0.1515
0.1320
0.1808
0.1417
0.1320
0.1515
0.1564
0.1320
0.1564
0.1124
0.1320
0.1320
0.1173
