0.1417
0.1515
0.1417
0.1320
0.1711
0.1515
0.1515
0.1515
0.1320
0.1515
0.1515
0.1369
0.1564
0.1564
0.1466
0.1564
0.2151
0.1466
0.1711
0.1711
0.1515
0.1515
0.1320
0.1564
0.1613
0.1515
0.1515
0.1515
0.1320
0.1369
0.0782
0.1466
0.1369
0.1369
0.1320
0.1515
0.1515
0.1515
0.0684
0.1564
0.1711
0.1466
0.1711
0.1515
0.1564
0.1515
0.1515
0.1564
0.1320
0.1320
0.1369
0.1222
0.1124
0.1369
0.1320
0.1515
0.1515
0.1564
0.1515
0.1760
0.1515
0.1662
0.2102
0.1515
0.1564
0.0880
0.1515
0.1515
0.1515
0.1760
0.1515
0.1564
0.1515
0.1564
0.1515
0.1564
0.1515
0.1515
0.1613
0.1515
0.1466
0.1515
0.1760
0.1515
0.1320
0.1564
0.1515
0.1369
0.1515
0.2102
0.1515
0.1515
0.0880
0.1515
0.1515
0.1564
0.1515
0.1515
0.1515
0.1564
0.1417
0.1515
0.1808
0.1515
0.1515
0.1564
0.1466
0.1515
0.1711
0.1320
0.1564
0.1515
0.1564
0.1613
0.1515
