0.2737
0.2639
0.2688
0.2688
0.2933
0.2688
0.2933
0.2933
0.2688
0.2884
0.2737
0.2737
0.2688
0.2884
0.2737
0.2884
0.2688
0.2688
0.2786
0.2688
0.2688
0.2933
0.2786
0.2737
0.2737
0.2737
0.2737
0.2933
0.2688
0.2737
0.2835
0.2688
0.2737
0.2542
0.2933
0.2737
0.2688
0.2737
0.2737
0.2688
0.2884
0.2737
0.2688
0.2933
0.2884
0.2737
0.3470
0.2737
0.2737
0.2884
0.2737
0.2688
0.2933
0.2688
0.3079
0.2688
0.2884
0.2346
0.2688
0.2688
0.2688
0.2688
0.2688
0.2688
0.2737
0.2688
0.2737
0.2786
0.2688
0.2688
0.2737
0.2493
0.2737
0.2493
0.2542
0.2590
0.2542
0.2542
0.2639
0.2493
0.2493
0.2493
0.2493
0.2493
0.2493
0.2493
0.2493
0.2786
0.2493
0.2493
0.2493
0.3079
0.2688
0.2737
0.2737
0.2688
0.2737
0.3030
0.2737
0.2737
0.2786
0.2835
0.2737
0.2688
0.2688
0.2688
0.2737
0.2737
0.2737
0.2737
0.3030
0.2688
0.3372
0.2737
0.2737
0.2688
0.2688
0.2688
0.2737
0.2737
0.3324
0.2688
0.2737
0.2151
0.2688
0.2737
0.2688
0.2737
0.2688
0.2737
0.2737
0.2688
0.2688
0.2884
0.2688
0.2688
0.3079
0.2688
0.2737
0.2737
0.2688
0.2786
0.2737
0.2737
0.2884
0.2688
0.2737
0.2737
0.2688
0.2737
0.2688
0.2688
0.2688
0.2737
0.2737
0.2688
0.3030
0.2981
0.2688
0.2933
0.2688
0.2688
0.2688
0.2688
0.2688
0.3275
0.2737
0.2737
0.2151
0.2737
0.2688
0.2688
0.2688
0.2688
0.2737
0.2688
0.2688
0.2737
0.2737
0.2688
0.2688
0.3079
0.2737
0.2688
0.2737
0.2688
