0.1906
0.1906
0.1711
0.1906
0.1906
0.1906
0.1906
0.1955
0.1906
0.1906
0.1760
0.1955
0.1711
0.1955
0.2053
0.1906
0.1955
0.1955
0.1955
0.1906
0.1955
0.2053
0.2493
0.1515
0.1369
0.1466
0.1515
0.1760
0.1760
0.1711
0.1760
0.1760
0.1662
0.2493
0.1711
0.1808
0.1369
0.1711
0.1662
0.1711
0.1711
0.1906
0.1760
0.1711
0.1711
0.1711
0.1711
0.1564
0.1760
0.1760
0.1711
0.1711
0.1955
0.1955
0.1711
0.1711
0.1711
0.1760
0.1808
0.1711
0.1955
0.1906
0.1711
0.2395
0.1711
0.1760
0.1760
0.1711
0.1760
0.1711
0.1662
0.2053
0.1955
0.1906
0.1808
0.1906
0.1711
0.1711
0.1711
0.1906
0.1711
0.1906
0.1711
0.1711
0.1711
0.1564
0.2151
0.1711
0.1760
0.1711
0.1760
0.1906
0.1711
0.1760
0.1955
0.1906
0.1711
0.1711
0.1760
0.1711
0.1906
0.2444
0.1711
0.1760
0.1760
0.1906
0.1711
0.1711
0.1760
0.2004
