0.4154
0.3959
0.3617
0.4154
0.4203
0.4154
0.4154
0.4203
0.4154
0.4203
0.4497
0.4106
0.4741
0.4594
0.4106
0.3715
0.4154
0.4154
0.4154
0.4154
0.4154
0.4154
0.4203
0.4154
0.4154
0.4106
0.4203
0.4154
0.4154
0.4154
0.4252
0.3959
0.4203
0.3568
0.4154
0.4154
0.4203
0.4203
0.4154
0.4203
0.4154
0.4594
0.4203
0.4692
0.4154
0.4154
0.4154
0.4154
0.4154
0.4154
0.4154
0.4154
0.4154
0.4154
0.4106
0.4154
0.4106
0.4203
0.4154
0.4154
0.4154
0.4154
0.4008
0.3959
0.3372
0.3715
0.4008
0.3715
0.3715
0.3715
0.3959
0.3959
0.3910
0.3715
0.4350
0.3959
0.3715
0.3715
0.3715
0.3763
0.4008
0.3715
0.3861
0.3666
0.3959
0.3910
0.3715
0.3959
0.4008
0.3763
0.3715
0.3959
0.3763
0.3959
0.3959
0.3959
0.3959
0.3959
0.4008
0.3763
0.3666
0.3959
0.3959
0.3177
0.4057
0.3959
0.3959
0.3715
0.3959
0.3715
0.3763
0.3959
0.3715
0.4545
0.3715
0.3715
0.3910
0.4106
0.3715
0.3959
0.3959
0.3812
0.3715
0.3959
0.3715
0.3715
0.4252
0.3715
0.3959
0.4203
0.3715
0.4008
0.4301
0.3861
0.3421
0.3715
0.3666
0.3959
0.3959
0.3959
0.3715
0.3959
0.3763
0.3715
