0.1515
0.2053
0.1857
0.1515
0.1564
0.1515
0.1369
0.1466
0.1515
0.2297
0.1515
0.1515
0.1760
0.1564
0.1515
0.1515
0.1515
0.1564
0.1466
0.1808
0.1515
0.1515
0.1515
0.1515
0.1564
0.0978
0.1515
0.1515
0.1515
0.1515
0.1515
0.1515
0.1515
0.1515
0.1515
0.1564
0.1173
0.1515
0.1515
0.1760
0.1711
0.2151
0.1711
0.1515
0.1711
0.1564
0.1515
0.1515
0.1564
0.1564
0.1515
0.1564
0.1711
0.1320
0.1369
0.1369
0.1320
0.1369
0.1320
0.1564
0.1417
0.1320
0.1124
0.1320
0.1320
0.1320
0.0978
0.1369
0.1124
0.1124
0.1320
0.1320
0.1173
0.1320
0.0587
0.1124
0.1320
0.1271
0.1320
0.1124
0.1564
0.1124
0.1173
0.1369
0.1124
0.1369
0.1369
0.1124
0.1124
0.1320
0.1515
0.1320
0.1124
0.1124
0.1320
0.1369
0.1515
0.1369
0.1222
0.1124
0.1369
0.1075
0.1320
0.1124
0.1075
0.1320
0.1173
0.1369
0.1320
0.1271
0.1320
0.1124
0.0587
0.1711
0.1369
0.1124
0.1320
0.1320
0.1369
0.1320
0.1173
0.1320
0.1124
0.1124
0.1369
0.1173
0.1320
0.1124
0.1515
0.1320
0.1369
