0.4936
0.5083
0.4936
0.4936
0.4936
0.4936
0.5034
0.4985
0.4985
0.4936
0.4936
0.5425
0.4888
0.4936
0.4888
0.4888
0.4936
0.5083
0.4936
0.4350
0.4936
0.4985
0.4936
0.5034
0.4936
0.4936
0.4985
0.4936
0.4936
0.5034
0.4888
0.4936
0.4448
0.4936
0.5279
0.4936
0.4936
0.4936
0.4936
0.4936
0.4888
0.4936
0.4985
0.4936
0.4741
0.4741
0.4741
0.4790
0.4741
0.4545
0.5132
0.4594
0.4545
0.4106
0.4741
0.4741
0.4692
0.4497
0.4594
0.4545
0.4594
0.4741
0.4545
0.5181
0.4545
0.4741
0.4203
0.4741
0.4741
0.4741
0.4741
0.4839
0.4741
0.4741
0.4790
0.4741
0.4741
0.4692
0.4741
0.4692
0.4741
0.4741
0.4741
0.4741
0.5034
0.4741
0.4741
0.4790
0.4741
0.4692
0.4790
0.4692
0.4741
0.4741
0.4790
0.4741
0.4741
0.4741
0.4741
0.4692
0.4741
0.4692
0.4790
0.4741
0.4741
0.4692
0.4741
0.4741
0.4741
0.4741
0.4741
0.4692
0.4741
0.4741
0.4741
0.4936
0.4741
0.4790
0.5034
0.4741
0.4741
0.4741
0.5083
0.4839
0.4741
0.4741
0.4692
0.4741
0.4790
0.4692
0.4741
0.4790
0.4741
0.4741
0.4790
0.4790
0.4888
0.4741
0.4545
