0.5132
0.5279
0.5132
0.5181
0.5132
0.5132
0.5181
0.5132
0.5132
0.5132
0.5083
0.5083
0.5181
0.5132
0.5132
0.5132
0.5474
0.5425
0.5181
0.5132
0.5132
0.5083
0.5132
0.5132
0.5132
0.5132
0.5132
0.5132
0.5132
0.5572
0.5670
0.5132
0.4936
0.4936
0.4936
0.4985
0.4936
0.4936
0.4839
0.4936
0.5279
0.4888
0.4936
0.4936
0.4985
0.4936
0.4936
0.4936
0.4985
0.4936
0.4936
0.5425
0.4936
0.5132
0.4936
0.4936
0.4936
0.4936
0.4985
0.4888
0.4936
0.4936
0.4936
0.4936
0.4936
0.4985
0.4936
0.4936
0.4936
0.4985
0.4936
0.5034
0.4399
0.4936
0.4936
0.4936
0.4985
0.4936
0.4936
0.4936
0.4692
0.5132
0.5034
0.4888
0.4936
0.4888
0.4936
0.4985
0.4936
0.4936
0.5523
0.4936
0.4936
0.4399
0.4936
0.4936
0.4936
0.5621
0.4936
0.4936
0.4936
0.4936
0.4936
0.5034
0.4936
0.4936
0.4936
0.4936
0.4936
0.4888
0.4936
0.5523
0.4936
