milliseconds	Werte
6938	0
6938	
204;0;0;0.0;0.0
7042	0
7042	
308;0;0;19.0;21.0
7146	0
7146	
411;0;0;41.0;45.0
7250	0
7250	
515;0;0;50.0;50.0
7353	0
7353	
618;0;0;54.0;52.0
7457	0
7457	
722;0;0;53.0;53.0
7561	0
7561	
826;0;0;52.0;53.0
7665	0
7665	
930;0;0;52.0;53.0
7769	0
7769	
1034;0;0;53.0;53.0
7873	0
7873	
1138;0;0;52.0;53.0
7977	0
7977	
1242;0;0;53.0;51.0
8081	0
8081	
1346;0;0;54.0;54.0
8185	0
8185	
1450;0;0;52.0;52.0
8289	0
8289	
1554;0;0;52.0;53.0
8393	0
8393	
1658;0;0;52.0;53.0
8497	0
8497	
1762;0;0;52.0;52.0
8601	0
8601	
1866;0;0;52.0;53.0
8705	0
8705	
1970;0;0;54.0;52.0
8809	0
8809	
2074;0;0;54.0;53.0
8913	0
8913	
2178;0;0;52.0;53.0
9017	0
9017	
2282;0;0;52.0;52.0
9129	0
9129	
2393;0;0;52.0;53.0
9231	0
9231	
2496;0;0;52.0;52.0
9335	0
9335	
2600;0;0;53.0;52.0
9439	0
9439	
2704;0;0;53.0;51.0
9543	0
9543	
2808;0;0;54.0;52.0
9647	0
9647	
2912;0;0;53.0;54.0
9751	0
9751	
3016;0;0;52.0;52.0
9861	0
9861	
3120;0;0;52.0;53.0
9960	0
9960	
3224;0;0;52.0;52.0
10064	0
10064	
3328;0;0;54.0;53.0
10168	0
10168	
3432;0;0;53.0;51.0
10272	0
10272	
3536;0;0;55.0;53.0
10378	0
10378	
3643;0;0;105.0;53.0
10481	0
10481	
3746;0;0;52.0;106.0
10585	0
10585	
3850;0;0;52.0;51.0
10697	0
10697	
3961;0;0;53.0;52.0
10799	0
10799	
4064;0;0;52.0;51.0
10903	0
10903	
4168;0;0;48.0;51.0
11007	0
11007	
4272;0;0;47.0;52.0
11111	0
