milliseconds	Werte
12743	0
12743	
204;0;0;1.0;0.0
12848	0
12848	
308;0;0;18.0;18.0
12952	0
12952	
412;0;0;35.0;36.0
13056	0
13056	
516;0;0;44.0;44.0
13160	0
13160	
620;0;0;45.0;45.0
13271	0
13271	
724;0;0;45.0;45.0
13368	0
13368	
828;0;0;44.0;44.0
13472	0
13472	
932;0;0;45.0;45.0
13576	0
13576	
1036;0;0;45.0;43.0
13680	0
13680	
1140;0;0;45.0;43.0
13784	0
13784	
1244;0;0;46.0;44.0
13888	0
13888	
1348;0;0;46.0;44.0
13992	0
13992	
1452;0;0;45.0;45.0
14096	0
14096	
1556;0;0;44.0;44.0
14199	0
14199	
1659;0;0;44.0;44.0
14303	0
14303	
1763;0;0;44.0;44.0
14407	0
14407	
1867;0;0;45.0;44.0
14511	0
14511	
1971;0;0;45.0;42.0
14615	0
14615	
2075;0;0;46.0;44.0
14719	0
14719	
2179;0;0;46.0;44.0
14829	0
14829	
2283;0;0;45.0;45.0
14927	0
14927	
2387;0;0;44.0;44.0
15031	0
15031	
2491;0;0;44.0;44.0
15135	0
15135	
2595;0;0;44.0;44.0
15239	0
15239	
2699;0;0;45.0;44.0
15343	0
15343	
2803;0;0;45.0;43.0
15447	0
15447	
2907;0;0;46.0;44.0
15551	0
15551	
3011;0;0;46.0;45.0
15655	0
15655	
3115;0;0;45.0;44.0
15759	0
15759	
3219;0;0;45.0;45.0
15864	0
15864	
3323;0;0;43.0;44.0
15968	0
15968	
3427;0;0;45.0;44.0
16072	0
16072	
3531;0;0;45.0;44.0
16176	0
16176	
3635;0;0;45.0;44.0
16280	0
16280	
3741;0;0;93.0;44.0
16389	0
16389	
3844;0;0;45.0;88.0
16488	0
16488	
3948;0;0;44.0;45.0
16592	0
16592	
4052;0;0;44.0;44.0
16695	0
16695	
4155;0;0;44.0;43.0
16799	0
16799	
4259;0;0;44.0;44.0
16903	0
