milliseconds	Werte
6602	0
6602	
204;0;0;0.0;0.0
6706	0
6706	
307;0;0;31.0;34.0
6810	0
6810	
411;0;0;67.0;65.0
6920	0
6920	
515;0;0;81.0;79.0
7018	0
7018	
619;0;0;84.0;79.0
7122	0
7122	
723;0;0;85.0;79.0
7226	0
7226	
827;0;0;85.0;78.0
7330	0
7330	
931;0;0;85.0;78.0
7434	0
7434	
1035;0;0;84.0;78.0
7538	0
7538	
1139;0;0;86.0;79.0
7642	0
7642	
1243;0;0;85.0;78.0
7746	0
7746	
1347;0;0;84.0;77.0
7850	0
7850	
1451;0;0;85.0;79.0
7954	0
7954	
1555;0;0;86.0;79.0
8058	0
8058	
1659;0;0;86.0;80.0
8162	0
8162	
1763;0;0;85.0;78.0
8266	0
8266	
1867;0;0;86.0;76.0
8370	0
8370	
1971;0;0;85.0;79.0
8479	0
8479	
2075;0;0;86.0;79.0
8578	0
8578	
2179;0;0;84.0;78.0
8682	0
8682	
2283;0;0;85.0;77.0
8786	0
8786	
2387;0;0;85.0;78.0
8890	0
8890	
2491;0;0;86.0;78.0
8994	0
8994	
2595;0;0;85.0;78.0
9098	0
9098	
2699;0;0;86.0;77.0
9202	0
9202	
2803;0;0;85.0;77.0
9306	0
9306	
2907;0;0;86.0;78.0
9410	0
9410	
3011;0;0;87.0;79.0
9514	0
9514	
3115;0;0;87.0;82.0
9618	0
9618	
3219;0;0;90.0;86.0
9722	0
