milliseconds	Werte
4004	0
4004	
205;0;0;-49.0;-11.0
4108	0
4108	
308;0;0;22.0;26.0
4212	0
4212	
412;0;0;47.0;52.0
4316	0
4316	
516;0;0;58.0;61.0
4420	0
4420	
620;0;0;62.0;62.0
4524	0
4524	
724;0;0;63.0;62.0
4628	0
4628	
828;0;0;63.0;62.0
4732	0
4732	
932;0;0;62.0;61.0
4835	0
4835	
1035;0;0;61.0;62.0
4939	0
4939	
1139;0;0;62.0;60.0
5050	0
5050	
1246;0;0;62.0;61.0
5149	0
5149	
1349;0;0;63.0;62.0
5253	0
5253	
1453;0;0;62.0;61.0
5357	0
5357	
1557;0;0;62.0;62.0
5461	0
5461	
1661;0;0;61.0;62.0
5565	0
5565	
1765;0;0;61.0;61.0
5669	0
5669	
1869;0;0;63.0;61.0
5773	0
5773	
1973;0;0;63.0;62.0
5877	0
5877	
2077;0;0;61.0;62.0
5981	0
5981	
2181;0;0;62.0;61.0
6085	0
6085	
2285;0;0;61.0;62.0
6189	0
6189	
2389;0;0;61.0;61.0
6293	0
6293	
2493;0;0;63.0;60.0
6397	0
6397	
2597;0;0;63.0;62.0
6501	0
6501	
2701;0;0;61.0;62.0
6612	0
6612	
2805;0;0;61.0;61.0
6709	0
6709	
2909;0;0;62.0;61.0
6813	0
6813	
3013;0;0;61.0;60.0
6917	0
6917	
3117;0;0;63.0;60.0
7022	0
7022	
3221;0;0;63.0;62.0
7126	0
7126	
3325;0;0;62.0;63.0
7230	0
7230	
3429;0;0;61.0;61.0
7334	0
7334	
3533;0;0;63.0;62.0
7440	0
7440	
3641;0;0;119.0;62.0
7544	0
7544	
3745;0;0;54.0;120.0
7648	0
7648	
3848;0;0;48.0;56.0
7752	0
7752	
3952;0;0;54.0;44.0
7856	0
7856	
4056;0;0;57.0;39.0
7960	0
7960	
4160;0;0;59.0;34.0
8064	0
8064	
4264;0;0;53.0;30.0
8176	0
8176	0;49.0;31.0
9317	0
9317	
5517;0;0;48.0;30.0
9421	0
9421	
5621;0;0;48.0;27.0
9525	0
9525	
5725;0;0;44.0;26.0
9629	0
9629	
5829;0;0;40.0;35.0
9732	0
9732	
5932;0;0;35.0;42.0
9836	0
9836	
6036;0;0;53.0;58.0
9940	0
9940	
6140;0;0;60.0;65.0
10044	0
10044	
6244;0;0;63.0;58.0
10148	0
10148	
6348;0;0;67.0;64.0
10252	0
10252	
6452;0;0;69.0;60.0
11396	0
11396	
7596;0;0;70.0;69.0
11500	0
11500	
7700;0;0;71.0;70.0
11604	0
11604	
7804;0;0;70.0;69.0
11708	0
11708	
7908;0;0;71.0;69.0
11812	0
11812	
8012;0;0;70.0;63.0
11917	0
11917	
8116;0;0;71.0;58.0
