milliseconds	Werte
7473	0
7473	
204;0;0;0.0;0.0
7581	0
7581	
307;0;0;11.0;11.0
7681	0
7681	
411;0;0;22.0;23.0
7785	0
7785	
515;0;0;26.0;26.0
7889	0
7889	
619;0;0;28.0;26.0
7993	0
7993	
723;0;0;28.0;27.0
8097	0
8097	
827;0;0;28.0;27.0
8201	0
8201	
931;0;0;28.0;27.0
8305	0
8305	
1035;0;0;28.0;28.0
8409	0
8409	
1139;0;0;27.0;28.0
8513	0
8513	
1243;0;0;26.0;26.0
8617	0
8617	
1347;0;0;26.0;26.0
8721	0
8721	
1451;0;0;26.0;27.0
8825	0
8825	
1555;0;0;25.0;26.0
8929	0
8929	
1659;0;0;26.0;25.0
9033	0
9033	
1763;0;0;27.0;26.0
9137	0
9137	
1867;0;0;27.0;25.0
9241	0
9241	
1971;0;0;27.0;24.0
9345	0
9345	
2075;0;0;28.0;25.0
9449	0
9449	
2179;0;0;27.0;26.0
9553	0
9553	
2283;0;0;28.0;26.0
9657	0
9657	
2387;0;0;28.0;27.0
9761	0
9761	
2491;0;0;27.0;27.0
9873	0
9873	
2601;0;0;26.0;27.0
9974	0
9974	
2704;0;0;25.0;26.0
10078	0
10078	
2808;0;0;26.0;25.0
10182	0
10182	
2912;0;0;25.0;27.0
10286	0
10286	
3016;0;0;26.0;26.0
10390	0
10390	
3120;0;0;27.0;25.0
10495	0
10495	
3224;0;0;27.0;26.0
10599	0
10599	
3328;0;0;26.0;25.0
10703	0
10703	
3432;0;0;28.0;25.0
10807	0
10807	
3536;0;0;28.0;24.0
10912	0
10912	
3643;0;0;56.0;27.0
11016	0
11016	
3746;0;0;28.0;53.0
11120	0
11120	
3850;0;0;26.0;26.0
11224	0
11224	
3954;0;0;26.0;27.0
11328	0
11328	
4058;0;0;25.0;26.0
11439	0
11439	
4162;0;0;25.0;27.0
11536	0
11536	
4266;0;0;25.0;26.0
11640	0
11640	
4370;0;0;26.0;26.0
11744	0
11744	
4474;0;0;26.0;25.0
11848	0
11848	
4578;0;0;27.0;25.0
11952	0
11952	
4682;0;0;27.0;24.0
12056	0
12056	
4786;0;0;27.0;24.0
12160	0
12160	
4890;0;0;28.0;25.0
12264	0
12264	
4994;0;0;27.0;26.0
12368	0
12368	
5098;0;0;28.0;26.0
12472	0
12472	
5202;0;0;27.0;26.0
12576	0
12576	
5306;0;0;25.0;27.0
12680	0
12680	
5410;0;0;26.0;27.0
12786	0
12786	
5514;0;0;25.0;26.0
12888	0
12888	
5618;0;0;26.0;26.0
12999	0
12999	
5722;0;0;25.0;26.0
13096	0
13096	
5826;0;0;26.0;26.0
13200	0
13200	
5930;0;0;27.0;26.0
13306	0
13306	
6034;0;0;27.0;26.0
13408	0
13408	
6138;0;0;26.0;24.0
13512	0
13512	
6242;0;0;28.0;25.0
13616	0
13616	
6346;0;0;27.0;25.0
13720	0
13720	
6450;0;0;28.0;27.0
13824	0
13824	
6554;0;0;28.0;26.0
13928	0
13928	
6658;0;0;27.0;27.0
14032	0
14032	
6762;0;0;26.0;27.0
14136	0
14136	
6866;0;0;25.0;27.0
14241	0
14241	
6970;0;0;26.0;26.0
14347	0
14347	
7074;0;0;26.0;26.0
14452	0
14452	
7178;0;0;26.0;26.0
14561	0
14561	
7282;0;0;27.0;26.0
14661	0
14661	
7389;0;0;54.0;25.0
14765	0
