milliseconds	Werte
4880	0
4880	
204;0;0;0.0;0.0
4984	0
4984	
307;0;0;25.0;30.0
5088	0
5088	
411;0;0;55.0;60.0
5192	0
5192	
515;0;0;67.0;69.0
5296	0
5296	
619;0;0;69.0;70.0
5400	0
5400	
723;0;0;70.0;68.0
5503	0
5503	
826;0;0;70.0;70.0
5607	0
5607	
930;0;0;71.0;70.0
5711	0
5711	
1034;0;0;71.0;70.0
5815	0
5815	
1138;0;0;69.0;68.0
5919	0
5919	
1242;0;0;70.0;69.0
6023	0
6023	
1346;0;0;70.0;70.0
6127	0
6127	
1450;0;0;71.0;70.0
6231	0
6231	
1554;0;0;71.0;70.0
6335	0
6335	
1658;0;0;70.0;69.0
6439	0
6439	
1762;0;0;69.0;69.0
6543	0
6543	
1866;0;0;71.0;69.0
6647	0
6647	
1970;0;0;71.0;69.0
6751	0
6751	
2074;0;0;71.0;70.0
6855	0
6855	
2178;0;0;70.0;69.0
6958	0
6958	
2281;0;0;69.0;69.0
7062	0
7062	
2385;0;0;70.0;69.0
7166	0
7166	
2489;0;0;71.0;69.0
7270	0
7270	
2593;0;0;72.0;69.0
7374	0
7374	
2697;0;0;69.0;70.0
7478	0
7478	
2801;0;0;70.0;69.0
7582	0
7582	
2905;0;0;71.0;67.0
7686	0
7686	
3009;0;0;71.0;70.0
7798	0
7798	
3120;0;0;71.0;69.0
7901	0
7901	
3223;0;0;71.0;70.0
8005	0
8005	
3327;0;0;69.0;68.0
8109	0
8109	
3431;0;0;72.0;69.0
8213	0
8213	
3535;0;0;70.0;69.0
8318	0
8318	
3641;0;0;121.0;68.0
8421	0
8421	
3744;0;0;60.0;127.0
8529	0
8529	
3848;0;0;61.0;34.0
8629	0
