62
0.70
0.62
0.62
0.62
0.56

0.62
0.62
0.62
0.62
0.62
0.62
0.62
0.63
0.62
0.62
0.62
0.62
0.62
0.62
0.62
0.62
0.70
0.62
0.62
0.62
0.56

0.62
0.62
0.62
0.62
0.62
0.62
0.62
0.63
0.62
0.62
0.62
0.62
0.62
0.62
0.62
0.62
0.70
0.62
0.62
0.62
0.56

0.62
0.62
0.62
0.62
0.62
0.62
0.62
0.63
0.62
0.62
0.62
0.62
0.62
0.62
0.62
0.62
0.70
0.62
0.62
0.62
0.56
Initialisierung ok
0.62
0.62
0.56
0.61
0.62
0.61
0.62
0.64
0.62
0.62
0.61
0.61
0.62
0.62
0.61
0.55
0.62
0.62
0.62
0.62
0.62
0.62
0.62
0.61
0.70
0.62
0.62
0.62
0.63
0.62
0.62
0.61
