66
0.73
0.72
0.72
0.72
0.72

0.72
0.72
0.75
0.73
0.72
0.72
0.72
0.72
0.72
0.72
0.72
0.78
0.72
0.72
0.72
0.66
0.73
0.72
0.72
0.72
0.72

0.72
0.72
0.75
0.73
0.72
0.72
0.72
0.72
0.72
0.72
0.72
0.78
0.72
0.72
0.72
0.66
0.73
0.72
0.72
0.72
0.72
Initialisierung ok
0.72
0.72
0.71
0.73
0.72
0.72
0.72
0.72
0.72
0.72
0.72
0.66
0.73
0.72
0.72
0.72
0.72
0.72
0.72
0.71
0.72
0.72
0.72
0.72
0.67
0.73
0.72
0.72
0.72
0.72
0.72
0.72
0.72
0.75
0.73
0.72
0.72
0.72
0.73
0.72
0.72
0.72
0.72
0.72
0.72
0.72
0.74
0.73
0.72
0.72
0.72
0.72
0.72
0.72
0.72
0.78
0.72
0.72
0.72
0.72
0.73
0.72
0.72
0.71
0.72
0.72
0.72
0.72
0.76
0.72
0.72
0.72
0.72
0.72
0.72
0.72
0.72
0.82
0.72
0.72
0.72
0.75
0.73
0.72
0.72
0.72
0.72
0.72
0.72
0.72
0.82
0.72
0.72
0.72
0.72
0.72
0.72
0.72
0.70
0.72
0.72
0.72
