
1.00
1.00
1.00
1.09

1.00
1.00
1.00
1.00
1.00
1.00
0.96
1.01
1.00
1.00
1.00
1.00
1.00
1.00
1.00
0.96
1.01
1.00
1.00
1.00
1.09
Initialisierung ok
1.00
1.00
1.00
1.00
1.00
0.96
1.00
1.00
1.01
1.00
1.05
1.00
1.00
1.00
1.00
1.00
1.00
1.00
1.00
1.08
1.00
1.00
1.00
1.00
1.01
1.00
0.99
0.99
1.00
1.00
1.00
1.00
0.96
1.01
1.00
1.00
1.00
1.00
1.00
1.00
1.00
0.95
1.00
1.00
1.00
1.00
1.09
1.00
1.00
1.00
1.00
1.00
1.00
1.00
1.00
1.09
1.00
1.00
1.00
1.00
1.01
1.00
1.00
1.00
1.00
1.00
1.00
1.00
1.03
1.00
1.00
1.00
1.00
1.00
1.00
1.00
1.00
1.04
1.00
1.00
1.00
1.00
1.01
1.00
0.99
1.00
1.00
1.00
1.00
1.00
1.00
1.01
1.00
1.00
1.00
1.00
1.00
1.00
1.00
0.96
1.00
1.00
1.00
1.00
1.05
1.00
1.00
1.00
1.00
1.00
1.00
1.00
1.00
1.08
1.00
1.00
1.00
1.00
1.01
1.00
1.00
1.00
1.00
1.00
1.00
1.00
0.96
1.01
1.00
1.00
1.00
1.00
1.00
1.00
