milliseconds	Werte
460	0
460	
3;0;0;33;31
577	0
577	
118;0;0;34;31
691	0
691	
232;0;0;33;31
805	0
805	
346;0;0;34;31
919	0
919	
460;0;0;34;31
1033	0
1033	
575;0;0;34;31
1149	0
1149	
690;0;0;34;31
1275	0
1275	
816;0;0;34;31
1389	0
1389	
930;0;0;34;31
1503	0
1503	
1044;0;0;34;31
1617	0
1617	
1158;0;0;34;31
1731	0
1731	
1272;0;0;34;31
1847	0
1847	
1388;0;0;34;31
1961	0
1961	
1502;0;0;34;31
2083	0
2083	
1620;0;0;34;31
2202	0
2202	
1743;0;0;34;31
2316	0
2316	
1857;0;0;34;31
2431	0
2431	
1972;0;0;34;31
2546	0
2546	
2087;0;0;34;31
2660	0
2660	
2201;0;0;34;31
2778	0
2778	
2316;0;0;34;31
2892	0
2892	
2433;0;0;34;31
3013	0
3013	
2547;0;0;34;31
3130	0
3130	
2671;0;0;34;31
3245	0
3245	
2786;0;0;34;31
3359	0
3359	
2900;0;0;34;31
3474	0
3474	
3015;0;0;34;31
3591	0
3591	
3129;0;0;34;31
3706	0
3706	
3247;0;0;34;31
3820	0
3820	
3361;0;0;34;31
3941	0
3941	
3475;0;0;34;31
4058	0
4058	
3599;0;0;34;31
4173	0
4173	
3714;0;0;34;31
4287	0
4287	
3828;0;0;34;31
4405	0
4405	
3946;0;0;34;31
4519	0
4519	
4060;0;0;34;31
4633	0
4633	
4174;0;0;34;31
4748	0
4748	
4289;0;0;34;31
4868	0
4868	
4404;0;0;34;31
4988	0
4988	
4529;0;0;34;31
5105	0
5105	
4643;0;0;34;31
5219	0
5219	
4760;0;0;34;31
5333	0
5333	
4874;0;0;34;31
5448	0
5448	
4989;0;0;34;31
5562	0
5562	
5103;0;0;34;31
5678	0
5678	
5219;0;0;34;31
5797	0
5797	
5333;0;0;34;31
5919	0
5919	
5461;0;0;34;31
6035	0
6035	
5576;0;0;34;31
6150	0
6150	
5691;0;0;34;31
6265	0
6265	
5806;0;0;34;31
6380	0
6380	
5921;0;0;34;31
6494	0
6494	
6035;0;0;34;31
6608	0
6608	
6149;0;0;34;31
6731	0
6731	
6263;0;0;34;31
6849	0
6849	
6390;0;0;34;31
6964	0
6964	
6505;0;0;34;31
7079	0
7079	
6620;0;0;34;31
7193	0
7193	
6734;0;0;34;31
7307	0
7307	
6848;0;0;34;31
7421	0
7421	
6962;0;0;34;31
7539	0
7539	
7081;0;0;34;31
7659	0
7659	
7195;0;0;34;31
7778	0
7778	
7319;0;0;34;31
7892	0
7892	
7433;0;0;34;31
8006	0
8006	
7547;0;0;34;31
8120	0
8120	
7661;0;0;34;31
8238	0
8238	
7776;0;0;34;31
8353	0
8353	
7894;0;0;34;31
8467	0
8467	
8008;0;0;34;31
8586	0
8586	
8123;0;0;34;31
8706	0
8706	
8247;0;0;34;31
8820	0
8820	
8361;0;0;34;31
8935	0
8935	
8476;0;0;34;31
9054	0
9054	
8596;0;0;34;31
9169	0
9169	
8710;0;0;34;31
9284	0
9284	
8825;0;0;34;31
9398	0
9398	
8939;0;0;34;31
9513	0
9513	
9054;0;0;34;31
9637	0
9637	
9178;0;0;34;31
9755	0
9755	
9293;0;0;34;31
9869	0
9869	
9410;0;0;34;31
9984	0
9984	
9525;0;0;34;31
10099	0
10099	
9639;0;0;34;31
10213	0
10213	
9754;0;0;34;31
10327	0
10327	
9868;0;0;34;31
10441	0
10441	
9983;0;0;34;31
10569	0
10569	
10111;0;0;34;31
10685	0
10685	
10226;0;0;34;31
10801	0
10801	
10342;0;0;34;31
10916	0
10916	
10457;0;0;34;31
11031	0
11031	
10572;0;0;34;31
11146	0
11146	
10687;0;0;34;31
11261	0
11261	
10802;0;0;34;31
11385	0
11385	
10921;0;0;34;31
11503	0
11503	
11044;0;0;34;31
11618	0
11618	
11159;0;0;34;31
11733	0
11733	
11274;0;0;34;31
11848	0
11848	
11389;0;0;34;31
11964	0
11964	
11505;0;0;34;31
12082	0
12082	
11620;0;0;34;31
12197	0
12197	
11738;0;0;34;31
12318	0
12318	
11853;0;0;34;31
12436	0
12436	
11977;0;0;34;31
12552	0
12552	
12093;0;0;34;31
12667	0
12667	
12208;0;0;34;31
12785	0
12785	
12323;0;0;34;31
12900	0
12900	
12441;0;0;34;31
13015	0
13015	
12556;0;0;34;31
13131	0
13131	
12672;0;0;34;31
13253	0
13253	
12787;0;0;34;31
13370	0
13370	
12911;0;0;34;31
13485	0
13485	
13026;0;0;34;31
13603	0
13603	
13144;0;0;34;31
13719	0
13719	
13260;0;0;34;31
13834	0
13834	
13375;0;0;34;31
13949	0
13949	
13490;0;0;34;31
14064	0
14064	
13605;0;0;34;31
14186	0
14186	
13720;0;0;34;31
14307	0
14307	
13849;0;0;34;31
14423	0
14423	
13964;0;0;34;31
14538	0
14538	
14079;0;0;34;31
14653	0
14653	
14194;0;0;34;31
14768	0
14768	
14309;0;0;34;31
14884	0
14884	
14424;0;0;34;31
14999	0
14999	
14540;0;0;34;31
15123	0
15123	
14658;0;0;34;31
15241	0
15241	
14782;0;0;34;31
15356	0
15356	
14897;0;0;34;31
15472	0
15472	
15012;0;0;34;31
15587	0
15587	
15128;0;0;34;31
15702	0
15702	
15243;0;0;34;31
15820	0
15820	
15358;0;0;34;31
15935	0
15935	
15476;0;0;34;31
16058	0
16058	
15600;0;0;34;31
16175	0
16175	
15716;0;0;34;31
16290	0
16290	
15831;0;0;34;31
16405	0
16405	
15946;0;0;34;31
16523	0
16523	
16061;0;0;34;31
16638	0
16638	
16179;0;0;34;31
16754	0
16754	
16295;0;0;34;31
16869	0
16869	
16410;0;0;34;31
16993	0
16993	
16535;0;0;34;31
17108	0
17108	
16649;0;0;34;31
17223	0
17223	
16764;0;0;34;31
17342	0
17342	
16883;0;0;34;31
17457	0
17457	
16998;0;0;34;31
17572	0
17572	
17113;0;0;34;31
17687	0
17687	
17228;0;0;34;31
17802	0
17802	
17343;0;0;34;31
17927	0
17927	
17468;0;0;34;31
18045	0
18045	
17585;0;0;34;31
18161	0
18161	
17702;0;0;34;31
18276	0
18276	
17817;0;0;34;31
18391	0
18391	
17932;0;0;34;31
18507	0
18507	
18048;0;0;34;31
18622	0
18622	
18163;0;0;34;31
18741	0
18741	
18278;0;0;34;31
18864	0
18864	
18405;0;0;34;31
18979	0
18979	
18520;0;0;34;31
19095	0
19095	
18636;0;0;34;31
19210	0
19210	
18751;0;0;34;31
19325	0
19325	
18866;0;0;34;31
19440	0
19440	
18981;0;0;34;31
19556	0
19556	
19096;0;0;34;31
19680	0
19680	
19215;0;0;34;31
19798	0
19798	
19339;0;0;34;31
19913	0
19913	
19454;0;0;34;31
20028	0
20028	
19569;0;0;34;31
20143	0
20143	
19684;0;0;34;31
20259	0
20259	
19800;0;0;34;31
20376	0
20376	
19918;0;0;34;31
20492	0
20492	
20033;0;0;34;31
20614	0
20614	
20148;0;0;34;31
20731	0
20731	
20272;0;0;34;31
20848	0
20848	
20388;0;0;34;31
20963	0
20963	
20504;0;0;34;31
21081	0
21081	
20619;0;0;34;31
21196	0
21196	
20737;0;0;34;31
21311	0
21311	
20852;0;0;34;31
21427	0
21427	
20968;0;0;34;31
21550	0
21550	
21083;0;0;34;31
21666	0
21666	
21207;0;0;34;31
21784	0
21784	
21322;0;0;34;31
21899	0
21899	
21440;0;0;34;31
22015	0
22015	
21556;0;0;34;31
22130	0
22130	
21671;0;0;34;31
22245	0
22245	
21786;0;0;34;31
22361	0
22361	
21902;0;0;34;31
22480	0
22480	
22017;0;0;34;31
22604	0
22604	
22144;0;0;34;31
22719	0
22719	
22260;0;0;34;31
22834	0
22834	
22375;0;0;34;31
22950	0
22950	
22490;0;0;34;31
23065	0
23065	
22606;0;0;34;31
23180	0
23180	
22721;0;0;34;31
23299	0
23299	
22837;0;0;34;31
23414	0
23414	
22955;0;0;34;31
23539	0
23539	
23080;0;0;34;31
23654	0
23654	
23196;0;0;34;31
23770	0
23770	
23311;0;0;34;31
23886	0
23886	
23427;0;0;34;31
24001	0
24001	
23542;0;0;34;31
24119	0
24119	
23660;0;0;34;31
24234	0
24234	
23775;0;0;34;31
24350	0
24350	
23890;0;0;34;31
24471	0
24471	
24007;0;0;34;31
24590	0
24590	
24131;0;0;34;31
24705	0
24705	
24246;0;0;34;31
24824	0
24824	
24365;0;0;34;31
24939	0
24939	
24480;0;0;34;31
25055	0
25055	
24597;0;0;34;31
25171	0
25171	
24712;0;0;34;31
25286	0
25286	
24827;0;0;34;31
25407	0
25407	
24942;0;0;34;31
25528	0
25528	
25066;0;0;34;31
25644	0
25644	
25185;0;0;34;31
25759	0
25759	
25300;0;0;34;31
25874	0
25874	
25415;0;0;34;31
25989	0
25989	
25530;0;0;34;31
26104	0
26104	
25645;0;0;34;31
26220	0
26220	
25761;0;0;34;31
26344	0
26344	
25879;0;0;34;31
26463	0
26463	
26004;0;0;34;31
26578	0
26578	
26119;0;0;34;31
26693	0
26693	
26234;0;0;34;31
26809	0
26809	
26350;0;0;34;31
26924	0
26924	
26465;0;0;34;31
27042	0
27042	
26580;0;0;34;31
27157	0
27157	
26699;0;0;34;31
27273	0
27273	
26814;0;0;34;31
27398	0
27398	
26939;0;0;34;31
27513	0
27513	
27054;0;0;34;31
27628	0
27628	
27169;0;0;34;31
27746	0
27746	
27284;0;0;34;31
27861	0
27861	
27402;0;0;34;31
27977	0
27977	
27518;0;0;34;31
28092	0
28092	
27633;0;0;34;31
28207	0
28207	
27748;0;0;34;31
28331	0
28331	
27873;0;0;34;31
28446	0
28446	
27987;0;0;34;31
28566	0
28566	
28107;0;0;34;31
28681	0
28681	
28222;0;0;34;31
28796	0
28796	
28337;0;0;34;31
28911	0
28911	
28452;0;0;34;31
29026	0
29026	
28567;0;0;34;31
29142	0
29142	
28683;0;0;34;31
29269	0
29269	
28798;0;0;34;31
29385	0
29385	
28926;0;0;34;31
29500	0
29500	
29041;0;0;34;31
29615	0
29615	
29156;0;0;34;31
29731	0
29731	
29271;0;0;34;31
29846	0
29846	
29387;0;0;34;31
29961	0
29961	
29503;0;0;34;31
30080	0
30080	
29618;0;0;34;31
30201	0
30201	
29736;0;0;34;31
30320	0
30320	
29860;0;0;34;31
30435	0
30435	
29976;0;0;34;31
30550	0
30550	
30091;0;0;34;31
30665	0
30665	
30206;0;0;34;31
30783	0
30783	
30321;0;0;34;31
30898	0
30898	
30439;0;0;34;31
31014	0
31014	
30555;0;0;34;31
31136	0
31136	
30670;0;0;34;31
31253	0
31253	
30794;0;0;34;31
31368	0
31368	
30909;0;0;34;31
31483	0
31483	
31024;0;0;34;31
31602	0
31602	
31143;0;0;34;31
31717	0
31717	
31258;0;0;34;31
31832	0
31832	
31373;0;0;34;31
31947	0
31947	
31488;0;0;34;31
32069	0
32069	
31603;0;0;34;31
32187	0
32187	
31728;0;0;34;31
32304	0
32304	
31845;0;0;34;31
32420	0
32420	
31961;0;0;34;31
32535	0
32535	
32076;0;0;34;31
32650	0
32650	
32191;0;0;34;31
32766	0
32766	
32308;0;0;34;31
32882	0
32882	
32423;0;0;34;31
33009	0
33009	
32538;0;0;34;31
33124	0
33124	
32665;0;0;34;31
33239	0
33239	
32780;0;0;34;31
33355	0
33355	
32896;0;0;34;31
33470	0
33470	
33011;0;0;34;31
33585	0
33585	
33126;0;0;34;31
33700	0
33700	
33241;0;0;34;31
33818	0
33818	
33356;0;0;34;31
33939	0
33939	
33475;0;0;34;31
34058	0
34058	
33599;0;0;34;31
34173	0
34173	
33714;0;0;34;31
34288	0
34288	
33829;0;0;34;31
34403	0
34403	
33944;0;0;34;31
34520	0
34520	
34060;0;0;34;31
34637	0
34637	
34178;0;0;34;31
34752	0
34752	
34293;0;0;34;31
34873	0
34873	
34408;0;0;34;31
34992	0
34992	
34533;0;0;34;31
35108	0
35108	
34649;0;0;34;31
35223	0
35223	
34764;0;0;34;31
35340	0
35340	
34882;0;0;34;31
35456	0
35456	
34997;0;0;34;31
35571	0
35571	
35113;0;0;34;31
35687	0
35687	
35228;0;0;34;31
35808	0
35808	
35343;0;0;34;31
35926	0
35926	
35467;0;0;34;31
36044	0
36044	
35582;0;0;34;31
36159	0
36159	
35700;0;0;34;31
36275	0
36275	
35816;0;0;34;31
36390	0
36390	
35931;0;0;34;31
36505	0
36505	
36046;0;0;34;31
36620	0
36620	
36161;0;0;34;31
36740	0
36740	
36276;0;0;34;31
36863	0
36863	
36404;0;0;34;31
36979	0
36979	
36520;0;0;34;31
37094	0
37094	
36635;0;0;34;31
37209	0
37209	
36750;0;0;34;31
37324	0
37324	
36865;0;0;34;31
37440	0
37440	
36980;0;0;34;31
37558	0
37558	
37096;0;0;34;31
37677	0
37677	
37215;0;0;34;31
37798	0
37798	
37339;0;0;34;31
37913	0
37913	
37454;0;0;34;31
38028	0
38028	
37569;0;0;34;31
38144	0
38144	
37685;0;0;34;31
38260	0
38260	
37800;0;0;34;31
38378	0
38378	
37919;0;0;34;31
38493	0
38493	
38034;0;0;34;31
38612	0
38612	
38149;0;0;34;31
38733	0
38733	
38274;0;0;34;31
38848	0
38848	
38389;0;0;34;31
38963	0
38963	
38504;0;0;34;31
39082	0
39082	
38623;0;0;34;31
39197	0
39197	
38738;0;0;34;31
39313	0
39313	
38854;0;0;34;31
39428	0
39428	
38969;0;0;34;31
39547	0
39547	
39084;0;0;34;31
39667	0
39667	
39208;0;0;34;31
39785	0
39785	
39323;0;0;34;31
39901	0
39901	
39442;0;0;34;31
40016	0
40016	
39557;0;0;34;31
40131	0
40131	
39672;0;0;34;31
40246	0
40246	
39787;0;0;34;31
40361	0
40361	
39902;0;0;34;31
40480	0
40480	
40018;0;0;34;31
40604	0
40604	
40145;0;0;34;31
40719	0
40719	
40260;0;0;34;31
40834	0
40834	
40375;0;0;34;31
40949	0
40949	
40490;0;0;34;31
41065	0
41065	
40606;0;0;34;31
41180	0
41180	
40721;0;0;34;31
41296	0
41296	
40836;0;0;34;31
41417	0
41417	
40954;0;0;34;31
41537	0
41537	
41078;0;0;34;31
41653	0
41653	
41194;0;0;34;31
41768	0
41768	
41309;0;0;34;31
41883	0
41883	
41424;0;0;34;31
41998	0
41998	
41539;0;0;34;31
42116	0
42116	
41658;0;0;34;31
42233	0
42233	
41774;0;0;34;31
42353	0
42353	
41889;0;0;34;31
42472	0
42472	
42014;0;0;34;31
42587	0
42587	
42128;0;0;34;31
42702	0
42702	
42243;0;0;34;31
42821	0
42821	
42359;0;0;34;31
42936	0
42936	
42477;0;0;34;31
43051	0
43051	
42592;0;0;34;31
43166	0
43166	
42707;0;0;34;31
43286	0
43286	
42822;0;0;34;31
43406	0
43406	
42947;0;0;34;31
43524	0
43524	
43062;0;0;34;31
43639	0
43639	
43180;0;0;34;31
43754	0
43754	
43295;0;0;34;31
43869	0
43869	
43410;0;0;34;31
43985	0
43985	
43526;0;0;34;31
44100	0
44100	
43641;0;0;34;31
44220	0
44220	
43756;0;0;34;31
44342	0
44342	
43884;0;0;34;31
44457	0
44457	
43998;0;0;34;31
44573	0
44573	
44113;0;0;34;31
44688	0
44688	
44229;0;0;34;31
44803	0
44803	
44344;0;0;34;31
44918	0
44918	
44459;0;0;34;31
45033	0
45033	
44574;0;0;34;31
45161	0
45161	
44692;0;0;34;31
45276	0
45276	
44818;0;0;34;31
45391	0
45391	
44932;0;0;34;31
45506	0
45506	
45047;0;0;34;31
45621	0
45621	
45162;0;0;34;31
45736	0
45736	
45277;0;0;34;31
45855	0
45855	
45397;0;0;34;31
45971	0
45971	
45512;0;0;34;31
46094	0
46094	
45627;0;0;34;31
46210	0
46210	
45751;0;0;34;31
46325	0
46325	
45866;0;0;34;31
46441	0
46441	
45982;0;0;34;31
46559	0
46559	
46097;0;0;34;31
46674	0
46674	
46215;0;0;34;31
46789	0
46789	
46330;0;0;34;31
46904	0
46904	
46445;0;0;34;31
47027	0
47027	
46561;0;0;34;31
47144	0
47144	
46685;0;0;34;31
47262	0
47262	
46800;0;0;34;31
47377	0
47377	
46919;0;0;34;31
47492	0
47492	
47033;0;0;34;31
47608	0
47608	
47149;0;0;34;31
47723	0
47723	
47264;0;0;34;31
47838	0
47838	
47379;0;0;34;31
47960	0
47960	
47494;0;0;34;31
48080	0
48080	
47621;0;0;34;31
48196	0
48196	
47737;0;0;34;31
48311	0
48311	
47852;0;0;34;31
48426	0
48426	
47967;0;0;34;31
48541	0
48541	
48082;0;0;34;31
48656	0
48656	
48197;0;0;34;31
48772	0
48772	
48313;0;0;34;31
48898	0
48898	
48431;0;0;34;31
49014	0
49014	
48555;0;0;34;31
49129	0
49129	
48670;0;0;34;31
49244	0
49244	
48785;0;0;34;31
49360	0
49360	
48901;0;0;34;31
49475	0
49475	
49016;0;0;34;31
49592	0
49592	
49133;0;0;34;31
49708	0
49708	
49249;0;0;34;31
49830	0
49830	
49364;0;0;34;31
49948	0
49948	
49489;0;0;34;31
50063	0
50063	
49604;0;0;34;31
50178	0
50178	
49719;0;0;34;31
50296	0
50296	
49834;0;0;34;31
50411	0
50411	
49952;0;0;34;31
50527	0
50527	
50068;0;0;34;31
50642	0
50642	
50183;0;0;34;31
50764	0
50764	
50298;0;0;34;31
50881	0
50881	
50423;0;0;34;31
50997	0
50997	
50537;0;0;34;31
51115	0
51115	
50656;0;0;34;31
51230	0
51230	
50771;0;0;34;31
51345	0
51345	
50886;0;0;34;31
51460	0
51460	
51001;0;0;34;31
51575	0
51575	
51116;0;0;34;31
51698	0
51698	
51232;0;0;34;31
51817	0
51817	
51359;0;0;34;31
51933	0
51933	
51474;0;0;34;31
52048	0
52048	
51589;0;0;34;31
52163	0
52163	
51704;0;0;34;31
52279	0
52279	
51819;0;0;34;31
52394	0
52394	
51935;0;0;34;31
52509	0
52509	
52050;0;0;34;31
52632	0
52632	
52168;0;0;34;31
52751	0
52751	
52292;0;0;34;31
52866	0
52866	
52407;0;0;34;31
52982	0
52982	
52524;0;0;34;31
53097	0
53097	
52638;0;0;34;31
53212	0
53212	
52753;0;0;34;31
53330	0
53330	
52868;0;0;34;31
53445	0
53445	
52986;0;0;34;31
53567	0
53567	
53102;0;0;34;31
53685	0
53685	
53227;0;0;34;31
53800	0
53800	
53341;0;0;34;31
53915	0
53915	
53456;0;0;34;31
54033	0
54033	
53571;0;0;34;31
54149	0
54149	
53690;0;0;34;31
54264	0
54264	
53805;0;0;34;31
54379	0
54379	
53920;0;0;34;31
54500	0
54500	
54035;0;0;34;31
54618	0
54618	
54159;0;0;34;31
54734	0
54734	
54275;0;0;34;31
54852	0
54852	
54393;0;0;34;31
54967	0
54967	
54508;0;0;34;31
55082	0
55082	
54623;0;0;34;31
55197	0
55197	
54738;0;0;34;31
55313	0
55313	
54854;0;0;34;31
55435	0
55435	
54969;0;0;34;31
55554	0
55554	
55095;0;0;34;31
55670	0
55670	
55211;0;0;34;31
55785	0
55785	
55327;0;0;34;31
55901	0
55901	
55442;0;0;34;31
56016	0
56016	
55557;0;0;34;31
56131	0
56131	
55672;0;0;34;31
56246	0
56246	
55787;0;0;34;31
56369	0
56369	
55904;0;0;34;31
56489	0
56489	
56030;0;0;34;31
56604	0
56604	
56145;0;0;34;31
56719	0
56719	
56260;0;0;34;31
56834	0
56834	
56375;0;0;34;31
56949	0
56949	
56490;0;0;34;31
57068	0
57068	
56606;0;0;34;31
57183	0
57183	
56724;0;0;34;31
57304	0
57304	
56839;0;0;34;31
57422	0
57422	
56963;0;0;34;31
57537	0
57537	
57078;0;0;34;31
57653	0
57653	
57194;0;0;34;31
57769	0
57769	
57309;0;0;34;31
57886	0
57886	
57428;0;0;34;31
58001	0
58001	
57542;0;0;34;31
58116	0
58116	
57657;0;0;34;31
58240	0
58240	
57773;0;0;34;31
58356	0
58356	
57897;0;0;34;31
58471	0
58471	
58012;0;0;34;31
58589	0
58589	
58131;0;0;34;31
58705	0
58705	
58246;0;0;34;31
58821	0
58821	
58362;0;0;34;31
58936	0
58936	
58477;0;0;34;31
59051	0
59051	
58592;0;0;34;31
59172	0
59172	
58707;0;0;34;31
59293	0
59293	
58832;0;0;34;31
59410	0
59410	
58950;0;0;34;31
59525	0
59525	
59066;0;0;34;31
59640	0
59640	
59181;0;0;34;31
59755	0
59755	
59296;0;0;34;31
59870	0
59870	
59411;0;0;34;31
59986	0
59986	
59526;0;0;34;31
60110	0
60110	
59644;0;0;34;31
60228	0
60228	
59769;0;0;34;31
60343	0
60343	
59884;0;0;34;31
60458	0
60458	
59999;0;0;34;31
60573	0
60573	
60114;0;0;34;31
60689	0
60689	
60231;0;0;34;31
60807	0
60807	
60345;0;0;34;31
60922	0
60922	
60463;0;0;34;31
61043	0
61043	
60578;0;0;34;31
61161	0
61161	
60702;0;0;34;31
61277	0
61277	
60818;0;0;34;31
61392	0
61392	
60934;0;0;34;31
61508	0
61508	
61048;0;0;34;31
61625	0
61625	
61166;0;0;34;31
61740	0
61740	
61281;0;0;34;31
61856	0
61856	
61397;0;0;34;31
61978	0
61978	
61512;0;0;34;31
62095	0
62095	
61636;0;0;34;31
62210	0
62210	
61751;0;0;34;31
62328	0
62328	
61870;0;0;34;31
62445	0
62445	
61986;0;0;34;31
62560	0
62560	
62101;0;0;34;31
62675	0
62675	
62216;0;0;34;31
62790	0
62790	
62331;0;0;34;31
62912	0
62912	
62446;0;0;34;31
63033	0
63033	
62571;0;0;34;31
63148	0
63148	
62689;0;0;34;31
63263	0
63263	
62804;0;0;34;31
63378	0
63378	
62919;0;0;34;31
63493	0
63493	
63035;0;0;34;31
63609	0
63609	
63150;0;0;34;31
63724	0
63724	
63265;0;0;34;31
63851	0
63851	
63380;0;0;34;31
63966	0
63966	
63507;0;0;34;31
64081	0
64081	
63622;0;0;34;31
64197	0
64197	
63738;0;0;34;31
64312	0
64312	
63853;0;0;34;31
64427	0
64427	
63968;0;0;34;31
64544	0
64544	
64083;0;0;34;31
64661	0
64661	
64203;0;0;34;31
64784	0
64784	
64318;0;0;34;31
64901	0
64901	
64442;0;0;34;31
65016	0
65016	
64557;0;0;34;31
65131	0
65131	
64672;0;0;34;31
65246	0
65246	
64787;0;0;34;31
65364	0
65364	
64904;0;0;34;31
65479	0
65479	
65020;0;0;34;31
65594	0
65594	
65135;0;0;34;31
65717	0
65717	
65250;0;0;34;31
65833	0
65833	
65374;0;0;34;31
65949	0
65949	
65490;0;0;34;31
66066	0
66066	
65607;0;0;34;31
66182	0
66182	
65723;0;0;34;31
66297	0
66297	
65839;0;0;34;31
66412	0
66412	
65953;0;0;34;31
66528	0
66528	
66069;0;0;34;31
66650	0
66650	
66184;0;0;34;31
66768	0
66768	
66308;0;0;34;31
66885	0
66885	
66426;0;0;34;31
67000	0
67000	
66541;0;0;34;31
67116	0
67116	
66656;0;0;34;31
67231	0
67231	
66772;0;0;34;31
67346	0
67346	
66887;0;0;34;31
67461	0
67461	
67002;0;0;34;31
67588	0
67588	
67117;0;0;34;31
67703	0
67703	
67244;0;0;34;31
67819	0
67819	
67360;0;0;34;31
67934	0
67934	
67475;0;0;34;31
68049	0
68049	
67590;0;0;34;31
68164	0
68164	
67705;0;0;34;31
68280	0
68280	
67820;0;0;34;31
68398	0
68398	
67937;0;0;34;31
68519	0
68519	
68054;0;0;34;31
68637	0
68637	
68178;0;0;34;31
68752	0
68752	
68293;0;0;34;31
68867	0
68867	
68408;0;0;34;31
68983	0
68983	
68524;0;0;34;31
69100	0
69100	
68641;0;0;34;31
69216	0
69216	
68757;0;0;34;31
69331	0
69331	
68872;0;0;34;31
69453	0
69453	
68987;0;0;34;31
69571	0
69571	
69112;0;0;34;31
69686	0
69686	
69227;0;0;34;31
69802	0
69802	
69343;0;0;34;31
69919	0
69919	
69460;0;0;34;31
70034	0
70034	
69575;0;0;34;31
70150	0
70150	
69691;0;0;34;31
70265	0
70265	
69806;0;0;34;31
70386	0
70386	
69921;0;0;34;31
70505	0
70505	
70045;0;0;34;31
70621	0
70621	
70161;0;0;34;31
70737	0
70737	
70278;0;0;34;31
70852	0
70852	
70393;0;0;34;31
70967	0
70967	
70508;0;0;34;31
71082	0
71082	
70623;0;0;34;31
71197	0
71197	
70738;0;0;34;31
71324	0
71324	
70854;0;0;34;31
71440	0
71440	
70981;0;0;34;31
71555	0
71555	
71096;0;0;34;31
71670	0
71670	
71211;0;0;34;31
71785	0
71785	
71326;0;0;34;31
71901	0
71901	
71443;0;0;34;31
72016	0
72016	
71557;0;0;34;31
72133	0
72133	
71674;0;0;34;31
72256	0
72256	
71790;0;0;34;31
72373	0
72373	
71914;0;0;34;31
72489	0
72489	
72030;0;0;34;31
72604	0
72604	
72146;0;0;34;31
72719	0
72719	
72260;0;0;34;31
72835	0
72835	
72375;0;0;34;31
72952	0
72952	
72493;0;0;34;31
73068	0
73068	
72609;0;0;34;31
73189	0
73189	
72724;0;0;34;31
73307	0
73307	
72848;0;0;34;31
73422	0
73422	
72963;0;0;34;31
73538	0
73538	
73078;0;0;34;31
73655	0
73655	
73197;0;0;34;31
73770	0
73770	
73311;0;0;34;31
73885	0
73885	
73426;0;0;34;31
74000	0
74000	
73541;0;0;34;31
74121	0
74121	
73656;0;0;34;31
74240	0
74240	
73780;0;0;34;31
74357	0
74357	
73897;0;0;34;31
74472	0
74472	
74013;0;0;34;31
74587	0
74587	
74128;0;0;34;31
74702	0
74702	
74243;0;0;34;31
74818	0
74818	
74358;0;0;34;31
74933	0
74933	
74474;0;0;34;31
75057	0
75057	
74589;0;0;34;31
75175	0
75175	
74716;0;0;34;31
75290	0
75290	
74831;0;0;34;31
75405	0
75405	
74947;0;0;34;31
75521	0
75521	
75062;0;0;34;31
75636	0
75636	
75177;0;0;34;31
75751	0
75751	
75292;0;0;34;31
75867	0
75867	
75407;0;0;34;31
75991	0
75991	
75525;0;0;34;31
76109	0
76109	
75650;0;0;34;31
76224	0
76224	
75765;0;0;34;31
76339	0
76339	
75880;0;0;34;31
76454	0
76454	
75995;0;0;34;31
76570	0
76570	
76110;0;0;34;31
76687	0
76687	
76229;0;0;34;31
76802	0
76802	
76343;0;0;34;31
76925	0
76925	
76458;0;0;34;31
77041	0
77041	
76582;0;0;34;31
77156	0
77156	
76697;0;0;34;31
77272	0
77272	
76813;0;0;34;31
77390	0
77390	
76931;0;0;34;31
77506	0
77506	
77048;0;0;34;31
77621	0
77621	
77162;0;0;34;31
77736	0
77736	
77277;0;0;34;31
77858	0
77858	
77393;0;0;34;31
77976	0
77976	
77517;0;0;34;31
78094	0
78094	
77632;0;0;34;31
78209	0
78209	
77751;0;0;34;31
78324	0
78324	
77865;0;0;34;31
78440	0
78440	
77981;0;0;34;31
78555	0
78555	
78096;0;0;34;31
78670	0
78670	
78211;0;0;34;31
78795	0
78795	
78326;0;0;34;31
78913	0
78913	
78454;0;0;34;31
79029	0
79029	
78570;0;0;34;31
79144	0
79144	
78685;0;0;34;31
79259	0
79259	
78800;0;0;34;31
79374	0
79374	
78915;0;0;34;31
79489	0
79489	
79030;0;0;34;31
79609	0
79609	
79146;0;0;34;31
79730	0
79730	
79265;0;0;34;31
79848	0
79848	
79389;0;0;34;31
79963	0
79963	
79504;0;0;34;31
80078	0
80078	
79619;0;0;34;31
80194	0
80194	
79735;0;0;34;31
80310	0
80310	
79851;0;0;34;31
80428	0
80428	
79969;0;0;34;31
80543	0
80543	
80084;0;0;34;31
80665	0
80665	
80199;0;0;34;31
80783	0
80783	
80324;0;0;34;31
80898	0
80898	
80439;0;0;34;31
81013	0
81013	
80554;0;0;34;31
81130	0
81130	
80671;0;0;34;31
81246	0
81246	
80787;0;0;34;31
81362	0
81362	
80903;0;0;34;31
81477	0
81477	
81018;0;0;34;31
81599	0
81599	
81133;0;0;34;31
81716	0
81716	
81257;0;0;34;31
81834	0
81834	
81372;0;0;34;31
81950	0
81950	
81490;0;0;34;31
82065	0
82065	
81606;0;0;34;31
82180	0
82180	
81721;0;0;34;31
82295	0
82295	
81836;0;0;34;31
82410	0
82410	
81951;0;0;34;31
82535	0
82535	
82066;0;0;34;31
82653	0
82653	
82194;0;0;34;31
82768	0
82768	
82309;0;0;34;31
82883	0
82883	
82424;0;0;34;31
82998	0
82998	
82539;0;0;34;31
83113	0
83113	
82655;0;0;34;31
83229	0
83229	
82770;0;0;34;31
83345	0
83345	
82885;0;0;34;31
83469	0
83469	
83003;0;0;34;31
83586	0
83586	
83127;0;0;34;31
83701	0
83701	
83242;0;0;34;31
83817	0
83817	
83358;0;0;34;31
83932	0
83932	
83473;0;0;34;31
84047	0
84047	
83588;0;0;34;31
84164	0
84164	
83706;0;0;34;31
84279	0
84279	
83820;0;0;34;31
84402	0
84402	
83936;0;0;34;31
84519	0
84519	
84060;0;0;34;31
84634	0
84634	
84175;0;0;34;31
84749	0
84749	
84290;0;0;34;31
84867	0
84867	
84405;0;0;34;31
84983	0
84983	
84524;0;0;34;31
85098	0
85098	
84639;0;0;34;31
85213	0
85213	
84754;0;0;34;31
85335	0
85335	
84869;0;0;34;31
85452	0
85452	
84993;0;0;34;31
85569	0
85569	
85109;0;0;34;31
85686	0
85686	
85227;0;0;34;31
85801	0
85801	
85342;0;0;34;31
85916	0
85916	
85458;0;0;34;31
86031	0
86031	
85572;0;0;34;31
86147	0
86147	
85688;0;0;34;31
86269	0
86269	
85803;0;0;34;31
86388	0
86388	
85930;0;0;34;31
86503	0
86503	
86044;0;0;34;31
86618	0
86618	
86160;0;0;34;31
86734	0
86734	
86275;0;0;34;31
86849	0
86849	
86390;0;0;34;31
86964	0
86964	
86505;0;0;34;31
87079	0
87079	
86620;0;0;34;31
87203	0
87203	
86738;0;0;34;31
87322	0
87322	
86863;0;0;34;31
87437	0
87437	
86978;0;0;34;31
87552	0
87552	
87093;0;0;34;31
87667	0
87667	
87208;0;0;34;31
87782	0
87782	
87323;0;0;34;31
87901	0
87901	
87442;0;0;34;31
88017	0
88017	
87559;0;0;34;31
88138	0
88138	
87673;0;0;34;31
88256	0
88256	
87797;0;0;34;31
88371	0
88371	
87912;0;0;34;31
88487	0
88487	
88028;0;0;34;31
88605	0
88605	
88143;0;0;34;31
88721	0
88721	
88262;0;0;34;31
88836	0
88836	
88377;0;0;34;31
88951	0
88951	
88492;0;0;34;31
89076	0
89076	
88607;0;0;34;31
89191	0
89191	
88732;0;0;34;31
89307	0
89307	
88847;0;0;34;31
89425	0
89425	
88966;0;0;34;31
89540	0
89540	
89081;0;0;34;31
89656	0
89656	
89196;0;0;34;31
89771	0
89771	
89312;0;0;34;31
89886	0
89886	
89427;0;0;34;31
90008	0
90008	
89542;0;0;34;31
90129	0
90129	
89670;0;0;34;31
90244	0
90244	
89785;0;0;34;31
90360	0
90360	
89901;0;0;34;31
90475	0
90475	
90016;0;0;34;31
90590	0
90590	
90131;0;0;34;31
90705	0
90705	
90246;0;0;34;31
90820	0
90820	
90362;0;0;34;31
90946	0
90946	
90480;0;0;34;31
91063	0
91063	
90604;0;0;34;31
91178	0
91178	
90719;0;0;34;31
91293	0
91293	
90834;0;0;34;31
91408	0
91408	
90949;0;0;34;31
91524	0
91524	
91065;0;0;34;31
91641	0
91641	
91182;0;0;34;31
91757	0
91757	
91298;0;0;34;31
91879	0
91879	
91413;0;0;34;31
91996	0
91996	
91537;0;0;34;31
92112	0
92112	
91653;0;0;34;31
92227	0
92227	
91768;0;0;34;31
92345	0
92345	
91883;0;0;34;31
92460	0
92460	
92001;0;0;34;31
92575	0
92575	
92116;0;0;34;31
92691	0
92691	
92232;0;0;34;31
92814	0
92814	
92347;0;0;34;31
92930	0
92930	
92471;0;0;34;31
93046	0
93046	
92586;0;0;34;31
93163	0
93163	
92704;0;0;34;31
93279	0
93279	
92820;0;0;34;31
93394	0
93394	
92935;0;0;34;31
93509	0
93509	
93050;0;0;34;31
93624	0
93624	
93166;0;0;34;31
93746	0
93746	
93280;0;0;34;31
93866	0
93866	
93408;0;0;34;31
93982	0
93982	
93523;0;0;34;31
94097	0
94097	
93638;0;0;34;31
94212	0
94212	
93753;0;0;34;31
94327	0
94327	
93868;0;0;34;31
94443	0
94443	
93984;0;0;34;31
94558	0
94558	
94099;0;0;34;31
94682	0
94682	
94217;0;0;34;31
94799	0
94799	
94340;0;0;34;31
94914	0
94914	
94455;0;0;34;31
95030	0
95030	
94571;0;0;34;31
95145	0
95145	
94686;0;0;34;31
95260	0
95260	
94801;0;0;34;31
95378	0
95378	
94916;0;0;34;31
95493	0
95493	
95034;0;0;34;31
95615	0
95615	
95150;0;0;34;31
95733	0
95733	
95274;0;0;34;31
95848	0
95848	
95389;0;0;34;31
95963	0
95963	
95504;0;0;34;31
96079	0
96079	
95619;0;0;34;31
96197	0
96197	
95738;0;0;34;31
96312	0
96312	
95853;0;0;34;31
96427	0
96427	
95969;0;0;34;31
96549	0
96549	
96083;0;0;34;31
96666	0
96666	
96207;0;0;34;31
96782	0
96782	
96322;0;0;34;31
96899	0
96899	
96441;0;0;34;31
97014	0
97014	
96555;0;0;34;31
97129	0
97129	
96671;0;0;34;31
97244	0
97244	
96785;0;0;34;31
97359	0
97359	
96900;0;0;34;31
97482	0
97482	
97016;0;0;34;31
97601	0
97601	
97142;0;0;34;31
97717	0
97717	
97258;0;0;34;31
97832	0
97832	
97373;0;0;34;31
97947	0
97947	
97488;0;0;34;31
98063	0
98063	
97604;0;0;34;31
98178	0
98178	
97719;0;0;34;31
98293	0
98293	
97834;0;0;34;31
98419	0
98419	
97951;0;0;34;31
98536	0
98536	
98077;0;0;34;31
98652	0
98652	
98193;0;0;34;31
98767	0
98767	
98308;0;0;34;31
98882	0
98882	
98423;0;0;34;31
98997	0
98997	
98538;0;0;34;31
99114	0
99114	
98653;0;0;34;31
99231	0
99231	
98772;0;0;34;31
99354	0
99354	
98887;0;0;34;31
99470	0
99470	
99011;0;0;34;31
99585	0
99585	
99126;0;0;34;31
99700	0
99700	
99241;0;0;34;31
99817	0
99817	
99357;0;0;34;31
99934	0
99934	
99474;0;0;34;31
100049	0
100049	
99590;0;0;34;31
100164	0
100164	
99705;0;0;34;31
100286	0
100286	
99820;0;0;34;31
100404	0
100404	
99945;0;0;34;31
100519	0
100519	
100060;0;0;34;31
100636	0
100636	
100177;0;0;34;31
100752	0
100752	
100293;0;0;34;31
100867	0
100867	
100408;0;0;34;31
100983	0
100983	
100524;0;0;34;31
101098	0
101098	
100639;0;0;34;31
101222	0
101222	
100754;0;0;34;31
101338	0
101338	
100878;0;0;34;31
101455	0
101455	
100996;0;0;34;31
101571	0
101571	
101112;0;0;34;31
101686	0
101686	
101227;0;0;34;31
101801	0
101801	
101342;0;0;34;31
101916	0
101916	
101457;0;0;34;31
102031	0
102031	
101573;0;0;34;31
102157	0
102157	
101688;0;0;34;31
102274	0
102274	
101815;0;0;34;31
102389	0
102389	
101930;0;0;34;31
102504	0
102504	
102045;0;0;34;31
102619	0
102619	
102160;0;0;34;31
102736	0
102736	
102277;0;0;34;31
102852	0
102852	
102392;0;0;34;31
102968	0
102968	
102510;0;0;34;31
103088	0
103088	
102624;0;0;34;31
103207	0
103207	
102748;0;0;34;31
103323	0
103323	
102864;0;0;34;31
103438	0
103438	
102979;0;0;34;31
103553	0
103553	
103094;0;0;34;31
103670	0
103670	
103211;0;0;34;31
103786	0
103786	
103327;0;0;34;31
103902	0
103902	
103442;0;0;34;31
104023	0
104023	
103558;0;0;34;31
104142	0
104142	
103683;0;0;34;31
104257	0
104257	
103798;0;0;34;31
104373	0
104373	
103913;0;0;34;31
104491	0
104491	
104031;0;0;34;31
104606	0
104606	
104147;0;0;34;31
104721	0
104721	
104262;0;0;34;31
104837	0
104837	
104378;0;0;34;31
104956	0
104956	
104493;0;0;34;31
105077	0
105077	
104617;0;0;34;31
105195	0
105195	
104736;0;0;34;31
105310	0
105310	
104851;0;0;34;31
105425	0
105425	
104966;0;0;34;31
105540	0
105540	
105081;0;0;34;31
105655	0
105655	
105196;0;0;34;31
105771	0
105771	
105312;0;0;34;31
105895	0
105895	
105427;0;0;34;31
106013	0
106013	
105554;0;0;34;31
106128	0
106128	
105669;0;0;34;31
106243	0
106243	
105784;0;0;34;31
106359	0
106359	
105900;0;0;34;31
106474	0
106474	
106015;0;0;34;31
106590	0
106590	
106130;0;0;34;31
106706	0
106706	
106246;0;0;34;31
106828	0
106828	
106362;0;0;34;31
106946	0
106946	
106487;0;0;34;31
107061	0
107061	
106602;0;0;34;31
107176	0
107176	
106717;0;0;34;31
107291	0
107291	
106832;0;0;34;31
107408	0
107408	
106949;0;0;34;31
107525	0
107525	
107066;0;0;34;31
107640	0
107640	
107181;0;0;34;31
107761	0
107761	
107296;0;0;34;31
107879	0
107879	
107420;0;0;34;31
107994	0
107994	
107535;0;0;34;31
108111	0
108111	
107651;0;0;34;31
108228	0
108228	
107769;0;0;34;31
108343	0
108343	
107884;0;0;34;31
108458	0
108458	
107999;0;0;34;31
108573	0
108573	
108114;0;0;34;31
108695	0
108695	
108230;0;0;34;31
108814	0
108814	
108354;0;0;34;31
108931	0
108931	
108470;0;0;34;31
109046	0
109046	
108587;0;0;34;31
109161	0
109161	
108702;0;0;34;31
109277	0
109277	
108818;0;0;34;31
109392	0
109392	
108933;0;0;34;31
109507	0
109507	
109048;0;0;34;31
109629	0
109629	
109163;0;0;34;31
109749	0
109749	
109290;0;0;34;31
109865	0
109865	
109406;0;0;34;31
109980	0
109980	
109521;0;0;34;31
110095	0
110095	
109636;0;0;34;31
110210	0
110210	
109751;0;0;34;31
110325	0
110325	
109866;0;0;34;31
110444	0
110444	
109984;0;0;34;31
110568	0
110568	
110101;0;0;34;31
110684	0
110684	
110225;0;0;34;31
110799	0
110799	
110340;0;0;34;31
110914	0
110914	
110455;0;0;34;31
111030	0
111030	
110571;0;0;34;31
111147	0
111147	
110689;0;0;34;31
111264	0
111264	
110805;0;0;34;31
111379	0
111379	
110920;0;0;34;31
111500	0
111500	
111035;0;0;34;31
111619	0
111619	
111159;0;0;34;31
111735	0
111735	
111275;0;0;34;31
111851	0
111851	
111391;0;0;34;31
111967	0
111967	
111509;0;0;34;31
112082	0
112082	
111623;0;0;34;31
112197	0
112197	
111738;0;0;34;31
112313	0
112313	
111854;0;0;34;31
112437	0
112437	
111969;0;0;34;31
112554	0
112554	
112094;0;0;34;31
112670	0
112670	
112210;0;0;34;31
112785	0
112785	
112326;0;0;34;31
112901	0
112901	
112442;0;0;34;31
113016	0
113016	
112557;0;0;34;31
113131	0
113131	
112672;0;0;34;31
113247	0
113247	
112788;0;0;34;31
113374	0
113374	
112903;0;0;34;31
113490	0
113490	
113031;0;0;34;31
113605	0
113605	
113146;0;0;34;31
113720	0
113720	
113261;0;0;34;31
113836	0
113836	
113376;0;0;34;31
113951	0
113951	
113492;0;0;34;31
114067	0
114067	
113608;0;0;34;31
114184	0
114184	
113724;0;0;34;31
114305	0
114305	
113840;0;0;34;31
114423	0
114423	
113964;0;0;34;31
114539	0
114539	
114079;0;0;34;31
114655	0
114655	
114196;0;0;34;31
114770	0
114770	
114311;0;0;34;31
114886	0
114886	
114428;0;0;34;31
115003	0
115003	
114544;0;0;34;31
115118	0
115118	
114659;0;0;34;31
115242	0
115242	
114775;0;0;34;31
115359	0
115359	
114900;0;0;34;31
115474	0
115474	
115015;0;0;34;31
115590	0
115590	
115130;0;0;34;31
115706	0
115706	
115248;0;0;34;31
115822	0
115822	
115363;0;0;34;31
115938	0
115938	
115478;0;0;34;31
116053	0
116053	
115594;0;0;34;31
116175	0
116175	
115709;0;0;34;31
116293	0
116293	
115833;0;0;34;31
116410	0
116410	
115950;0;0;34;31
116525	0
116525	
116066;0;0;34;31
116641	0
116641	
116181;0;0;34;31
116756	0
116756	
116297;0;0;34;31
116871	0
116871	
116412;0;0;34;31
116987	0
116987	
116528;0;0;34;31
117112	0
117112	
116643;0;0;34;31
117229	0
117229	
116770;0;0;34;31
117344	0
117344	
116886;0;0;34;31
117460	0
117460	
117001;0;0;34;31
117576	0
117576	
117117;0;0;34;31
117691	0
117691	
117232;0;0;34;31
117806	0
117806	
117347;0;0;34;31
117923	0
117923	
117463;0;0;34;31
118047	0
118047	
117579;0;0;34;31
118164	0
118164	
117705;0;0;34;31
118279	0
118279	
117820;0;0;34;31
118394	0
118394	
117935;0;0;34;31
118509	0
118509	
118050;0;0;34;31
118625	0
118625	
118167;0;0;34;31
118743	0
118743	
118284;0;0;34;31
118859	0
118859	
118400;0;0;34;31
118981	0
118981	
118515;0;0;34;31
119098	0
119098	
118639;0;0;34;31
119213	0
119213	
118754;0;0;34;31
119330	0
119330	
118869;0;0;34;31
119447	0
119447	
118989;0;0;34;31
119562	0
119562	
119103;0;0;34;31
119677	0
119677	
119218;0;0;34;31
119792	0
119792	
119333;0;0;34;31
119913	0
119913	
119448;0;0;34;31
120033	0
120033	
119573;0;0;34;31
120150	0
120150	
119690;0;0;34;31
120265	0
120265	
119806;0;0;34;31
120380	0
120380	
119921;0;0;34;31
120495	0
120495	
120036;0;0;34;31
120611	0
120611	
120152;0;0;34;31
120726	0
120726	
120267;0;0;34;31
120851	0
120851	
120382;0;0;34;31
120969	0
120969	
120510;0;0;34;31
121084	0
121084	
120625;0;0;34;31
121200	0
121200	
120741;0;0;34;31
121315	0
121315	
120856;0;0;34;31
121430	0
121430	
120971;0;0;34;31
121545	0
121545	
121087;0;0;34;31
121663	0
121663	
121203;0;0;34;31
121786	0
121786	
121320;0;0;34;31
121903	0
121903	
121444;0;0;34;31
122018	0
122018	
121559;0;0;34;31
122133	0
122133	
121674;0;0;34;31
122248	0
122248	
121789;0;0;34;31
122365	0
122365	
121905;0;0;34;31
122482	0
122482	
122023;0;0;34;31
122597	0
122597	
122138;0;0;34;31
122719	0
122719	
122253;0;0;34;31
122836	0
122836	
122377;0;0;34;31
122952	0
122952	
122493;0;0;34;31
123068	0
123068	
122608;0;0;34;31
123184	0
123184	
122726;0;0;34;31
123299	0
123299	
122840;0;0;34;31
123414	0
123414	
122955;0;0;34;31
123530	0
123530	
123071;0;0;34;31
123652	0
123652	
123186;0;0;34;31
123769	0
123769	
123310;0;0;34;31
123886	0
123886	
123427;0;0;34;31
124002	0
124002	
123543;0;0;34;31
124118	0
124118	
123659;0;0;34;31
124233	0
124233	
123774;0;0;34;31
124348	0
124348	
123890;0;0;34;31
124463	0
124463	
124004;0;0;34;31
124588	0
124588	
124119;0;0;34;31
124706	0
124706	
124247;0;0;34;31
124821	0
124821	
124362;0;0;34;31
124936	0
124936	
124477;0;0;34;31
125051	0
125051	
124592;0;0;34;31
125166	0
125166	
124707;0;0;34;31
125282	0
125282	
124823;0;0;34;31
125400	0
125400	
124938;0;0;34;31
125525	0
125525	
125066;0;0;34;31
125639	0
125639	
125180;0;0;34;31
125754	0
125754	
125295;0;0;34;31
125870	0
125870	
125411;0;0;34;31
125985	0
125985	
125526;0;0;34;31
126101	0
126101	
125641;0;0;34;31
126218	0
126218	
125759;0;0;34;31
126333	0
126333	
125874;0;0;34;31
126457	0
126457	
125989;0;0;34;31
126573	0
126573	
126114;0;0;34;31
126688	0
126688	
126229;0;0;34;31
126803	0
126803	
126344;0;0;34;31
126920	0
126920	
126460;0;0;34;31
127035	0
127035	
126576;0;0;34;31
127151	0
127151	
126693;0;0;34;31
127266	0
127266	
126807;0;0;34;31
127388	0
127388	
126922;0;0;34;31
127505	0
127505	
127046;0;0;34;31
127623	0
127623	
127161;0;0;34;31
127739	0
127739	
127280;0;0;34;31
127854	0
127854	
127395;0;0;34;31
127969	0
127969	
127510;0;0;34;31
128084	0
128084	
127625;0;0;34;31
128199	0
128199	
127740;0;0;34;31
128324	0
128324	
127856;0;0;34;31
128442	0
128442	
127983;0;0;34;31
128557	0
128557	
128098;0;0;34;31
128672	0
128672	
128213;0;0;34;31
128787	0
128787	
128328;0;0;34;31
128903	0
128903	
128444;0;0;34;31
129018	0
129018	
128559;0;0;34;31
129134	0
129134	
128674;0;0;34;31
129260	0
129260	
128802;0;0;34;31
129376	0
129376	
128917;0;0;34;31
129492	0
129492	
129033;0;0;34;31
129607	0
129607	
129148;0;0;34;31
129722	0
129722	
129263;0;0;34;31
129837	0
129837	
129378;0;0;34;31
129955	0
129955	
129496;0;0;34;31
130071	0
130071	
129612;0;0;34;31
130196	0
130196	
129737;0;0;34;31
130310	0
130310	
129851;0;0;34;31
130425	0
130425	
129966;0;0;34;31
130540	0
130540	
130081;0;0;34;31
130658	0
130658	
130199;0;0;34;31
130775	0
130775	
130316;0;0;34;31
130890	0
130890	
130431;0;0;34;31
131005	0
131005	
130546;0;0;34;31
131129	0
131129	
130670;0;0;34;31
131245	0
131245	
130786;0;0;34;31
131363	0
131363	
130901;0;0;34;31
131478	0
131478	
131019;0;0;34;31
131593	0
131593	
131134;0;0;34;31
131708	0
131708	
131249;0;0;34;31
131824	0
131824	
131365;0;0;34;31
131943	0
131943	
131480;0;0;34;31
132064	0
132064	
131604;0;0;34;31
132181	0
132181	
131722;0;0;34;31
132296	0
132296	
131837;0;0;34;31
132412	0
132412	
131953;0;0;34;31
132527	0
132527	
132068;0;0;34;31
132642	0
132642	
132183;0;0;34;31
132757	0
132757	
132299;0;0;34;31
132884	0
132884	
132413;0;0;34;31
133000	0
133000	
132541;0;0;34;31
133115	0
133115	
132656;0;0;34;31
133230	0
133230	
132771;0;0;34;31
133345	0
133345	
132886;0;0;34;31
133460	0
133460	
133001;0;0;34;31
133576	0
133576	
133116;0;0;34;31
133694	0
133694	
133234;0;0;34;31
133816	0
133816	
133350;0;0;34;31
133933	0
133933	
133474;0;0;34;31
134048	0
134048	
133589;0;0;34;31
134164	0
134164	
133704;0;0;34;31
134279	0
134279	
133820;0;0;34;31
134397	0
134397	
133935;0;0;34;31
134512	0
134512	
134053;0;0;34;31
134627	0
134627	
134168;0;0;34;31
134751	0
134751	
134292;0;0;34;31
134867	0
134867	
134408;0;0;34;31
134982	0
134982	
134523;0;0;34;31
135098	0
135098	
134638;0;0;34;31
135215	0
135215	
134756;0;0;34;31
135330	0
135330	
134871;0;0;34;31
135446	0
135446	
134987;0;0;34;31
135566	0
135566	
135102;0;0;34;31
135685	0
135685	
135226;0;0;34;31
135800	0
135800	
135341;0;0;34;31
135917	0
135917	
135457;0;0;34;31
136033	0
136033	
135574;0;0;34;31
136148	0
136148	
135689;0;0;34;31
136263	0
136263	
135804;0;0;34;31
136378	0
136378	
135919;0;0;34;31
136501	0
136501	
136034;0;0;34;31
136620	0
136620	
136158;0;0;34;31
136735	0
136735	
136276;0;0;34;31
136850	0
136850	
136391;0;0;34;31
136965	0
136965	
136506;0;0;34;31
137080	0
137080	
136621;0;0;34;31
137196	0
137196	
136737;0;0;34;31
137311	0
137311	
136852;0;0;34;31
137437	0
137437	
136967;0;0;34;31
137553	0
137553	
137094;0;0;34;31
137668	0
137668	
137209;0;0;34;31
137784	0
137784	
137325;0;0;34;31
137899	0
137899	
137440;0;0;34;31
138014	0
138014	
137555;0;0;34;31
138130	0
138130	
137670;0;0;34;31
138247	0
138247	
137788;0;0;34;31
138369	0
138369	
137904;0;0;34;31
138487	0
138487	
138028;0;0;34;31
138602	0
138602	
138143;0;0;34;31
138717	0
138717	
138258;0;0;34;31
138832	0
138832	
138373;0;0;34;31
138950	0
138950	
138490;0;0;34;31
139066	0
139066	
138607;0;0;34;31
139181	0
139181	
138722;0;0;34;31
139301	0
139301	
138837;0;0;34;31
139420	0
139420	
138961;0;0;34;31
139536	0
139536	
139077;0;0;34;31
139654	0
139654	
139194;0;0;34;31
139769	0
139769	
139310;0;0;34;31
139884	0
139884	
139425;0;0;34;31
139999	0
139999	
139540;0;0;34;31
140115	0
140115	
139656;0;0;34;31
140234	0
140234	
139771;0;0;34;31
140356	0
140356	
139895;0;0;34;31
140472	0
140472	
140013;0;0;34;31
140587	0
140587	
140128;0;0;34;31
140703	0
140703	
140244;0;0;34;31
140818	0
140818	
140359;0;0;34;31
140933	0
140933	
140474;0;0;34;31
141048	0
141048	
140589;0;0;34;31
141164	0
141164	
140705;0;0;34;31
141292	0
141292	
140832;0;0;34;31
141407	0
141407	
140948;0;0;34;31
141522	0
141522	
141063;0;0;34;31
141637	0
141637	
141178;0;0;34;31
141752	0
141752	
141293;0;0;34;31
141868	0
141868	
141408;0;0;34;31
141986	0
141986	
141527;0;0;34;31
142105	0
142105	
141642;0;0;34;31
142225	0
142225	
141766;0;0;34;31
142340	0
142340	
141881;0;0;34;31
142455	0
142455	
141996;0;0;34;31
142571	0
142571	
142112;0;0;34;31
142688	0
142688	
142229;0;0;34;31
142804	0
142804	
142345;0;0;34;31
142919	0
142919	
142460;0;0;34;31
143038	0
143038	
142575;0;0;34;31
143159	0
143159	
142700;0;0;34;31
143274	0
143274	
142815;0;0;34;31
143392	0
143392	
142930;0;0;34;31
143507	0
143507	
143048;0;0;34;31
143622	0
143622	
143163;0;0;34;31
143738	0
143738	
143279;0;0;34;31
143853	0
143853	
143394;0;0;34;31
143973	0
143973	
143509;0;0;34;31
144093	0
144093	
143633;0;0;34;31
144210	0
144210	
143751;0;0;34;31
144326	0
144326	
143867;0;0;34;31
144441	0
144441	
143982;0;0;34;31
144556	0
144556	
144097;0;0;34;31
144671	0
144671	
144212;0;0;34;31
144786	0
144786	
144327;0;0;34;31
144913	0
144913	
144443;0;0;34;31
145029	0
145029	
144570;0;0;34;31
145144	0
145144	
144685;0;0;34;31
145259	0
145259	
144800;0;0;34;31
145374	0
145374	
144915;0;0;34;31
145490	0
145490	
145031;0;0;34;31
145607	0
145607	
145146;0;0;34;31
145724	0
145724	
145266;0;0;34;31
145846	0
145846	
145380;0;0;34;31
145963	0
145963	
145504;0;0;34;31
146079	0
146079	
145620;0;0;34;31
146194	0
146194	
145735;0;0;34;31
146309	0
146309	
145850;0;0;34;31
146427	0
146427	
145967;0;0;34;31
146542	0
146542	
146083;0;0;34;31
146658	0
146658	
146199;0;0;34;31
146781	0
146781	
146314;0;0;34;31
146897	0
146897	
146438;0;0;34;31
147012	0
147012	
146553;0;0;34;31
147130	0
147130	
146668;0;0;34;31
147246	0
147246	
146787;0;0;34;31
147361	0
147361	
146902;0;0;34;31
147476	0
147476	
147017;0;0;34;31
147591	0
147591	
147132;0;0;34;31
147713	0
147713	
147247;0;0;34;31
147832	0
147832	
147372;0;0;34;31
147949	0
147949	
147490;0;0;34;31
148064	0
148064	
147605;0;0;34;31
148179	0
148179	
147720;0;0;34;31
148294	0
148294	
147835;0;0;34;31
148410	0
148410	
147950;0;0;34;31
148525	0
148525	
148066;0;0;34;31
148651	0
148651	
148181;0;0;34;31
148767	0
148767	
148308;0;0;34;31
148882	0
148882	
148423;0;0;34;31
148998	0
148998	
148538;0;0;34;31
149113	0
149113	
148654;0;0;34;31
149228	0
149228	
148769;0;0;34;31
149343	0
149343	
148884;0;0;34;31
149460	0
149460	
149000;0;0;34;31
149586	0
149586	
149127;0;0;34;31
149701	0
149701	
149242;0;0;34;31
149816	0
149816	
149357;0;0;34;31
149931	0
149931	
149472;0;0;34;31
150046	0
150046	
149587;0;0;34;31
150163	0
150163	
149704;0;0;34;31
150280	0
150280	
149821;0;0;34;31
150395	0
150395	
149936;0;0;34;31
150519	0
150519	
150060;0;0;34;31
150634	0
150634	
150175;0;0;34;31
150749	0
150749	
150290;0;0;34;31
150867	0
150867	
150406;0;0;34;31
150983	0
150983	
150524;0;0;34;31
151098	0
151098	
150639;0;0;34;31
151213	0
151213	
150754;0;0;34;31
151332	0
151332	
150869;0;0;34;31
151453	0
151453	
150994;0;0;34;31
151568	0
151568	
151109;0;0;34;31
151686	0
151686	
151228;0;0;34;31
151801	0
151801	
151342;0;0;34;31
151916	0
151916	
151457;0;0;34;31
152032	0
152032	
151573;0;0;34;31
152147	0
152147	
151688;0;0;34;31
152269	0
152269	
151803;0;0;34;31
152388	0
152388	
151929;0;0;34;31
152504	0
152504	
152045;0;0;34;31
152620	0
152620	
152161;0;0;34;31
152735	0
152735	
152276;0;0;34;31
152850	0
152850	
152391;0;0;34;31
152965	0
152965	
152506;0;0;34;31
153080	0
153080	
152621;0;0;34;31
153208	0
153208	
152740;0;0;34;31
153324	0
153324	
152865;0;0;34;31
153439	0
153439	
152980;0;0;34;31
153554	0
153554	
153095;0;0;34;31
153669	0
153669	
153210;0;0;34;31
153785	0
153785	
153326;0;0;34;31
153901	0
153901	
153441;0;0;34;31
154018	0
154018	
153559;0;0;34;31
154142	0
154142	
153683;0;0;34;31
154257	0
154257	
153798;0;0;34;31
154373	0
154373	
153914;0;0;34;31
154488	0
154488	
154029;0;0;34;31
154604	0
154604	
154144;0;0;34;31
154720	0
154720	
154260;0;0;34;31
154835	0
154835	
154376;0;0;34;31
154956	0
154956	
154492;0;0;34;31
155075	0
155075	
154617;0;0;34;31
155190	0
155190	
154731;0;0;34;31
155305	0
155305	
154846;0;0;34;31
155422	0
155422	
154963;0;0;34;31
155539	0
155539	
155080;0;0;34;31
155654	0
155654	
155195;0;0;34;31
155769	0
155769	
155310;0;0;34;31
155891	0
155891	
155425;0;0;34;31
156008	0
156008	
155549;0;0;34;31
156125	0
156125	
155664;0;0;34;31
156242	0
156242	
155783;0;0;34;31
156357	0
156357	
155898;0;0;34;31
156472	0
156472	
156013;0;0;34;31
156587	0
156587	
156128;0;0;34;31
156702	0
156702	
156243;0;0;34;31
156827	0
156827	
156368;0;0;34;31
156945	0
156945	
156485;0;0;34;31
157060	0
157060	
156601;0;0;34;31
157175	0
157175	
156716;0;0;34;31
157290	0
157290	
156831;0;0;34;31
157406	0
157406	
156947;0;0;34;31
157521	0
157521	
157062;0;0;34;31
157637	0
157637	
157177;0;0;34;31
157763	0
157763	
157304;0;0;34;31
157878	0
157878	
157420;0;0;34;31
157994	0
157994	
157535;0;0;34;31
158109	0
158109	
157650;0;0;34;31
158224	0
158224	
157765;0;0;34;31
158340	0
158340	
157880;0;0;34;31
158456	0
158456	
157996;0;0;34;31
158578	0
158578	
158113;0;0;34;31
158696	0
158696	
158237;0;0;34;31
158811	0
158811	
158352;0;0;34;31
158926	0
158926	
158467;0;0;34;31
159041	0
159041	
158582;0;0;34;31
159159	0
159159	
158700;0;0;34;31
159275	0
159275	
158817;0;0;34;31
159391	0
159391	
158932;0;0;34;31
159514	0
159514	
159056;0;0;34;31
159630	0
159630	
159171;0;0;34;31
159746	0
159746	
159287;0;0;34;31
159862	0
159862	
159402;0;0;34;31
159979	0
159979	
159518;0;0;34;31
160094	0
160094	
159635;0;0;34;31
160209	0
160209	
159750;0;0;34;31
160329	0
160329	
159866;0;0;34;31
160448	0
160448	
159989;0;0;19;17
