milliseconds	Werte
461	0
461	
3;0;0;31;28
578	0
578	
118;0;0;31;28
692	0
692	
232;0;0;31;28
806	0
806	
346;0;0;32;28
920	0
920	
460;0;0;31;28
1034	0
1034	
574;0;0;31;28
1149	0
1149	
690;0;0;31;28
1276	0
1276	
816;0;0;31;28
1390	0
1390	
930;0;0;31;28
1504	0
1504	
1044;0;0;32;28
1618	0
1618	
1158;0;0;31;28
1732	0
1732	
1272;0;0;32;28
1847	0
1847	
1387;0;0;32;28
1962	0
1962	
1502;0;0;32;28
2086	0
2086	
1620;0;0;31;28
2203	0
2203	
1743;0;0;31;28
2317	0
2317	
1857;0;0;32;28
2432	0
2432	
1972;0;0;32;28
2546	0
2546	
2086;0;0;32;28
2661	0
2661	
2201;0;0;32;28
2779	0
2779	
2316;0;0;32;28
2893	0
2893	
2433;0;0;32;28
3016	0
3016	
2548;0;0;32;28
3132	0
3132	
2672;0;0;32;28
3246	0
3246	
2786;0;0;32;28
3361	0
3361	
2901;0;0;32;28
3476	0
3476	
3016;0;0;32;28
3592	0
3592	
3132;0;0;32;28
3708	0
3708	
3248;0;0;32;28
3822	0
3822	
3362;0;0;32;28
3943	0
3943	
3476;0;0;32;28
4060	0
4060	
3600;0;0;32;28
4175	0
4175	
3715;0;0;32;28
4290	0
4290	
3829;0;0;32;28
4407	0
4407	
3947;0;0;32;28
4521	0
4521	
4061;0;0;32;28
4635	0
4635	
4175;0;0;32;28
4749	0
4749	
4289;0;0;32;28
4870	0
4870	
4404;0;0;32;28
4989	0
4989	
4529;0;0;32;28
5106	0
5106	
4643;0;0;32;28
5220	0
5220	
4760;0;0;32;28
5334	0
5334	
4874;0;0;32;28
5448	0
5448	
4988;0;0;32;28
5563	0
5563	
5103;0;0;32;28
5679	0
5679	
5219;0;0;32;28
5799	0
5799	
5333;0;0;32;28
5920	0
5920	
5460;0;0;32;28
6034	0
6034	
5574;0;0;32;28
6148	0
6148	
5688;0;0;32;28
6264	0
6264	
5804;0;0;32;28
6379	0
6379	
5919;0;0;32;28
6493	0
6493	
6033;0;0;32;28
6607	0
6607	
6147;0;0;32;28
6730	0
6730	
6261;0;0;32;28
6847	0
6847	
6387;0;0;32;28
6963	0
6963	
6503;0;0;32;28
7078	0
7078	
6618;0;0;32;28
7192	0
7192	
6732;0;0;32;28
7306	0
7306	
6846;0;0;32;28
7420	0
7420	
6960;0;0;32;28
7538	0
7538	
7078;0;0;32;28
7658	0
7658	
7193;0;0;32;28
7777	0
7777	
7317;0;0;32;28
7891	0
7891	
7431;0;0;32;28
8005	0
8005	
7545;0;0;32;28
8119	0
8119	
7659;0;0;32;28
8237	0
8237	
7774;0;0;32;28
8351	0
8351	
7891;0;0;32;28
8466	0
8466	
8006;0;0;32;28
8586	0
8586	
8121;0;0;32;28
8704	0
8704	
8244;0;0;32;28
8819	0
8819	
8358;0;0;32;28
8933	0
8933	
8473;0;0;32;28
9050	0
9050	
8590;0;0;32;28
9165	0
9165	
8705;0;0;32;28
9280	0
9280	
8820;0;0;32;28
9394	0
9394	
8934;0;0;32;28
9514	0
9514	
9049;0;0;32;28
9632	0
9632	
9172;0;0;32;28
9749	0
9749	
9286;0;0;32;28
9864	0
9864	
9404;0;0;32;28
9979	0
9979	
9519;0;0;32;28
10094	0
10094	
9633;0;0;32;28
10208	0
10208	
9748;0;0;32;28
10322	0
10322	
9862;0;0;32;28
10440	0
10440	
9976;0;0;32;28
10563	0
10563	
10100;0;0;32;28
10679	0
10679	
10219;0;0;32;28
10795	0
10795	
10335;0;0;32;28
10910	0
10910	
10450;0;0;32;28
11025	0
11025	
10565;0;0;32;28
11140	0
11140	
10680;0;0;32;28
11255	0
11255	
10795;0;0;32;28
11375	0
11375	
10916;0;0;32;28
11500	0
11500	
11040;0;0;32;28
11615	0
11615	
11155;0;0;32;28
11730	0
11730	
11270;0;0;32;28
11845	0
11845	
11385;0;0;32;28
11961	0
11961	
11501;0;0;32;28
12080	0
12080	
11616;0;0;32;28
12195	0
12195	
11735;0;0;32;28
12315	0
12315	
11850;0;0;32;28
12434	0
12434	
11974;0;0;32;28
12550	0
12550	
12090;0;0;32;28
12665	0
12665	
12205;0;0;32;28
12783	0
12783	
12321;0;0;32;28
12899	0
12899	
12439;0;0;32;28
13014	0
13014	
12554;0;0;32;28
13130	0
13130	
12670;0;0;32;28
13250	0
13250	
12785;0;0;32;28
13369	0
13369	
12909;0;0;32;28
13484	0
13484	
13024;0;0;32;28
13602	0
13602	
13142;0;0;32;28
13718	0
13718	
13258;0;0;32;28
13833	0
13833	
13373;0;0;32;28
13948	0
13948	
13488;0;0;32;28
14063	0
14063	
13603;0;0;32;28
14184	0
14184	
13718;0;0;32;28
14305	0
14305	
13845;0;0;32;28
14421	0
14421	
13961;0;0;32;28
14536	0
14536	
14076;0;0;32;28
14651	0
14651	
14191;0;0;32;28
14766	0
14766	
14306;0;0;32;28
14882	0
14882	
14421;0;0;32;28
14997	0
14997	
14537;0;0;32;28
15120	0
15120	
14656;0;0;32;28
15240	0
15240	
14780;0;0;32;28
15355	0
15355	
14895;0;0;32;28
15471	0
15471	
15010;0;0;32;28
15586	0
15586	
15127;0;0;32;28
15702	0
15702	
15242;0;0;32;28
15820	0
15820	
15357;0;0;32;28
15935	0
15935	
15475;0;0;32;28
16057	0
16057	
15590;0;0;32;28
16175	0
16175	
15715;0;0;32;28
16291	0
16291	
15831;0;0;32;28
16406	0
16406	
15946;0;0;32;28
16524	0
16524	
16061;0;0;32;28
16639	0
16639	
16179;0;0;32;28
16755	0
16755	
16295;0;0;32;28
16870	0
16870	
16410;0;0;32;28
16991	0
16991	
16526;0;0;32;28
17110	0
17110	
16650;0;0;32;28
17225	0
17225	
16765;0;0;32;28
17344	0
17344	
16884;0;0;32;28
17459	0
17459	
16999;0;0;32;28
17574	0
17574	
17114;0;0;32;28
17689	0
17689	
17229;0;0;32;28
17804	0
17804	
17344;0;0;32;28
17926	0
17926	
17460;0;0;32;28
18047	0
18047	
17588;0;0;32;28
18163	0
18163	
17703;0;0;32;28
18278	0
18278	
17818;0;0;32;28
18394	0
18394	
17934;0;0;32;28
18510	0
18510	
18050;0;0;32;28
18625	0
18625	
18165;0;0;32;28
18740	0
18740	
18280;0;0;32;28
18863	0
18863	
18398;0;0;32;28
18983	0
18983	
18522;0;0;32;28
19098	0
19098	
18638;0;0;32;28
19213	0
19213	
18753;0;0;32;28
19328	0
19328	
18868;0;0;32;28
19443	0
19443	
18983;0;0;32;28
19560	0
19560	
19100;0;0;32;28
19677	0
19677	
19217;0;0;32;28
19797	0
19797	
19332;0;0;32;28
19916	0
19916	
19456;0;0;32;28
20031	0
20031	
19571;0;0;32;28
20146	0
20146	
19686;0;0;32;28
20265	0
20265	
19802;0;0;32;28
20380	0
20380	
19920;0;0;32;28
20496	0
20496	
20036;0;0;32;28
20611	0
20611	
20151;0;0;32;28
20731	0
20731	
20266;0;0;32;28
20851	0
20851	
20391;0;0;32;28
20967	0
20967	
20506;0;0;32;28
21085	0
21085	
20624;0;0;32;28
21200	0
21200	
20740;0;0;32;28
21315	0
21315	
20855;0;0;32;28
21431	0
21431	
20971;0;0;32;28
21546	0
21546	
21086;0;0;32;28
21670	0
21670	
21210;0;0;32;28
21788	0
21788	
21328;0;0;32;28
21904	0
21904	
21444;0;0;32;28
22020	0
22020	
21560;0;0;32;28
22135	0
22135	
21675;0;0;32;28
22250	0
22250	
21790;0;0;32;28
22365	0
22365	
21905;0;0;32;28
22492	0
22492	
22020;0;0;32;28
22608	0
22608	
22147;0;0;32;28
22723	0
22723	
22263;0;0;32;28
22838	0
22838	
22378;0;0;32;28
22953	0
22953	
22493;0;0;32;28
23068	0
23068	
22608;0;0;32;28
23183	0
23183	
22723;0;0;32;28
23302	0
23302	
22839;0;0;32;28
23423	0
23423	
22957;0;0;32;28
23541	0
23541	
23081;0;0;32;28
23656	0
23656	
23196;0;0;32;28
23771	0
23771	
23311;0;0;32;28
23887	0
23887	
23427;0;0;32;28
24004	0
24004	
23543;0;0;32;28
24121	0
24121	
23661;0;0;32;28
24236	0
24236	
23776;0;0;32;28
24356	0
24356	
23891;0;0;32;28
24476	0
24476	
24016;0;0;32;28
24591	0
24591	
24132;0;0;32;28
24707	0
24707	
24247;0;0;32;28
24824	0
24824	
24365;0;0;32;28
24940	0
24940	
24480;0;0;32;28
25056	0
25056	
24596;0;0;32;28
25171	0
25171	
24711;0;0;32;28
25286	0
25286	
24826;0;0;32;28
25412	0
25412	
24952;0;0;32;28
25529	0
25529	
25069;0;0;32;28
25646	0
25646	
25186;0;0;32;28
25761	0
25761	
25301;0;0;32;28
25876	0
25876	
25416;0;0;32;28
25991	0
25991	
25532;0;0;32;28
26107	0
26107	
25647;0;0;32;28
26223	0
26223	
25763;0;0;32;28
26351	0
26351	
25891;0;0;32;28
26465	0
26465	
26005;0;0;32;28
26580	0
26580	
26120;0;0;32;28
26695	0
26695	
26235;0;0;32;28
26811	0
26811	
26351;0;0;32;28
26926	0
26926	
26466;0;0;32;28
27044	0
27044	
26581;0;0;32;28
27159	0
27159	
26699;0;0;32;28
27282	0
27282	
26814;0;0;32;28
27399	0
27399	
26939;0;0;32;28
27514	0
27514	
27054;0;0;32;28
27629	0
27629	
27169;0;0;32;28
27745	0
27745	
27284;0;0;32;28
27862	0
27862	
27402;0;0;32;28
27978	0
27978	
27518;0;0;32;28
28093	0
28093	
27634;0;0;32;28
28216	0
28216	
27749;0;0;32;28
28333	0
28333	
27873;0;0;32;28
28448	0
28448	
27988;0;0;32;28
28566	0
28566	
28107;0;0;32;28
28681	0
28681	
28221;0;0;32;28
28796	0
28796	
28337;0;0;32;28
28912	0
28912	
28452;0;0;32;28
29027	0
29027	
28567;0;0;32;28
29149	0
29149	
28683;0;0;32;28
29269	0
29269	
28809;0;0;32;28
29385	0
29385	
28925;0;0;32;28
29500	0
29500	
29040;0;0;32;28
29615	0
29615	
29155;0;0;32;28
29731	0
29731	
29270;0;0;32;28
29846	0
29846	
29386;0;0;32;28
29961	0
29961	
29501;0;0;32;28
30083	0
30083	
29618;0;0;32;28
30204	0
30204	
29744;0;0;32;28
30320	0
30320	
29859;0;0;32;28
30435	0
30435	
29975;0;0;32;28
30550	0
30550	
30090;0;0;32;28
30665	0
30665	
30205;0;0;32;28
30783	0
30783	
30320;0;0;32;28
30898	0
30898	
30439;0;0;32;28
31019	0
31019	
30554;0;0;32;28
31138	0
31138	
30678;0;0;32;28
31253	0
31253	
30793;0;0;32;28
31368	0
31368	
30908;0;0;32;28
31484	0
31484	
31023;0;0;32;28
31602	0
31602	
31142;0;0;32;28
31717	0
31717	
31257;0;0;32;28
31832	0
31832	
31372;0;0;32;28
31951	0
31951	
31487;0;0;32;28
32071	0
32071	
31611;0;0;32;28
32187	0
32187	
31727;0;0;32;28
32305	0
32305	
31846;0;0;32;28
32420	0
32420	
31960;0;0;32;28
32535	0
32535	
32075;0;0;32;28
32650	0
32650	
32190;0;0;32;28
32766	0
32766	
32306;0;0;32;28
32881	0
32881	
32421;0;0;32;28
33009	0
33009	
32546;0;0;32;28
33124	0
33124	
32664;0;0;32;28
33239	0
33239	
32779;0;0;32;28
33355	0
33355	
32895;0;0;32;28
33470	0
33470	
33010;0;0;32;28
33585	0
33585	
33125;0;0;32;28
33700	0
33700	
33241;0;0;32;28
33818	0
33818	
33355;0;0;32;28
33943	0
33943	
33483;0;0;32;28
34058	0
34058	
33598;0;0;32;28
34173	0
34173	
33713;0;0;32;28
34288	0
34288	
33828;0;0;32;28
34403	0
34403	
33943;0;0;32;28
34522	0
34522	
34059;0;0;32;28
34637	0
34637	
34177;0;0;32;28
34752	0
34752	
34292;0;0;32;28
34876	0
34876	
34416;0;0;32;28
34991	0
34991	
34531;0;0;32;28
35107	0
35107	
34647;0;0;32;28
35222	0
35222	
34762;0;0;32;28
35340	0
35340	
34880;0;0;32;28
35455	0
35455	
34995;0;0;32;28
35570	0
35570	
35110;0;0;32;28
35686	0
35686	
35226;0;0;32;28
35811	0
35811	
35351;0;0;32;28
35926	0
35926	
35466;0;0;32;28
36044	0
36044	
35585;0;0;32;28
36160	0
36160	
35700;0;0;32;28
36276	0
36276	
35816;0;0;32;28
36391	0
36391	
35931;0;0;32;28
36506	0
36506	
36046;0;0;32;28
36621	0
36621	
36161;0;0;32;28
36748	0
36748	
36285;0;0;32;28
36864	0
36864	
36404;0;0;32;28
36979	0
36979	
36519;0;0;32;28
37094	0
37094	
36634;0;0;32;28
37209	0
37209	
36749;0;0;32;28
37324	0
37324	
36864;0;0;32;28
37440	0
37440	
36979;0;0;32;28
37557	0
37557	
37097;0;0;32;28
37683	0
37683	
37223;0;0;32;28
37798	0
37798	
37338;0;0;32;28
37913	0
37913	
37453;0;0;32;28
38028	0
38028	
37568;0;0;32;28
38144	0
38144	
37684;0;0;32;28
38262	0
38262	
37799;0;0;32;28
38377	0
38377	
37917;0;0;32;28
38497	0
38497	
38032;0;0;32;28
38616	0
38616	
38156;0;0;32;28
38732	0
38732	
38272;0;0;32;28
38847	0
38847	
38387;0;0;32;28
38963	0
38963	
38502;0;0;32;28
39080	0
39080	
38620;0;0;32;28
39195	0
39195	
38735;0;0;32;28
39311	0
39311	
38851;0;0;32;28
39431	0
39431	
38966;0;0;32;28
39550	0
39550	
39090;0;0;32;28
39665	0
39665	
39205;0;0;32;28
39782	0
39782	
39323;0;0;32;28
39899	0
39899	
39439;0;0;32;28
40014	0
40014	
39554;0;0;32;28
40129	0
40129	
39669;0;0;32;28
40244	0
40244	
39784;0;0;32;28
40365	0
40365	
39899;0;0;32;28
40487	0
40487	
40024;0;0;32;28
40602	0
40602	
40143;0;0;32;28
40717	0
40717	
40257;0;0;32;28
40832	0
40832	
40372;0;0;32;28
40947	0
40947	
40487;0;0;32;28
41063	0
41063	
40603;0;0;32;28
41178	0
41178	
40718;0;0;32;28
41305	0
41305	
40833;0;0;32;28
41420	0
41420	
40960;0;0;32;28
41535	0
41535	
41075;0;0;32;28
41651	0
41651	
41191;0;0;32;28
41766	0
41766	
41306;0;0;32;28
41881	0
41881	
41421;0;0;32;28
41998	0
41998	
41536;0;0;32;28
42115	0
42115	
41655;0;0;32;28
42238	0
42238	
41771;0;0;32;28
42355	0
42355	
41895;0;0;32;28
42470	0
42470	
42010;0;0;32;28
42585	0
42585	
42125;0;0;32;28
42700	0
42700	
42240;0;0;32;28
42819	0
42819	
42360;0;0;32;28
42934	0
42934	
42474;0;0;32;28
43049	0
43049	
42589;0;0;32;28
43167	0
43167	
42704;0;0;32;28
43288	0
43288	
42828;0;0;32;28
43404	0
43404	
42945;0;0;32;28
43522	0
43522	
43062;0;0;32;28
43638	0
43638	
43178;0;0;32;28
43753	0
43753	
43293;0;0;32;28
43868	0
43868	
43408;0;0;32;28
43984	0
43984	
43524;0;0;32;28
44100	0
44100	
43639;0;0;32;28
44215	0
44215	
43755;0;0;32;28
44332	0
44332	
43871;0;0;32;28
44447	0
44447	
43987;0;0;32;28
44563	0
44563	
44102;0;0;32;28
44678	0
44678	
44218;0;0;32;28
44793	0
44793	
44333;0;0;32;28
44909	0
44909	
44449;0;0;32;28
45024	0
45024	
44564;0;0;32;28
45150	0
45150	
44680;0;0;32;28
45266	0
45266	
44806;0;0;32;28
45381	0
45381	
44921;0;0;32;28
45497	0
45497	
45036;0;0;32;28
45612	0
45612	
45152;0;0;32;28
45727	0
45727	
45267;0;0;32;28
45845	0
45845	
45386;0;0;32;28
45962	0
45962	
45502;0;0;32;28
46084	0
46084	
45617;0;0;32;28
46202	0
46202	
45741;0;0;32;28
46317	0
46317	
45857;0;0;32;28
46433	0
46433	
45973;0;0;32;28
46549	0
46549	
46088;0;0;32;28
46665	0
46665	
46206;0;0;32;28
46780	0
46780	
46320;0;0;32;28
46895	0
46895	
46435;0;0;32;28
47016	0
47016	
46551;0;0;32;28
47135	0
47135	
46675;0;0;32;28
47251	0
47251	
46790;0;0;32;28
47367	0
47367	
46906;0;0;32;28
47482	0
47482	
47022;0;0;32;28
47599	0
47599	
47138;0;0;32;28
47714	0
47714	
47254;0;0;32;28
47829	0
47829	
47369;0;0;32;28
47947	0
47947	
47484;0;0;32;28
48070	0
48070	
47610;0;0;32;28
48187	0
48187	
47727;0;0;32;28
48303	0
48303	
47842;0;0;32;28
48418	0
48418	
47958;0;0;32;28
48533	0
48533	
48073;0;0;32;28
48648	0
48648	
48188;0;0;32;28
48764	0
48764	
48304;0;0;32;28
48881	0
48881	
48420;0;0;32;28
49006	0
49006	
48547;0;0;32;28
49122	0
49122	
48662;0;0;32;28
49237	0
49237	
48777;0;0;32;28
49353	0
49353	
48893;0;0;32;28
49468	0
49468	
49008;0;0;32;28
49585	0
49585	
49126;0;0;32;28
49703	0
49703	
49242;0;0;32;28
49818	0
49818	
49358;0;0;32;28
49943	0
49943	
49483;0;0;32;28
50058	0
50058	
49598;0;0;32;28
50173	0
50173	
49713;0;0;32;28
50289	0
50289	
49828;0;0;32;28
50405	0
50405	
49946;0;0;32;28
50522	0
50522	
50062;0;0;32;28
50637	0
50637	
50177;0;0;32;28
50752	0
50752	
50292;0;0;32;28
50876	0
50876	
50416;0;0;32;28
50992	0
50992	
50531;0;0;32;28
51109	0
51109	
50649;0;0;32;28
51225	0
51225	
50765;0;0;32;28
51340	0
51340	
50880;0;0;32;28
51455	0
51455	
50995;0;0;32;28
51570	0
51570	
51110;0;0;32;28
51686	0
51686	
51226;0;0;32;28
51813	0
51813	
51352;0;0;32;28
51928	0
51928	
51468;0;0;32;28
52043	0
52043	
51583;0;0;32;28
52158	0
52158	
51698;0;0;32;28
52274	0
52274	
51813;0;0;32;28
52389	0
52389	
51929;0;0;32;28
52504	0
52504	
52044;0;0;32;28
52627	0
52627	
52161;0;0;32;28
52746	0
52746	
52286;0;0;32;28
52861	0
52861	
52401;0;0;32;28
52977	0
52977	
52517;0;0;32;28
53092	0
53092	
52632;0;0;32;28
53207	0
53207	
52747;0;0;32;28
53323	0
53323	
52864;0;0;32;28
53441	0
53441	
52982;0;0;32;28
53562	0
53562	
53097;0;0;32;28
53681	0
53681	
53221;0;0;32;28
53796	0
53796	
53336;0;0;32;28
53911	0
53911	
53452;0;0;32;28
54028	0
54028	
53566;0;0;32;28
54144	0
54144	
53683;0;0;32;28
54259	0
54259	
53799;0;0;32;28
54374	0
54374	
53914;0;0;32;28
54495	0
54495	
54029;0;0;32;28
54613	0
54613	
54153;0;0;32;28
54731	0
54731	
54269;0;0;32;28
54847	0
54847	
54386;0;0;32;28
54962	0
54962	
54502;0;0;32;28
55077	0
55077	
54617;0;0;32;28
55192	0
55192	
54732;0;0;32;28
55308	0
55308	
54848;0;0;32;28
55430	0
55430	
54963;0;0;32;28
55549	0
55549	
55090;0;0;32;28
55666	0
55666	
55206;0;0;32;28
55781	0
55781	
55321;0;0;32;28
55897	0
55897	
55437;0;0;32;28
56012	0
56012	
55553;0;0;32;28
56127	0
56127	
55667;0;0;32;28
56242	0
56242	
55782;0;0;32;28
56366	0
56366	
55899;0;0;32;28
56485	0
56485	
56025;0;0;32;28
56600	0
56600	
56140;0;0;32;28
56715	0
56715	
56255;0;0;32;28
56830	0
56830	
56370;0;0;32;28
56945	0
56945	
56485;0;0;32;28
57062	0
57062	
56601;0;0;32;28
57178	0
57178	
56717;0;0;32;28
57293	0
57293	
56833;0;0;32;28
57418	0
57418	
56958;0;0;32;28
57533	0
57533	
57073;0;0;32;28
57649	0
57649	
57189;0;0;32;28
57765	0
57765	
57304;0;0;32;28
57881	0
57881	
57420;0;0;32;28
57996	0
57996	
57536;0;0;32;28
58111	0
58111	
57652;0;0;32;28
58227	0
58227	
57767;0;0;32;28
58348	0
58348	
57882;0;0;32;28
58466	0
58466	
58006;0;0;32;28
58582	0
58582	
58123;0;0;32;28
58699	0
58699	
58239;0;0;32;28
58815	0
58815	
58355;0;0;32;28
58930	0
58930	
58470;0;0;32;28
59045	0
59045	
58585;0;0;32;28
59160	0
59160	
58700;0;0;32;28
59283	0
59283	
58815;0;0;32;28
59402	0
59402	
58940;0;0;32;28
59518	0
59518	
59058;0;0;32;28
59633	0
59633	
59173;0;0;32;28
59748	0
59748	
59288;0;0;32;28
59863	0
59863	
59403;0;0;32;28
59979	0
59979	
59518;0;0;32;28
60095	0
60095	
59634;0;0;32;28
60211	0
60211	
59752;0;0;32;28
60336	0
60336	
59876;0;0;32;28
60451	0
60451	
59991;0;0;32;28
60566	0
60566	
60106;0;0;32;28
60682	0
60682	
60222;0;0;32;28
60798	0
60798	
60337;0;0;32;28
60914	0
60914	
60454;0;0;32;28
61030	0
61030	
60570;0;0;32;28
61145	0
61145	
60685;0;0;32;28
61268	0
61268	
60801;0;0;32;28
61385	0
61385	
60925;0;0;32;28
61500	0
61500	
61040;0;0;32;28
61618	0
61618	
61157;0;0;32;28
61733	0
61733	
61273;0;0;32;28
61849	0
61849	
61389;0;0;32;28
61964	0
61964	
61504;0;0;32;28
62079	0
62079	
61619;0;0;32;28
62200	0
62200	
61734;0;0;32;28
62320	0
62320	
61861;0;0;32;28
62438	0
62438	
61978;0;0;32;28
62553	0
62553	
62093;0;0;32;28
62668	0
62668	
62208;0;0;32;28
62783	0
62783	
62323;0;0;32;28
62898	0
62898	
62438;0;0;32;28
63014	0
63014	
62555;0;0;32;28
63131	0
63131	
62672;0;0;32;28
63258	0
63258	
62798;0;0;32;28
63373	0
63373	
62913;0;0;32;28
63488	0
63488	
63028;0;0;32;28
63604	0
63604	
63144;0;0;32;28
63719	0
63719	
63259;0;0;32;28
63835	0
63835	
63374;0;0;32;28
63951	0
63951	
63492;0;0;32;28
64066	0
64066	
63606;0;0;32;28
64191	0
64191	
63731;0;0;32;28
64306	0
64306	
63846;0;0;32;28
64421	0
64421	
63961;0;0;32;28
64537	0
64537	
64076;0;0;32;28
64653	0
64653	
64192;0;0;32;28
64769	0
64769	
64309;0;0;32;28
64884	0
64884	
64424;0;0;32;28
64999	0
64999	
64539;0;0;32;28
65124	0
65124	
64664;0;0;32;28
65239	0
65239	
64779;0;0;32;28
65356	0
65356	
64896;0;0;32;28
65472	0
65472	
65012;0;0;32;28
65587	0
65587	
65127;0;0;32;28
65702	0
65702	
65242;0;0;32;28
65817	0
65817	
65358;0;0;32;28
65933	0
65933	
65473;0;0;32;28
66058	0
66058	
65598;0;0;32;28
66175	0
66175	
65716;0;0;32;28
66290	0
66290	
65830;0;0;32;28
66405	0
66405	
65945;0;0;32;28
66521	0
66521	
66061;0;0;32;28
66636	0
66636	
66176;0;0;32;28
66751	0
66751	
66291;0;0;32;28
66867	0
66867	
66406;0;0;32;28
66993	0
66993	
66533;0;0;32;28
67109	0
67109	
66648;0;0;32;28
67224	0
67224	
66764;0;0;32;28
67339	0
67339	
66879;0;0;32;28
67454	0
67454	
66994;0;0;32;28
67570	0
67570	
67109;0;0;32;28
67686	0
67686	
67225;0;0;32;28
67806	0
67806	
67342;0;0;32;28
67926	0
67926	
67466;0;0;32;28
68041	0
68041	
67581;0;0;32;28
68156	0
68156	
67696;0;0;32;28
68271	0
68271	
67811;0;0;32;28
68388	0
68388	
67928;0;0;32;28
68504	0
68504	
68044;0;0;32;28
68619	0
68619	
68160;0;0;32;28
68739	0
68739	
68274;0;0;32;28
68858	0
68858	
68398;0;0;32;28
68974	0
68974	
68514;0;0;32;28
69090	0
69090	
68629;0;0;32;28
69206	0
69206	
68745;0;0;32;28
69322	0
69322	
68862;0;0;32;28
69437	0
69437	
68977;0;0;32;28
69553	0
69553	
69093;0;0;32;28
69673	0
69673	
69208;0;0;32;28
69793	0
69793	
69332;0;0;32;28
69909	0
69909	
69448;0;0;32;28
70025	0
70025	
69565;0;0;32;28
70141	0
70141	
69681;0;0;32;28
70256	0
70256	
69796;0;0;32;28
70371	0
70371	
69911;0;0;32;28
70486	0
70486	
70026;0;0;32;28
70610	0
70610	
70141;0;0;32;28
70729	0
70729	
70269;0;0;32;28
70844	0
70844	
70384;0;0;32;28
70959	0
70959	
70499;0;0;32;28
71074	0
71074	
70614;0;0;32;28
71189	0
71189	
70729;0;0;32;28
71305	0
71305	
70845;0;0;32;28
71421	0
71421	
70962;0;0;32;28
71544	0
71544	
71078;0;0;32;28
71662	0
71662	
71202;0;0;32;28
71777	0
71777	
71317;0;0;32;28
71893	0
71893	
71433;0;0;32;28
72008	0
72008	
71548;0;0;32;28
72124	0
72124	
71664;0;0;32;28
72242	0
72242	
71783;0;0;32;28
72357	0
72357	
71897;0;0;32;28
72477	0
72477	
72013;0;0;32;28
72597	0
72597	
72137;0;0;32;28
72712	0
72712	
72252;0;0;32;28
72828	0
72828	
72367;0;0;32;28
72944	0
72944	
72483;0;0;32;28
73060	0
73060	
72600;0;0;32;28
73175	0
73175	
72715;0;0;32;28
73290	0
73290	
72830;0;0;32;28
73405	0
73405	
72945;0;0;32;28
73530	0
73530	
73070;0;0;32;28
73648	0
73648	
73187;0;0;32;28
73763	0
73763	
73303;0;0;32;28
73878	0
73878	
73418;0;0;32;28
73993	0
73993	
73533;0;0;32;28
74108	0
74108	
73648;0;0;32;28
74224	0
74224	
73764;0;0;32;28
74339	0
74339	
73879;0;0;32;28
74467	0
74467	
74008;0;0;32;28
74582	0
74582	
74122;0;0;32;28
74697	0
74697	
74237;0;0;32;28
74813	0
74813	
74352;0;0;32;28
74928	0
74928	
74468;0;0;32;28
75043	0
75043	
74583;0;0;32;28
75160	0
75160	
74701;0;0;32;28
75277	0
75277	
74817;0;0;32;28
75401	0
75401	
74941;0;0;32;28
75517	0
75517	
75057;0;0;32;28
75632	0
75632	
75172;0;0;32;28
75747	0
75747	
75287;0;0;32;28
75863	0
75863	
75402;0;0;32;28
75979	0
75979	
75518;0;0;32;28
76095	0
76095	
75635;0;0;32;28
76210	0
76210	
75750;0;0;32;28
76335	0
76335	
75875;0;0;32;28
76450	0
76450	
75990;0;0;32;28
76566	0
76566	
76105;0;0;32;28
76683	0
76683	
76222;0;0;32;28
76798	0
76798	
76338;0;0;32;28
76913	0
76913	
76453;0;0;32;28
77028	0
77028	
76569;0;0;32;28
77143	0
77143	
76683;0;0;32;28
77268	0
77268	
76808;0;0;32;28
77384	0
77384	
76924;0;0;32;28
77500	0
77500	
77041;0;0;32;28
77615	0
77615	
77155;0;0;32;28
77730	0
77730	
77270;0;0;32;28
77846	0
77846	
77386;0;0;32;28
77961	0
77961	
77501;0;0;32;28
78076	0
78076	
77616;0;0;32;28
78202	0
78202	
77741;0;0;32;28
78317	0
78317	
77857;0;0;32;28
78433	0
78433	
77973;0;0;32;28
78548	0
78548	
78088;0;0;32;28
78663	0
78663	
78203;0;0;32;28
78778	0
78778	
78318;0;0;32;28
78894	0
78894	
78433;0;0;32;28
79017	0
79017	
78550;0;0;32;28
79136	0
79136	
78676;0;0;32;28
79251	0
79251	
78791;0;0;32;28
79366	0
79366	
78906;0;0;32;28
79481	0
79481	
79021;0;0;32;28
79598	0
79598	
79137;0;0;32;28
79714	0
79714	
79253;0;0;32;28
79829	0
79829	
79370;0;0;32;28
79950	0
79950	
79484;0;0;32;28
80068	0
80068	
79608;0;0;32;28
80184	0
80184	
79724;0;0;31;25
