milliseconds	Werte
9503	0
9503	
205;0;0;0.0;0.0
9608	0
9608	
308;0;0;14.0;18.0
9712	0
9712	
412;0;0;35.0;40.0
9815	0
9815	
515;0;0;41.0;44.0
9919	0
9919	
619;0;0;43.0;45.0
10023	0
10023	
723;0;0;44.0;45.0
10131	0
10131	
827;0;0;44.0;45.0
10231	0
10231	
931;0;0;44.0;45.0
10335	0
10335	
1035;0;0;45.0;45.0
10439	0
10439	
1139;0;0;44.0;44.0
10543	0
10543	
1243;0;0;45.0;45.0
10647	0
10647	
1347;0;0;44.0;45.0
10751	0
10751	
1451;0;0;45.0;45.0
10855	0
10855	
1555;0;0;44.0;45.0
10959	0
10959	
1659;0;0;44.0;45.0
11063	0
11063	
1763;0;0;45.0;44.0
11167	0
11167	
1867;0;0;44.0;45.0
11271	0
11271	
1971;0;0;44.0;45.0
11375	0
11375	
2075;0;0;45.0;45.0
11479	0
11479	
2179;0;0;44.0;45.0
11583	0
11583	
2283;0;0;45.0;44.0
11687	0
11687	
2387;0;0;44.0;45.0
11791	0
11791	
2491;0;0;44.0;45.0
11895	0
11895	
2595;0;0;45.0;45.0
11999	0
11999	
2699;0;0;44.0;45.0
12103	0
12103	
2803;0;0;44.0;44.0
12206	0
12206	
2906;0;0;44.0;45.0
12310	0
12310	
3010;0;0;44.0;45.0
12415	0
12415	
3114;0;0;44.0;44.0
12519	0
12519	
3218;0;0;45.0;46.0
12623	0
12623	
3322;0;0;45.0;45.0
12727	0
12727	
3426;0;0;45.0;45.0
12832	0
12832	
3533;0;0;89.0;46.0
12936	0
12936	
3636;0;0;45.0;90.0
13040	0
13040	
3740;0;0;44.0;44.0
13144	0
13144	
3844;0;0;44.0;46.0
13248	0
13248	
3948;0;0;44.0;44.0
13352	0
13352	
4052;0;0;45.0;45.0
13456	0
13456	
4156;0;0;44.0;45.0
13560	0
13560	
4260;0;0;44.0;44.0
13664	0
13664	
4364;0;0;44.0;45.0
13768	0
13768	
4468;0;0;45.0;45.0
13872	0
13872	
4572;0;0;44.0;45.0
13976	0
13976	
4676;0;0;44.0;45.0
14080	0
14080	
4780;0;0;44.0;44.0
14184	0
14184	
4884;0;0;44.0;45.0
14288	0
14288	
4988;0;0;44.0;45.0
14392	0
14392	
5092;0;0;44.0;45.0
14496	0
14496	
5196;0;0;45.0;44.0
14600	0
14600	
5300;0;0;44.0;45.0
14704	0
14704	
5404;0;0;44.0;45.0
14813	0
14813	
5508;0;0;44.0;45.0
14912	0
14912	
5612;0;0;44.0;44.0
15019	0
15019	
5716;0;0;44.0;45.0
15121	0
15121	
5819;0;0;45.0;45.0
15226	0
15226	
5923;0;0;44.0;45.0
15339	0
15339	
6033;0;0;45.0;45.0
15439	0
15439	
6138;0;0;44.0;45.0
15546	0
15546	
6246;0;0;44.0;45.0
15650	0
15650	
6350;0;0;44.0;44.0
15755	0
15755	
6454;0;0;45.0;45.0
15859	0
15859	
6558;0;0;44.0;45.0
15963	0
15963	
6662;0;0;45.0;46.0
16067	0
16067	
6766;0;0;45.0;45.0
16172	0
16172	
6873;0;0;89.0;45.0
16276	0
16276	
6976;0;0;45.0;90.0
16380	0
16380	
7080;0;0;44.0;45.0
16484	0
16484	
7184;0;0;45.0;45.0
16588	0
16588	
7288;0;0;44.0;45.0
16692	0
16692	
7392;0;0;44.0;44.0
16796	0
16796	
7496;0;0;44.0;45.0
16907	0
16907	
7600;0;0;45.0;45.0
17004	0
17004	
7704;0;0;44.0;45.0
17108	0
17108	
7808;0;0;45.0;44.0
17212	0
17212	
7912;0;0;44.0;45.0
17316	0
17316	
8016;0;0;44.0;45.0
17420	0
17420	
8120;0;0;44.0;45.0
17524	0
17524	
8224;0;0;44.0;45.0
17628	0
17628	
8328;0;0;45.0;44.0
17732	0
17732	
8432;0;0;44.0;45.0
17836	0
17836	
8536;0;0;45.0;45.0
17940	0
17940	
8640;0;0;44.0;44.0
18044	0
18044	
8744;0;0;44.0;45.0
18148	0
18148	
8848;0;0;44.0;45.0
18252	0
18252	
8952;0;0;45.0;45.0
18356	0
18356	
9056;0;0;44.0;45.0
18465	0
18465	
9160;0;0;45.0;44.0
18564	0
18564	
9264;0;0;44.0;45.0
18668	0
18668	
9368;0;0;44.0;45.0
18772	0
18772	
9472;0;0;44.0;44.0
18876	0
18876	
9576;0;0;45.0;45.0
18980	0
18980	
9680;0;0;45.0;45.0
19084	0
19084	
9784;0;0;44.0;45.0
19188	0
19188	
9888;0;0;44.0;44.0
19292	0
19292	
9992;0;0;45.0;45.0
19396	0
19396	
10096;0;0;45.0;45.0
19501	0
19501	
10200;0;0;44.0;45.0
19605	0
19605	
10304;0;0;45.0;45.0
19709	0
19709	
10408;0;0;45.0;46.0
19813	0
19813	
10512;0;0;45.0;45.0
19917	0
19917	
10618;0;0;89.0;45.0
20026	0
20026	
10721;0;0;45.0;90.0
20125	0
20125	
10825;0;0;44.0;45.0
20229	0
20229	
10929;0;0;44.0;45.0
20333	0
20333	
11033;0;0;45.0;44.0
20437	0
20437	
11137;0;0;44.0;45.0
20543	0
20543	
11241;0;0;44.0;45.0
20645	0
20645	
11345;0;0;45.0;45.0
20752	0
20752	
11449;0;0;44.0;45.0
20855	0
20855	
11553;0;0;44.0;44.0
20959	0
20959	
11657;0;0;45.0;45.0
21064	0
21064	
11761;0;0;44.0;45.0
21167	0
21167	
11865;0;0;44.0;44.0
21271	0
21271	
11969;0;0;45.0;45.0
21377	0
21377	
12077;0;0;44.0;45.0
21482	0
21482	
12182;0;0;44.0;45.0
21593	0
21593	
12286;0;0;45.0;45.0
21690	0
21690	
12390;0;0;44.0;44.0
21794	0
21794	
12494;0;0;44.0;45.0
21898	0
21898	
12598;0;0;45.0;45.0
22002	0
22002	
12702;0;0;44.0;44.0
22105	0
22105	
12805;0;0;44.0;45.0
22209	0
22209	
12909;0;0;44.0;45.0
22312	0
22312	
13012;0;0;44.0;45.0
22416	0
22416	
13116;0;0;44.0;45.0
22520	0
22520	
13220;0;0;45.0;45.0
22624	0
22624	
13324;0;0;44.0;44.0
22728	0
22728	
13428;0;0;44.0;45.0
22832	0
22832	
13532;0;0;45.0;45.0
22936	0
22936	
13636;0;0;44.0;45.0
23040	0
23040	
13740;0;0;45.0;45.0
23154	0
23154	
13848;0;0;44.0;45.0
23252	0
23252	
13951;0;0;45.0;45.0
23356	0
23356	
14055;0;0;45.0;46.0
23461	0
23461	
14162;0;0;90.0;45.0
23565	0
23565	
14265;0;0;44.0;90.0
23669	0
23669	
14369;0;0;45.0;45.0
23773	0
23773	
14473;0;0;44.0;45.0
23881	0
23881	
14577;0;0;44.0;45.0
23981	0
23981	
14681;0;0;44.0;44.0
24085	0
24085	
14785;0;0;45.0;45.0
24189	0
24189	
14889;0;0;44.0;45.0
24293	0
24293	
14993;0;0;45.0;45.0
24396	0
24396	
15096;0;0;44.0;44.0
24500	0
24500	
15200;0;0;44.0;45.0
24604	0
24604	
15304;0;0;44.0;45.0
24708	0
24708	
15408;0;0;45.0;45.0
24811	0
24811	
15511;0;0;44.0;45.0
24915	0
24915	
15615;0;0;45.0;44.0
25019	0
25019	
15719;0;0;44.0;45.0
25123	0
25123	
15823;0;0;44.0;44.0
25227	0
25227	
15927;0;0;44.0;44.0
25331	0
25331	
16031;0;0;45.0;45.0
25445	0
25445	
16135;0;0;44.0;45.0
25539	0
25539	
16239;0;0;45.0;44.0
25643	0
25643	
16343;0;0;44.0;45.0
25747	0
25747	
16447;0;0;44.0;45.0
25851	0
25851	
16551;0;0;45.0;45.0
25955	0
25955	
16655;0;0;44.0;45.0
26059	0
26059	
16759;0;0;45.0;44.0
26167	0
26167	
16863;0;0;44.0;45.0
26267	0
26267	
16967;0;0;44.0;45.0
26371	0
26371	
17071;0;0;44.0;45.0
26475	0
26475	
17175;0;0;45.0;45.0
26579	0
26579	
17279;0;0;44.0;45.0
26683	0
26683	
17383;0;0;45.0;45.0
26787	0
26787	
17487;0;0;45.0;45.0
26891	0
26891	
17590;0;0;44.0;45.0
26995	0
26995	
17694;0;0;45.0;45.0
27099	0
27099	
17798;0;0;44.0;45.0
27204	0
27204	
17901;0;0;45.0;45.0
27311	0
27311	
18008;0;0;90.0;45.0
27413	0
27413	
18111;0;0;44.0;90.0
27517	0
27517	
18215;0;0;45.0;45.0
27623	0
27623	
18324;0;0;44.0;45.0
27736	0
27736	
18433;0;0;44.0;45.0
27836	0
27836	
18536;0;0;45.0;44.0
27940	0
27940	
18640;0;0;44.0;45.0
28044	0
28044	
18744;0;0;45.0;45.0
28148	0
28148	
18848;0;0;44.0;45.0
28252	0
28252	
18952;0;0;44.0;44.0
28356	0
28356	
19056;0;0;45.0;45.0
28465	0
28465	
19160;0;0;44.0;45.0
28564	0
28564	
19264;0;0;44.0;44.0
28668	0
28668	
19368;0;0;45.0;45.0
28772	0
28772	
19472;0;0;44.0;45.0
28876	0
28876	
19576;0;0;45.0;45.0
28980	0
28980	
19680;0;0;44.0;45.0
29084	0
29084	
19784;0;0;44.0;44.0
29188	0
29188	
19888;0;0;45.0;45.0
29292	0
29292	
19992;0;0;44.0;45.0
29396	0
29396	
20096;0;0;45.0;44.0
29500	0
29500	
20200;0;0;44.0;45.0
29604	0
29604	
20304;0;0;44.0;45.0
29708	0
29708	
20408;0;0;45.0;44.0
29812	0
29812	
20512;0;0;44.0;45.0
29916	0
29916	
20616;0;0;45.0;45.0
30020	0
30020	
20720;0;0;45.0;45.0
30124	0
30124	
20824;0;0;44.0;45.0
30228	0
30228	
20928;0;0;45.0;45.0
30335	0
30335	
21032;0;0;44.0;45.0
30436	0
30436	
21135;0;0;45.0;45.0
30540	0
30540	
21239;0;0;45.0;45.0
30644	0
30644	
21343;0;0;45.0;45.0
30757	0
30757	
21450;0;0;90.0;45.0
30853	0
30853	
21553;0;0;44.0;90.0
30957	0
30957	
21657;0;0;45.0;45.0
31061	0
31061	
21761;0;0;44.0;45.0
31164	0
31164	
21864;0;0;44.0;45.0
31268	0
31268	
21968;0;0;45.0;45.0
31372	0
31372	
22072;0;0;45.0;44.0
31480	0
31480	
22176;0;0;44.0;45.0
31580	0
31580	
22280;0;0;44.0;45.0
31684	0
31684	
22384;0;0;45.0;44.0
31788	0
31788	
22488;0;0;44.0;45.0
31892	0
31892	
22592;0;0;45.0;45.0
31996	0
31996	
22696;0;0;44.0;45.0
32100	0
32100	
22800;0;0;44.0;44.0
32203	0
32203	
22903;0;0;45.0;45.0
32307	0
32307	
23007;0;0;45.0;45.0
32411	0
32411	
23111;0;0;44.0;45.0
32515	0
32515	
23215;0;0;44.0;44.0
32618	0
32618	
23318;0;0;45.0;45.0
32722	0
32722	
23422;0;0;44.0;45.0
32826	0
32826	
23526;0;0;45.0;44.0
32930	0
32930	
23630;0;0;44.0;45.0
33045	0
33045	
23741;0;0;44.0;45.0
33147	0
33147	
23844;0;0;45.0;44.0
33250	0
33250	
23948;0;0;44.0;44.0
33354	0
33354	
24052;0;0;45.0;45.0
33459	0
33459	
24158;0;0;44.0;45.0
33566	0
33566	
24266;0;0;45.0;44.0
33671	0
33671	
24370;0;0;44.0;44.0
33785	0
33785	
24473;0;0;45.0;45.0
33878	0
33878	
24577;0;0;45.0;45.0
33982	0
33982	
24681;0;0;44.0;45.0
34087	0
34087	
24788;0;0;91.