milliseconds	Werte
6330	0
6330	
204;0;0;0.0;0.0
6434	0
6434	
307;0;0;13.0;16.0
6538	0
6538	
411;0;0;28.0;34.0
6642	0
6642	
515;0;0;33.0;36.0
6746	0
6746	
619;0;0;34.0;35.0
6850	0
6850	
723;0;0;35.0;36.0
6958	0
6958	
827;0;0;35.0;36.0
7058	0
7058	
931;0;0;35.0;36.0
7162	0
7162	
1035;0;0;35.0;36.0
7266	0
7266	
1139;0;0;35.0;36.0
7369	0
7369	
1242;0;0;35.0;36.0
7473	0
7473	
1346;0;0;35.0;35.0
7577	0
7577	
1450;0;0;35.0;36.0
7681	0
7681	
1554;0;0;35.0;36.0
7793	0
7793	
1664;0;0;35.0;36.0
7894	0
7894	
1767;0;0;35.0;36.0
7998	0
7998	
1871;0;0;36.0;36.0
8102	0
8102	
1975;0;0;35.0;36.0
8206	0
8206	
2079;0;0;35.0;36.0
8310	0
8310	
2183;0;0;35.0;36.0
8414	0
8414	
2287;0;0;35.0;36.0
8520	0
8520	
2391;0;0;35.0;36.0
8622	0
8622	
2495;0;0;35.0;36.0
8726	0
8726	
2599;0;0;35.0;36.0
8830	0
8830	
2703;0;0;35.0;36.0
8934	0
8934	
2807;0;0;35.0;36.0
9038	0
9038	
2911;0;0;35.0;36.0
9142	0
9142	
3015;0;0;36.0;36.0
9246	0
9246	
3119;0;0;34.0;36.0
9360	0
9360	
3227;0;0;36.0;36.0
9458	0
9458	
3330;0;0;35.0;36.0
9562	0
9562	
3434;0;0;36.0;36.0
9667	0
9667	
3541;0;0;71.0;37.0
9771	0
9771	
3644;0;0;35.0;72.0
9875	0
9875	
3748;0;0;35.0;36.0
9978	0
9978	
3851;0;0;35.0;36.0
10086	0
10086	
3955;0;0;35.0;36.0
10186	0
10186	
4059;0;0;35.0;36.0
10290	0
10290	
4163;0;0;35.0;36.0
10394	0
10394	
4267;0;0;35.0;36.0
10498	0
10498	
4371;0;0;35.0;36.0
10602	0
10602	
4475;0;0;36.0;35.0
10706	0
10706	
4579;0;0;35.0;36.0
10810	0
10810	
4683;0;0;35.0;36.0
10922	0
10922	
4791;0;0;35.0;36.0
11021	0
11021	
4894;0;0;35.0;36.0
11125	0
11125	
4998;0;0;35.0;36.0
11229	0
11229	
5102;0;0;35.0;36.0
11332	0
11332	
5205;0;0;35.0;36.0
11435	0
11435	
5308;0;0;35.0;35.0
11539	0
11539	
5412;0;0;35.0;36.0
11645	0
11645	
5516;0;0;35.0;36.0
11747	0
11747	
5620;0;0;36.0;36.0
11851	0
11851	
5724;0;0;34.0;36.0
11955	0
11955	
5828;0;0;36.0;36.0
12059	0
12059	
5932;0;0;35.0;36.0
12165	0
12165	
6036;0;0;35.0;36.0
12267	0
12267	
6140;0;0;35.0;36.0
12371	0
12371	
6244;0;0;35.0;36.0
12479	0
12479	
6347;0;0;35.0;36.0
12578	0
12578	
6451;0;0;35.0;36.0
12682	0
12682	
6555;0;0;36.0;36.0
12786	0
12786	
6659;0;0;35.0;36.0
12890	0
12890	
6763;0;0;35.0;36.0
12994	0
12994	
6866;0;0;35.0;36.0
13098	0
13098	
6970;0;0;35.0;36.0
13201	0
13201	
7073;0;0;36.0;36.0
13305	0
13305	
7177;0;0;35.0;36.0
13408	0
13408	
7282;0;0;71.0;36.0
13515	0
13515	
7385;0;0;34.0;72.0
13618	0
13618	
7489;0;0;36.0;36.0
13723	0
13723	
7593;0;0;35.0;36.0
13827	0
13827	
7697;0;0;35.0;36.0
13930	0
13930	
7800;0;0;35.0;36.0
14042	0
14042	
7904;0;0;35.0;36.0
14137	0
14137	
8008;0;0;35.0;35.0
14242	0
14242	
8112;0;0;35.0;36.0
14344	0
14344	
8215;0;0;36.0;36.0
14448	0
14448	
8318;0;0;34.0;36.0
14551	0
14551	
8422;0;0;36.0;36.0
14656	0
14656	
8526;0;0;34.0;36.0
14758	0
14758	
8629;0;0;36.0;36.0
14864	0
14864	
8737;0;0;35.0;36.0
14969	0
14969	
8842;0;0;35.0;36.0
15073	0
15073	
8946;0;0;35.0;35.0
15178	0
15178	
9051;0;0;35.0;36.0
15283	0
15283	
9156;0;0;35.0;36.0
15388	0
15388	
9261;0;0;35.0;36.0
15493	0
15493	
9366;0;0;35.0;36.0
15605	0
15605	
9474;0;0;36.0;36.0
15704	0
15704	
9577;0;0;35.0;36.0
15807	0
15807	
9680;0;0;35.0;36.0
15911	0
15911	
9784;0;0;35.0;35.0
16015	0
16015	
9888;0;0;35.0;35.0
16118	0
16118	
9991;0;0;35.0;37.0
16221	0
16221	
10094;0;0;35.0;35.0
16333	0
16333	
10198;0;0;36.0;37.0
16429	0
16429	
10302;0;0;35.0;36.0
16533	0
16533	
10406;0;0;36.0;36.0
16638	0
16638	
10510;0;0;35.0;36.0
16741	0
16741	
10613;0;0;36.0;37.0
16844	0
16844	
10716;0;0;35.0;36.0
16948	0
16948	
10820;0;0;35.0;35.0
17052	0
17052	
10926;0;0;71.0;37.0
17156	0
17156	
11029;0;0;35.0;72.0
17260	0
17260	
11133;0;0;35.0;36.0
17365	0
17365	
11236;0;0;35.0;36.0
17466	0
17466	
11339;0;0;35.0;36.0
17570	0
17570	
11443;0;0;35.0;36.0
17674	0
17674	
11547;0;0;35.0;35.0
17777	0
17777	
11650;0;0;36.0;36.0
17889	0
17889	
11761;0;0;35.0;36.0
17991	0
17991	
11864;0;0;35.0;36.0
18095	0
18095	
11968;0;0;35.0;36.0
18199	0
18199	
12072;0;0;35.0;36.0
18303	0
18303	
12176;0;0;35.0;36.0
18407	0
18407	
12280;0;0;35.0;36.0
18511	0
18511	
12384;0;0;35.0;36.0
18620	0
18620	
12488;0;0;35.0;35.0
18719	0
18719	
12592;0;0;35.0;36.0
18822	0
18822	
12695;0;0;35.0;36.0
18926	0
18926	
12799;0;0;36.0;36.0
19030	0
19030	
12903;0;0;34.0;36.0
19134	0
19134	
13007;0;0;36.0;36.0
19238	0
19238	
13111;0;0;35.0;35.0
19346	0
19346	
13215;0;0;35.0;37.0
19446	0
19446	
13319;0;0;35.0;35.0
19550	0
19550	
13423;0;0;35.0;36.0
19654	0
19654	
13527;0;0;35.0;36.0
19758	0
19758	
13631;0;0;35.0;36.0
19862	0
19862	
13735;0;0;35.0;36.0
19966	0
19966	
13839;0;0;35.0;36.0
20069	0
20069	
13942;0;0;36.0;36.0
20173	0
20173	
14046;0;0;35.0;36.0
20278	0
20278	
14150;0;0;35.0;36.0
20382	0
20382	
14254;0;0;35.0;36.0
20486	0
20486	
14358;0;0;36.0;36.0
20590	0
20590	
14462;0;0;35.0;36.0
20694	0
20694	
14568;0;0;71.0;37.0
20798	0
20798	
14671;0;0;35.0;72.0
20910	0
20910	
14782;0;0;35.0;35.0
21015	0
21015	
14885;0;0;35.0;36.0
21119	0
21119	
14989;0;0;35.0;36.0
21223	0
21223	
15093;0;0;35.0;36.0
21326	0
21326	
15196;0;0;35.0;36.0
21429	0
21429	
15299;0;0;35.0;36.0
21532	0
21532	
15403;0;0;36.0;36.0
21645	0
21645	
15507;0;0;34.0;36.0
21741	0
21741	
15611;0;0;35.0;36.0
21843	0
21843	
15714;0;0;35.0;35.0
21948	0
21948	
15818;0;0;35.0;36.0
22051	0
22051	
15922;0;0;36.0;36.0
22155	0
22155	
16025;0;0;35.0;36.0
22260	0
22260	
16129;0;0;35.0;35.0
22367	0
22367	
16232;0;0;35.0;36.0
22466	0
22466	
16336;0;0;35.0;37.0
22571	0
22571	
16444;0;0;35.0;35.0
22675	0
22675	
16548;0;0;35.0;36.0
22779	0
22779	
16652;0;0;35.0;36.0
22883	0
22883	
16756;0;0;35.0;36.0
22986	0
22986	
16859;0;0;35.0;36.0
23090	0
23090	
16963;0;0;35.0;36.0
23194	0
23194	
17067;0;0;35.0;36.0
23298	0
23298	
17171;0;0;35.0;35.0
23402	0
23402	
17275;0;0;35.0;36.0
23506	0
23506	
17379;0;0;35.0;36.0
23610	0
23610	
17483;0;0;35.0;36.0
23714	0
23714	
17587;0;0;35.0;36.0
23817	0
23817	
17690;0;0;35.0;36.0
23922	0
23922	
17794;0;0;35.0;37.0
24026	0
24026	
17898;0;0;36.0;36.0
24130	0
24130	
18002;0;0;35.0;36.0
24234	0
24234	
18106;0;0;36.0;36.0
24337	0
24337	
18211;0;0;70.0;36.0
24441	0
24441	
18314;0;0;35.0;72.0
24544	0
24544	
18417;0;0;36.0;36.0
24656	0
24656	
18525;0;0;34.0;36.0
24755	0
24755	
18628;0;0;36.0;36.0
24859	0
24859	
18732;0;0;34.0;36.0
24963	0
24963	
18836;0;0;36.0;36.0
25067	0
25067	
18940;0;0;35.0;36.0
25171	0
25171	
19044;0;0;35.0;35.0
25275	0
25275	
19148;0;0;35.0;36.0
25379	0
25379	
19252;0;0;35.0;36.0
25483	0
25483	
19356;0;0;35.0;36.0
25586	0
25586	
19459;0;0;35.0;36.0
25690	0
25690	
19563;0;0;35.0;36.0
25794	0
25794	
19667;0;0;35.0;35.0
25897	0
25897	
19770;0;0;36.0;37.0
26001	0
26001	
19874;0;0;34.0;35.0
26104	0
26104	
19977;0;0;36.0;36.0
26213	0
26213	
20081;0;0;34.0;36.0
26312	0
26312	
20185;0;0;35.0;36.0
26416	0
26416	
20289;0;0;35.0;36.0
26520	0
26520	
20393;0;0;35.0;36.0
26623	0
892219451	859188784
0	27666
27666	
21538;0;0;36.0;37.0
0	27774
27774	
21641;0;0;35.0;36.0
0	27873
27873	
21745;0;0;35.0;35.0
0	27978
27978	
21852;0;0;71.0;37.0
0	28082
28082	
21955;0;0;35.0;72.0
0	28185
28185	
22058;0;0;35.0;36.0
0	28289
28289	
22162;0;0;35.0;36.0
0	28392
28392	
22265;0;0;36.0;35.0
0	28495
28495	
22368;0;0;35.0;36.0
0	28607
859058233	993016624
993211694	809186102
774897664	65451
-1247805181	29639
29639	
23512;0;0;36.0;36.0
0	29743
29743	
23616;0;0;35.0;36.0
0	29846
29846	
23719;0;0;35.0;35.0
0	29949
29949	
23822;0;0;35.0;36.0
0	30053
