milliseconds	Werte
4080	0
4080	
204;0;0;0.0;0.0
4184	0
4184	
307;0;0;28.0;32.0
4288	0
4288	
411;0;0;59.0;65.0
4392	0
4392	
515;0;0;69.0;71.0
4496	0
4496	
619;0;0;73.0;72.0
4608	0
4608	
730;0;0;73.0;72.0
4710	0
4710	
833;0;0;73.0;73.0
4814	0
4814	
937;0;0;74.0;72.0
4918	0
4918	
1041;0;0;73.0;72.0
5022	0
5022	
1145;0;0;73.0;73.0
5126	0
5126	
1249;0;0;74.0;72.0
5230	0
5230	
1353;0;0;74.0;72.0
5341	0
5341	
1457;0;0;73.0;73.0
5438	0
5438	
1561;0;0;74.0;72.0
5542	0
5542	
1665;0;0;74.0;72.0
5646	0
5646	
1769;0;0;74.0;72.0
5750	0
5750	
1873;0;0;73.0;72.0
5854	0
5854	
1977;0;0;74.0;73.0
5958	0
5958	
2081;0;0;74.0;72.0
6062	0
6062	
2185;0;0;73.0;73.0
6166	0
6166	
2289;0;0;74.0;72.0
6270	0
6270	
2393;0;0;74.0;72.0
6374	0
6374	
2497;0;0;74.0;72.0
6478	0
6478	
2601;0;0;73.0;72.0
6582	0
6582	
2705;0;0;74.0;73.0
6686	0
6686	
2809;0;0;74.0;72.0
6790	0
6790	
2913;0;0;74.0;72.0
6902	0
6902	
3017;0;0;73.0;73.0
6998	0
6998	
3121;0;0;75.0;72.0
7103	0
7103	
3225;0;0;75.0;74.0
7207	0
7207	
3329;0;0;74.0;74.0
7311	0
7311	
3433;0;0;75.0;72.0
7415	0
7415	
3537;0;0;74.0;74.0
7521	0
7521	
3644;0;0;150.0;72.0
7624	0
7624	
3748;0;0;74.0;146.0
7728	0
7728	
3851;0;0;73.0;72.0
7832	0
7832	
3955;0;0;74.0;73.0
7936	0
7936	
4059;0;0;74.0;72.0
8040	0
8040	
4163;0;0;74.0;72.0
8144	0
8144	
4267;0;0;73.0;73.0
8248	0
8248	
4371;0;0;74.0;72.0
8352	0
8352	
4475;0;0;73.0;72.0
8462	0
8462	
4579;0;0;74.0;72.0
8560	0
8560	
4683;0;0;74.0;73.0
8664	0
8664	
4787;0;0;74.0;72.0
8768	0
8768	
4891;0;0;74.0;72.0
8872	0
8872	
4995;0;0;73.0;73.0
8976	0
8976	
5099;0;0;74.0;72.0
9080	0
9080	
5203;0;0;74.0;72.0
9184	0
9184	
5307;0;0;74.0;72.0
9288	0
9288	
5411;0;0;73.0;73.0
9392	0
9392	
5515;0;0;74.0;72.0
9496	0
9496	
5619;0;0;74.0;72.0
9600	0
9600	
5723;0;0;73.0;73.0
9704	0
9704	
5827;0;0;74.0;72.0
9808	0
9808	
5931;0;0;74.0;72.0
9912	0
9912	
6035;0;0;74.0;72.0
10021	0
10021	
6139;0;0;73.0;72.0
10120	0
10120	
6243;0;0;74.0;72.0
10224	0
10224	
6347;0;0;74.0;72.0
10328	0
10328	
6451;0;0;74.0;73.0
10434	0
10434	
6555;0;0;73.0;72.0
10536	0
10536	
6659;0;0;74.0;72.0
10640	0
10640	
6763;0;0;75.0;73.0
10744	0
10744	
6867;0;0;74.0;73.0
10849	0
10849	
6971;0;0;75.0;73.0
10956	0
10956	
7075;0;0;74.0;73.0
11057	0
11057	
7179;0;0;75.0;73.0
11161	0
11161	
7283;0;0;74.0;73.0
11267	0
11267	
7390;0;0;150.0;73.0
11370	0
11370	
7493;0;0;74.0;146.0
11479	0
11479	
7597;0;0;74.0;73.0
11588	0
11588	
7701;0;0;74.0;72.0
11682	0
11682	
7805;0;0;74.0;72.0
11786	0
11786	
7909;0;0;74.0;72.0
11890	0
11890	
8013;0;0;73.0;73.0
11999	0
11999	
8117;0;0;73.0;72.0
12101	0
12101	
8221;0;0;74.0;72.0
12205	0
12205	
8325;0;0;74.0;73.0
12309	0
12309	
8429;0;0;74.0;72.0
12413	0
12413	
8533;0;0;74.0;72.0
12517	0
12517	
8637;0;0;74.0;73.0
12621	0
12621	
8741;0;0;73.0;72.0
12725	0
12725	
8845;0;0;74.0;72.0
12829	0
12829	
8949;0;0;74.0;73.0
12933	0
12933	
9053;0;0;74.0;72.0
13037	0
13037	
9157;0;0;74.0;72.0
13148	0
13148	
9261;0;0;73.0;73.0
13245	0
13245	
9365;0;0;74.0;72.0
13349	0
13349	
9469;0;0;74.0;73.0
13453	0
13453	
9573;0;0;74.0;72.0
13557	0
13557	
9677;0;0;74.0;72.0
13660	0
13660	
9781;0;0;73.0;73.0
13765	0
13765	
9885;0;0;73.0;72.0
13869	0
13869	
9989;0;0;74.0;72.0
13973	0
13973	
10093;0;0;74.0;73.0
14077	0
14077	
10197;0;0;74.0;72.0
14181	0
14181	
10301;0;0;74.0;72.0
14285	0
14285	
10405;0;0;74.0;72.0
14391	0
14391	
10509;0;0;74.0;73.0
14495	0
14495	
10613;0;0;74.0;73.0
14601	0
14601	
10717;0;0;75.0;73.0
14711	0
14711	
10833;0;0;148.0;72.0
14816	0
14816	
10940;0;0;77.0;149.0
14923	0
14923	
11046;0;0;74.0;72.0
15028	0
15028	
11151;0;0;74.0;72.0
15133	0
15133	
11256;0;0;74.0;72.0
15238	0
15238	
11361;0;0;74.0;73.0
15343	0
15343	
11466;0;0;74.0;72.0
15455	0
15455	
11571;0;0;74.0;72.0
15553	0
15553	
11676;0;0;74.0;73.0
15658	0
15658	
11782;0;0;74.0;72.0
15763	0
15763	
11886;0;0;73.0;72.0
15868	0
15868	
11991;0;0;74.0;72.0
15973	0
15973	
12096;0;0;74.0;72.0
16078	0
16078	
12202;0;0;74.0;73.0
16187	0
16187	
12306;0;0;74.0;72.0
16288	0
16288	
12411;0;0;74.0;72.0
16393	0
16393	
12516;0;0;74.0;73.0
16498	0
16498	
12621;0;0;74.0;72.0
16603	0
16603	
12726;0;0;74.0;72.0
16708	0
16708	
12831;0;0;74.0;72.0
16812	0
16812	
12935;0;0;73.0;73.0
16916	0
16916	
13039;0;0;74.0;73.0
17020	0
17020	
13143;0;0;74.0;72.0
17125	0
17125	
13247;0;0;74.0;73.0
17229	0
17229	
13351;0;0;75.0;73.0
17333	0
17333	
13455;0;0;75.0;73.0
17437	0
17437	
13559;0;0;75.0;73.0
17543	0
17543	
13666;0;0;150.0;73.0
17646	0
17646	
13769;0;0;74.0;146.0
17758	0
17758	
13880;0;0;74.0;72.0
17860	0
17860	
13983;0;0;74.0;72.0
17964	0
17964	
14087;0;0;74.0;73.0
18068	0
18068	
14191;0;0;74.0;72.0
18172	0
18172	
14295;0;0;74.0;72.0
18276	0
18276	
14399;0;0;74.0;73.0
18380	0
18380	
14503;0;0;74.0;72.0
18489	0
18489	
14607;0;0;74.0;72.0
18588	0
18588	
14711;0;0;74.0;73.0
18692	0
18692	
14816;0;0;74.0;72.0
18796	0
18796	
14919;0;0;74.0;72.0
18900	0
18900	
15023;0;0;74.0;72.0
19004	0
19004	
15127;0;0;74.0;73.0
19108	0
19108	
15231;0;0;74.0;72.0
19216	0
19216	
15335;0;0;74.0;72.0
19316	0
19316	
15439;0;0;74.0;73.0
19420	0
19420	
15543;0;0;74.0;72.0
19526	0
19526	
15647;0;0;74.0;72.0
19628	0
19628	
15751;0;0;74.0;72.0
19732	0
19732	
15855;0;0;74.0;73.0
19836	0
19836	
15959;0;0;74.0;72.0
19940	0
19940	
16063;0;0;74.0;73.0
20044	0
20044	
16167;0;0;74.0;72.0
20148	0
20148	
16271;0;0;74.0;72.0
20252	0
20252	
16375;0;0;74.0;73.0
20356	0
20356	
16479;0;0;74.0;72.0
20460	0
20460	
16583;0;0;74.0;72.0
20565	0
20565	
16687;0;0;74.0;73.0
20669	0
20669	
16791;0;0;75.0;72.0
20782	0
20782	
16902;0;0;149.0;74.0
20883	0
20883	
17006;0;0;76.0;146.0
20986	0
20986	
17109;0;0;74.0;72.0
21090	0
21090	
17213;0;0;74.0;73.0
21194	0
21194	
17317;0;0;74.0;72.0
21298	0
21298	
17421;0;0;74.0;73.0
21402	0
21402	
17525;0;0;74.0;72.0
21511	0
21511	
17629;0;0;74.0;72.0
21610	0
21610	
17733;0;0;74.0;72.0
21714	0
21714	
17837;0;0;74.0;72.0
21818	0
21818	
17941;0;0;75.0;72.0
21922	0
21922	
18045;0;0;74.0;72.0
22026	0
22026	
18149;0;0;74.0;73.0
22130	0
22130	
18253;0;0;74.0;72.0
22234	0
22234	
18357;0;0;74.0;72.0
22338	0
22338	
18461;0;0;74.0;72.0
22442	0
22442	
18565;0;0;74.0;73.0
22546	0
22546	
18669;0;0;74.0;72.0
22650	0
22650	
18773;0;0;74.0;72.0
22754	0
22754	
18877;0;0;74.0;72.0
22858	0
22858	
18981;0;0;74.0;72.0
22962	0
22962	
19085;0;0;74.0;72.0
23074	0
23074	
19195;0;0;74.0;72.0
23175	0
23175	
19298;0;0;74.0;72.0
23279	0
23279	
19402;0;0;74.0;72.0
23383	0
23383	
19506;0;0;75.0;73.0
23487	0
23487	
19610;0;0;74.0;72.0
23591	0
23591	
19714;0;0;74.0;72.0
23695	0
23695	
19818;0;0;75.0;73.0
23812	0
23812	
19922;0;0;74.0;72.0
23904	0
23904	
20026;0;0;74.0;72.0
24008	0
24008	
20130;0;0;75.0;73.0
24112	0
24112	
20234;0;0;75.0;73.0
24216	0
24216	
20338;0;0;74.0;73.0
24322	0
24322	
20445;0;0;151.0;73.0
24430	0
24430	
20548;0;0;74.0;146.0
24538	0
24538	
20652;0;0;74.0;73.0
24633	0
24633	
20756;0;0;74.0;72.0
24737	0
24737	
20860;0;0;74.0;72.0
24841	0
24841	
20964;0;0;74.0;72.0
24945	0
24945	
21068;0;0;74.0;72.0
25049	0
25049	
21172;0;0;75.0;73.0
25153	0
25153	
21276;0;0;74.0;72.0
25257	0
25257	
21380;0;0;74.0;72.0
25361	0
25361	
21484;0;0;74.0;72.0
25465	0
25465	
21588;0;0;74.0;72.0
25569	0
25569	
21692;0;0;74.0;72.0
25673	0
25673	
21796;0;0;74.0;72.0
25777	0
25777	
21900;0;0;74.0;72.0
25881	0
25881	
22004;0;0;74.0;73.0
25985	0
25985	
22108;0;0;74.0;72.0
26100	0
26100	
22216;0;0;74.0;72.0
26199	0
26199	
22319;0;0;74.0;73.0
26303	0
26303	
22423;0;0;74.0;72.0
26407	0
26407	
22527;0;0;74.0;72.0
26511	0
26511	
22631;0;0;75.0;73.0
26615	0
26615	
22735;0;0;74.0;72.0
26719	0
26719	
22839;0;0;74.0;72.0
26830	0
26830	
22943;0;0;74.0;72.0
26924	0
26924	
23047;0;0;74.0;73.0
27028	0
27028	
23151;0;0;74.0;72.0
27132	0
27132	
23255;0;0;75.0;73.0
27236	0
27236	
23359;0;0;74.0;72.0
27340	0
27340	
23463;0;0;75.0;73.0
27444	0
27444	
23567;0;0;75.0;73.0
27549	0
27549	
23671;0;0;74.0;72.0
27653	0
27653	
23775;0;0;75.0;73.0
27757	0
27757	
23879;0;0;74.0;73.0
27864	0
27864	
23983;0;0;75.0;73.0
27967	0
27967	
24090;0;0;151.0;73.0
28070	0
28070	
24193;0;0;74.0;146.0
28174	0
28174	
24297;0;0;74.0;72.0
28278	0
28278	
24401;0;0;74.0;73.0
28382	0
28382	
24505;0;0;74.0;72.0
28486	0
28486	
24609;0;0;74.0;72.0
28590	0
28590	
24713;0;0;74.0;73.0
28694	0
28694	
24817;0;0;74.0;72.0
28798	0
28798	
24921;0;0;74.0;72.0
28902	0
28902	
25025;0;0;74.0;72.0
29006	0
29006	
25129;0;0;74.0;73.0
29121	0
29121	
25237;0;0;74.0;72.0
29217	0
29217	
25340;0;0;74.0;72.0
29321	0
29321	
25444;0;0;74.0;72.0
29425	0
29425	
25548;0;0;74.0;72.0
29529	0
29529	
25652;0;0;75.0;73.0
29633	0
29633	
25756;0;0;74.0;72.0
29737	0
29737	
25860;0;0;74.0;72.0
29852	0
29852	
25964;0;0;74.0;72.0
29945	0
29945	
26068;0;0;74.0;72.0
30049	0
30049	
26172;0;0;74.0;72.0
30153	0
30153	
26276;0;0;74.0;72.0
30257	0
30257	
26380;0;0;74.0;72.0
30361	0
30361	
26484;0;0;75.0;72.0
30465	0
30465	
26588;0;0;74.0;73.0
30580	0
30580	
26692;0;0;74.0;72.0
30673	0
30673	
26796;0;0;74.0;72.0
30777	0
30777	
26900;0;0;74.0;72.0
30881	0
30881	
27004;0;0;74.0;73.0
30985	0
30985	
27108;0;0;75.0;73.0
31089	0
31089	
27212;0;0;75.0;73.0
31194	0
31194	
27316;0;0;74.0;73.0
31310	0
31310	
27420;0;0;75.0;73.0
31402	0
31402	
27524;0;0;75.0;73.0
31506	0
31506	
27628;0;0;75.0;72.0
31612	0
31612	
27735;0;0;150.0;73.0
31715	0
31715	
27838;0;0;74.0;145.0
31819	0
31819	
27942;0;0;74.0;73.0
31923	0
31923	
28046;0;0;74.0;72.0
32035	0
32035	
28150;0;0;74.0;72.0
32131	0
32131	
28254;0;0;74.0;72.0
32235	0
32235	
28358;0;0;74.0;73.0
32339	0
32339	
28462;0;0;74.0;72.0
32443	0
32443	
28566;0;0;74.0;72.0
32547	0
32547	
28670;0;0;74.0;72.0
32651	0
32651	
28774;0;0;74.0;73.0
32760	0
32760	
28878;0;0;74.0;72.0
32859	0
32859	
28982;0;0;74.0;72.0
32963	0
32963	
29086;0;0;74.0;73.0
33067	0
33067	
29190;0;0;74.0;72.0
33171	0
33171	
29294;0;0;74.0;72.0
33275	0
33275	
29398;0;0;74.0;72.0
33379	0
33379	
29502;0;0;74.0;73.0
33483	0
33483	
29606;0;0;74.0;72.0
33587	0
33587	
29710;0;0;74.0;72.0
33691	0
33691	
29814;0;0;74.0;73.0
33795	0
33795	
29918;0;0;74.0;72.0
33899	0
33899	
30022;0;0;74.0;72.0
34003	0
34003	
30126;0;0;74.0;72.0
34107	0
34107	
30230;0;0;74.0;73.0
34211	0
34211	
30334;0;0;74.0;72.0
34326	0
34326	
30441;0;0;74.0;73.0
34426	0
34426	
30546;0;0;75.0;73.0
34530	0
34530	
30650;0;0;74.0;72.0
34634	0
34634	
30754;0;0;75.0;73.0
34740	0
34740	
30858;0;0;74.0;73.0
34844	0
34844	
30962;0;0;75.0;74.0
34948	0
34948	
31066;0;0;74.0;72.0
35060	0
35060	
31170;0;0;75.0;73.0
35153	0
35153	
31274;0;0;75.0;73.0
35261	0
35261	
31381;0;0;149.0;73.0
35364	0
35364	
31484;0;0;74.0;146.0
35468	0
35468	
31588;0;0;74.0;72.0
35572	0
35572	
31692;0;0;74.0;72.0
35676	0
35676	
31796;0;0;74.0;73.0
35780	0
35780	
31900;0;0;74.0;72.0
35884	0
35884	
32004;0;0;74.0;72.0
35988	0
35988	
32108;0;0;74.0;72.0
36092	0
36092	
32212;0;0;74.0;72.0
36196	0
36196	
32316;0;0;74.0;72.0
36300	0
36300	
32420;0;0;74.0;72.0
36404	0
36404	
32524;0;0;74.0;72.0
36508	0
36508	
32628;0;0;74.0;72.0
36617	0
36617	
32732;0;0;74.0;72.0
36713	0
36713	
32836;0;0;74.0;73.0
36817	0
36817	
32940;0;0;74.0;72.0
36921	0
36921	
33044;0;0;74.0;72.0
37025	0
37025	
33148;0;0;74.0;73.0
37129	0
892219451	926101040
0	38175
38175	
34295;0;0;74.0;73.0
0	38279
38279	
34399;0;0;75.0;72.0
0	38385
38385	
34503;0;0;74.0;73.0
0	38489
38489	
34607;0;0;74.0;73.0
0	38593
