milliseconds	Werte
5818	0
5818	
205;0;0;0.0;0.0
5923	0
5923	
308;0;0;26.0;31.0
6027	0
6027	
412;0;0;66.0;71.0
6131	0
6131	
516;0;0;77.0;79.0
6235	0
6235	
620;0;0;81.0;80.0
6339	0
6339	
724;0;0;83.0;81.0
6445	0
6445	
828;0;0;82.0;81.0
6547	0
6547	
932;0;0;83.0;80.0
6651	0
6651	
1036;0;0;83.0;80.0
6755	0
6755	
1140;0;0;83.0;81.0
6859	0
6859	
1244;0;0;83.0;81.0
6963	0
6963	
1348;0;0;83.0;81.0
7067	0
7067	
1452;0;0;83.0;81.0
7173	0
7173	
1556;0;0;83.0;81.0
7275	0
7275	
1660;0;0;83.0;80.0
7379	0
7379	
1764;0;0;83.0;81.0
7483	0
7483	
1868;0;0;83.0;81.0
7587	0
7587	
1972;0;0;83.0;81.0
7691	0
7691	
2076;0;0;83.0;81.0
7795	0
7795	
2180;0;0;83.0;80.0
7899	0
7899	
2284;0;0;83.0;81.0
8003	0
8003	
2388;0;0;84.0;81.0
8107	0
8107	
2492;0;0;83.0;81.0
8211	0
8211	
2596;0;0;83.0;80.0
8315	0
8315	
2700;0;0;83.0;81.0
8419	0
8419	
2804;0;0;83.0;81.0
8523	0
8523	
2908;0;0;83.0;81.0
8627	0
8627	
3012;0;0;84.0;81.0
8732	0
8732	
3116;0;0;84.0;82.0
8836	0
8836	
3220;0;0;84.0;82.0
8940	0
8940	
3324;0;0;84.0;81.0
9044	0
9044	
3428;0;0;84.0;82.0
9150	0
9150	
3535;0;0;169.0;82.0
9253	0
9253	
3638;0;0;83.0;163.0
9357	0
9357	
3742;0;0;83.0;81.0
9461	0
9461	
3846;0;0;84.0;81.0
9565	0
9565	
3950;0;0;83.0;81.0
9669	0
9669	
4054;0;0;83.0;81.0
9773	0
9773	
4158;0;0;83.0;81.0
9877	0
9877	
4262;0;0;83.0;80.0
9981	0
9981	
4366;0;0;84.0;81.0
10085	0
10085	
4470;0;0;83.0;81.0
10189	0
10189	
4574;0;0;83.0;81.0
10293	0
10293	
4678;0;0;83.0;81.0
10397	0
10397	
4782;0;0;83.0;80.0
10501	0
10501	
4886;0;0;83.0;81.0
10605	0
10605	
4990;0;0;83.0;81.0
10709	0
10709	
5094;0;0;83.0;81.0
10813	0
10813	
5198;0;0;83.0;81.0
10925	0
10925	
5309;0;0;83.0;81.0
11027	0
11027	
5412;0;0;84.0;81.0
11131	0
11131	
5516;0;0;83.0;81.0
11235	0
11235	
5620;0;0;83.0;80.0
11339	0
11339	
5724;0;0;83.0;80.0
11443	0
11443	
5828;0;0;84.0;82.0
11547	0
11547	
5932;0;0;83.0;81.0
11655	0
11655	
6036;0;0;84.0;81.0
11755	0
11755	
6140;0;0;83.0;82.0
11859	0
11859	
6244;0;0;83.0;80.0
11963	0
11963	
6348;0;0;83.0;81.0
12067	0
12067	
6452;0;0;83.0;81.0
12175	0
12175	
6556;0;0;84.0;81.0
12276	0
12276	
6660;0;0;83.0;82.0
12380	0
12380	
6764;0;0;84.0;81.0
12493	0
12493	
6875;0;0;167.0;82.0
12594	0
12594	
6979;0;0;86.0;164.0
12697	0
12697	
7082;0;0;83.0;81.0
12801	0
12801	
7186;0;0;83.0;81.0
12905	0
12905	
7290;0;0;83.0;80.0
13009	0
13009	
7394;0;0;83.0;80.0
13113	0
13113	
7498;0;0;83.0;81.0
13231	0
13231	
7602;0;0;83.0;81.0
13321	0
13321	
7706;0;0;83.0;81.0
13425	0
13425	
7810;0;0;83.0;81.0
13529	0
13529	
7914;0;0;83.0;81.0
13633	0
13633	
8018;0;0;83.0;80.0
13739	0
13739	
8122;0;0;83.0;81.0
13841	0
13841	
8226;0;0;83.0;81.0
13945	0
13945	
8330;0;0;84.0;81.0
14060	0
14060	
8438;0;0;82.0;81.0
14156	0
14156	
8541;0;0;83.0;80.0
14260	0
14260	
8645;0;0;83.0;81.0
14364	0
14364	
8749;0;0;83.0;81.0
14468	0
14468	
8853;0;0;83.0;80.0
14572	0
14572	
8957;0;0;83.0;81.0
14676	0
14676	
9061;0;0;83.0;80.0
14780	0
14780	
9165;0;0;83.0;81.0
14884	0
14884	
9269;0;0;83.0;81.0
14988	0
14988	
9373;0;0;84.0;81.0
15092	0
15092	
9477;0;0;83.0;81.0
15196	0
15196	
9581;0;0;84.0;81.0
15300	0
15300	
9685;0;0;83.0;81.0
15404	0
15404	
9789;0;0;83.0;80.0
15508	0
15508	
9893;0;0;83.0;81.0
15625	0
15625	
9997;0;0;83.0;81.0
15717	0
15717	
10101;0;0;83.0;80.0
15821	0
15821	
10205;0;0;85.0;82.0
15925	0
15925	
10309;0;0;84.0;82.0
16029	0
16029	
10413;0;0;84.0;82.0
16135	0
16135	
10520;0;0;169.0;81.0
16238	0
16238	
10623;0;0;83.0;163.0
16347	0
16347	
10727;0;0;83.0;81.0
16446	0
16446	
10831;0;0;83.0;81.0
16550	0
16550	
10935;0;0;84.0;80.0
16654	0
16654	
11039;0;0;83.0;81.0
16758	0
16758	
11143;0;0;83.0;81.0
16862	0
16862	
11247;0;0;83.0;80.0
16966	0
16966	
11351;0;0;83.0;81.0
17070	0
17070	
11455;0;0;83.0;81.0
17185	0
17185	
11563;0;0;83.0;80.0
17284	0
17284	
11666;0;0;83.0;81.0
17388	0
17388	
11770;0;0;83.0;81.0
17492	0
17492	
11874;0;0;84.0;80.0
17596	0
17596	
11978;0;0;83.0;80.0
17700	0
17700	
12082;0;0;83.0;81.0
17804	0
17804	
12186;0;0;83.0;81.0
17915	0
17915	
12290;0;0;83.0;81.0
18009	0
18009	
12394;0;0;84.0;80.0
18113	0
18113	
12498;0;0;83.0;81.0
18217	0
18217	
12602;0;0;83.0;80.0
18321	0
18321	
12706;0;0;83.0;81.0
18425	0
18425	
12810;0;0;83.0;81.0
18529	0
18529	
12914;0;0;83.0;81.0
18633	0
18633	
13018;0;0;83.0;80.0
18737	0
18737	
13122;0;0;83.0;82.0
18841	0
18841	
13226;0;0;84.0;81.0
18945	0
18945	
13330;0;0;83.0;81.0
19049	0
19049	
13434;0;0;83.0;80.0
19153	0
19153	
13538;0;0;84.0;82.0
19257	0
19257	
13642;0;0;84.0;81.0
19362	0
19362	
13746;0;0;85.0;82.0
19478	0
19478	
13856;0;0;83.0;81.0
19579	0
19579	
13961;0;0;169.0;80.0
19682	0
19682	
14064;0;0;83.0;164.0
19786	0
19786	
14168;0;0;83.0;80.0
19890	0
19890	
14272;0;0;83.0;81.0
19994	0
19994	
14376;0;0;83.0;81.0
20098	0
20098	
14480;0;0;83.0;80.0
20208	0
20208	
14584;0;0;83.0;81.0
20306	0
20306	
14688;0;0;84.0;81.0
20410	0
20410	
14792;0;0;83.0;81.0
20514	0
20514	
14896;0;0;83.0;80.0
20618	0
20618	
15000;0;0;83.0;81.0
20722	0
20722	
15104;0;0;83.0;80.0
20826	0
20826	
15208;0;0;83.0;81.0
20930	0
20930	
15312;0;0;83.0;81.0
21034	0
21034	
15416;0;0;83.0;80.0
21138	0
21138	
15520;0;0;84.0;80.0
21244	0
21244	
15624;0;0;83.0;81.0
21346	0
21346	
15728;0;0;83.0;80.0
21450	0
21450	
15832;0;0;83.0;81.0
21554	0
21554	
15936;0;0;83.0;80.0
21658	0
21658	
16040;0;0;83.0;81.0
21770	0
21770	
16152;0;0;83.0;81.0
21873	0
21873	
16255;0;0;84.0;80.0
21979	0
21979	
16363;0;0;83.0;81.0
22086	0
22086	
16471;0;0;83.0;81.0
22191	0
22191	
16577;0;0;84.0;81.0
22298	0
22298	
16681;0;0;83.0;81.0
22403	0
22403	
16786;0;0;83.0;80.0
22516	0
22516	
16897;0;0;168.0;81.0
22615	0
22615	
17000;0;0;83.0;163.0
22719	0
22719	
17104;0;0;84.0;81.0
22823	0
22823	
17208;0;0;83.0;81.0
22927	0
22927	
17312;0;0;83.0;80.0
23031	0
23031	
17416;0;0;83.0;80.0
23135	0
23135	
17520;0;0;83.0;81.0
23239	0
23239	
17624;0;0;83.0;80.0
23343	0
23343	
17728;0;0;84.0;80.0
23447	0
23447	
17832;0;0;83.0;81.0
23551	0
23551	
17936;0;0;83.0;80.0
23655	0
23655	
18040;0;0;83.0;81.0
23759	0
23759	
18144;0;0;83.0;81.0
23863	0
23863	
18248;0;0;83.0;80.0
23967	0
23967	
18352;0;0;83.0;81.0
24075	0
24075	
18456;0;0;84.0;80.0
24175	0
24175	
18560;0;0;83.0;81.0
24279	0
24279	
18664;0;0;83.0;81.0
24383	0
24383	
18768;0;0;84.0;80.0
24487	0
24487	
18872;0;0;83.0;81.0
24591	0
24591	
18976;0;0;83.0;81.0
24695	0
24695	
19080;0;0;84.0;80.0
24799	0
24799	
19184;0;0;83.0;81.0
24911	0
24911	
19292;0;0;83.0;80.0
25010	0
25010	
19395;0;0;83.0;81.0
25114	0
25114	
19499;0;0;83.0;81.0
25218	0
25218	
19603;0;0;83.0;81.0
25322	0
25322	
19707;0;0;84.0;81.0
25426	0
25426	
19811;0;0;83.0;80.0
25530	0
25530	
19915;0;0;84.0;82.0
25636	0
25636	
20019;0;0;84.0;81.0
25739	0
25739	
20123;0;0;85.0;81.0
25843	0
25843	
20227;0;0;83.0;82.0
25947	0
25947	
20331;0;0;84.0;81.0
26053	0
26053	
20438;0;0;169.0;81.0
26158	0
26158	
20541;0;0;83.0;163.0
26260	0
26260	
20645;0;0;83.0;81.0
26364	0
26364	
20749;0;0;84.0;81.0
26473	0
26473	
20853;0;0;83.0;80.0
26572	0
26572	
20957;0;0;83.0;81.0
26676	0
26676	
21061;0;0;83.0;80.0
26780	0
26780	
21165;0;0;83.0;81.0
26884	0
26884	
21269;0;0;84.0;81.0
26988	0
26988	
21373;0;0;83.0;80.0
27092	0
27092	
21477;0;0;83.0;80.0
27196	0
27196	
21581;0;0;83.0;81.0
27300	0
27300	
21685;0;0;83.0;81.0
27404	0
27404	
21789;0;0;83.0;80.0
27508	0
27508	
21893;0;0;83.0;81.0
27612	0
27612	
21997;0;0;83.0;80.0
27716	0
27716	
22101;0;0;83.0;81.0
27820	0
27820	
22205;0;0;84.0;80.0
27924	0
27924	
22309;0;0;83.0;81.0
28032	0
28032	
22413;0;0;83.0;81.0
28132	0
28132	
22517;0;0;84.0;80.0
28236	0
28236	
22621;0;0;84.0;82.0
28340	0
28340	
22725;0;0;83.0;80.0
28444	0
28444	
22829;0;0;83.0;81.0
28548	0
28548	
22933;0;0;83.0;80.0
28652	0
28652	
23037;0;0;83.0;80.0
28756	0
28756	
23141;0;0;84.0;81.0
28867	0
28867	
23245;0;0;83.0;80.0
28964	0
28964	
23349;0;0;83.0;81.0
29068	0
29068	
23453;0;0;84.0;81.0
29172	0
29172	
23557;0;0;82.0;81.0
29276	0
29276	
23661;0;0;83.0;80.0
29381	0
29381	
23765;0;0;84.0;82.0
29485	0
29485	
23869;0;0;84.0;82.0
29592	0
29592	
23973;0;0;84.0;81.0
29693	0
29693	
24077;0;0;84.0;81.0
29799	0
29799	
24184;0;0;168.0;82.0
29902	0
29902	
24287;0;0;83.0;162.0
30006	0
30006	
24391;0;0;83.0;81.0
30110	0
30110	
24495;0;0;83.0;81.0
30214	0
30214	
24599;0;0;83.0;80.0
30318	0
30318	
24703;0;0;83.0;81.0
30427	0
30427	
24807;0;0;83.0;80.0
30526	0
30526	
24911;0;0;83.0;80.0
30630	0
30630	
2