0.5230
0.5132
0.5132
0.5132
0.5181
0.5083
0.5132
0.5181
0.5132
0.5132
0.5132
0.5230
0.5132
0.5181
0.5132
0.5181
0.5132
0.5132
0.4692
0.5132
0.5181
0.5132
0.4936
0.4936
0.4985
0.4936
0.4985
0.4790
0.4741
0.4790
0.4692
0.5083
0.4790
0.4936
0.4985
0.4985
0.4985
0.4985
0.4936
0.4936
0.4936
0.4936
0.4936
0.4936
0.5572
0.4985
0.4936
0.4985
0.4985
0.4741
0.4985
0.4936
0.4936
0.4985
0.4936
0.5034
0.4936
0.5034
0.4936
0.4888
0.4985
0.4985
0.4936
0.4985
0.4741
0.4985
0.4985
0.4936
0.5572
0.4985
0.4985
0.4936
0.4936
0.4985
0.4936
0.4936
0.4936
0.4985
0.4936
0.4985
0.4936
0.5034
0.4936
0.4936
0.4936
0.4985
0.5034
0.4936
0.4888
0.4936
0.4936
0.4985
0.4936
0.5034
0.5034
0.4936
0.4985
0.4985
0.4985
0.4936
0.4936
0.4545
0.4936
0.4985
0.4936
0.5083
0.4936
