0.6305
0.6305
0.6305
0.6354
0.6305
0.6354
0.6305
0.6598
0.6354
0.6305
0.6305
0.6403
0.6305
0.6403
0.6305
0.6305
0.6403
0.6354
0.6305
0.6403
0.6305
0.6354
0.6305
0.6305
0.6256
0.6305
0.6354
0.6305
0.6354
0.6354
0.6989
0.6305
0.6403
0.6305
0.6305
0.6305
0.6354
0.6305
0.6305
0.6305
0.6305
0.6403
0.6305
0.6305
0.6305
0.6256
0.6305
0.6305
0.6305
0.6403
0.6305
0.6989
0.6305
0.6354
0.6305
0.6403
0.6305
0.6305
0.6305
0.6305
0.6305
0.6354
0.6305
0.6305
0.6305
0.6305
0.6305
0.6354
0.6354
0.6305
0.6891
0.6305
0.6354
0.6305
0.6403
0.6305
0.6403
0.6305
0.6403
0.6305
0.6305
0.6305
0.6305
0.6305
0.6305
0.6305
0.6305
0.5767
0.6305
0.6403
0.6305
0.6305
0.6305
0.6452
0.6305
0.6403
0.6305
0.6354
0.6305
0.6305
0.6403
0.6305
0.6305
0.6305
0.6305
0.6305
0.6256
0.6305
0.6354
0.6305
0.6354
0.6305
0.6452
0.6305
0.6403
0.6305
0.6354
0.6305
0.6305
0.6305
0.6354
0.6305
0.6305
0.6354
0.6354
0.5865
0.6305
0.6354
0.6354
0.6109
0.6109
0.6305
0.6158
0.6012
0.5865
0.5914
0.5914
0.5963
0.5963
0.5914
0.5914
0.5914
0.5963
0.5914
0.5963
0.5914
0.6207
0.5914
0.5914
0.5914
0.6012
0.5914
0.5963
0.5914
0.5914
0.5914
0.5914
0.5474
0.5914
0.5963
0.5914
0.5914
0.5963
0.6012
0.5914
0.5963
0.6061
0.5914
0.5963
0.5963
0.5914
0.5914
0.5914
0.5914
0.5914
0.5914
0.6207
0.5914
0.6012
0.5914
0.5914
0.5914
0.5963
0.5914
0.5914
0.5963
0.5914
0.5914
0.5914
0.5914
0.5914
0.5914
0.5914
0.5914
0.5914
0.6012
0.5914
0.5963
0.5914
0.5963
0.5914
0.6158
0.5865
0.5914
0.5914
0.5963
0.5914
0.5914
0.6012
0.5914
0.5914
0.5914
0.5963
0.5963
0.6109
0.5914
0.5914
0.5914
0.5963
0.5914
