0.5718
0.5767
0.5718
0.5718
0.5718
0.5718
0.5914
0.5767
0.5767
0.5718
0.6403
0.5718
0.5718
0.6012
0.5767
0.5718
0.5767
0.5718
0.5718
0.5718
0.5718
0.5718
0.5767
0.6207
0.5718
0.5718
0.5767
0.5816
0.5718
0.5767
0.5718
0.5767
0.5718
0.5767
0.5327
0.5718
0.5816
0.5767
0.5718
0.5572
0.5572
0.5523
0.5572
0.5572
0.5523
0.5523
0.5572
0.5083
0.5523
0.5523
0.5523
0.5523
0.5572
0.5621
0.5523
0.5572
0.5523
0.5572
0.5523
0.5572
0.5083
0.5523
0.5523
0.5523
0.5572
0.5572
0.5621
0.5523
0.5572
0.5572
0.5523
0.5523
0.5523
0.5474
0.5572
0.5523
0.5523
0.5523
0.5523
0.5621
0.5572
0.5718
0.5572
0.5523
0.5523
0.5572
0.5572
0.5523
0.5572
0.5523
0.5621
0.5474
0.5670
0.5523
0.5523
0.5523
0.5523
0.5523
0.5523
0.5523
0.5523
0.5523
0.5523
0.5621
0.5523
0.5718
0.5572
0.5572
0.5572
0.5572
0.5523
0.5523
0.5523
0.5718
0.5523
0.5523
0.6061
0.5572
0.5670
0.5572
0.5572
0.5523
0.5572
0.5523
0.5523
0.5572
0.5523
0.5523
