0.1564
0.2102
0.2151
0.2151
0.2151
0.2102
0.2102
0.2053
0.2102
0.2102
0.2297
0.2151
0.2199
0.2102
0.2053
0.2102
0.2102
0.2102
0.1906
0.2102
0.2102
0.1955
0.2102
0.1906
0.2102
0.2151
0.2102
0.2102
0.2102
0.2151
0.2199
0.2151
0.2151
0.2102
0.1906
0.2151
0.2102
0.2199
0.2151
0.2102
0.2102
0.2102
0.2102
0.2297
0.2151
0.2102
0.2151
0.2102
0.2102
0.2297
0.2102
0.2199
0.2102
0.2102
0.2151
0.2102
0.2688
0.2102
0.3275
0.2493
0.2493
0.2346
0.2493
0.2444
0.2590
0.2542
0.2346
0.2297
0.2493
0.2542
0.2835
0.2493
0.2542
0.2493
0.2297
0.2542
0.2493
0.2346
0.2493
0.2590
0.2297
0.2297
0.2297
0.2297
0.2151
