0.1906
0.1711
0.1711
0.2542
0.1906
0.1711
0.1906
0.1906
0.1955
0.1760
0.2004
0.1955
0.1906
0.1955
0.2346
0.3128
0.3226
0.3324
0.3275
0.3324
0.3910
0.4741
0.5816
0.5914
0.5523
0.4350
0.3324
0.2542
0.2297
0.2102
0.1906
0.2102
0.1760
0.1955
0.1808
0.2004
0.1711
0.1955
0.1955
0.1711
0.1955
0.1711
0.1955
0.1906
0.1760
0.1515
0.1711
0.1760
0.1906
0.1173
0.1760
0.1760
0.1955
0.1955
0.1955
0.1906
0.1711
0.1906
0.2053
0.1906
0.1711
0.1075
0.1760
0.1760
0.1760
0.1955
0.1906
0.1955
0.1955
0.1955
0.1711
0.1955
0.1711
0.1075
0.1906
0.1711
0.1711
0.1906
0.1906
0.1906
0.1906
0.2102
0.1955
0.1906
0.1857
0.1564
0.1906
0.1906
0.1711
0.1955
0.1906
0.1711
0.1857
0.1711
0.1955
0.1955
0.1760
0.1564
0.1906
0.1955
0.1955
0.2004
0.1906
0.1711
0.1613
0.1711
0.1906
0.1955
0.1711
0.1564
0.1906
0.3617
0.1955
0.1711
0.1955
0.1711
0.1906
0.1906
0.1955
0.1955
0.1955
0.1369
0.1711
0.2004
0.1760
0.1711
0.1955
