0.1711
0.1760
0.1760
0.1760
0.1711
0.1711
0.1760
0.1711
0.1760
0.1760
0.2346
0.2346
0.2933
0.2542
0.2737
0.3324
0.3666
0.4154
0.4888
0.6696
0.8504
0.7722
0.5376
0.3617
0.2102
0.2004
0.2004
0.1906
0.1955
0.1711
0.2346
0.1760
0.1711
0.1760
0.1711
0.1711
0.1711
0.1955
0.1760
0.1711
0.1564
0.1711
0.2004
0.1711
0.1662
0.1906
0.1711
0.2297
0.1711
0.1711
0.1760
0.1760
0.1662
0.1711
0.1760
0.1760
0.1711
0.1760
0.1906
0.1760
0.1711
0.1711
0.1760
0.1760
0.1711
0.1711
0.1760
0.1906
0.1711
0.1711
0.1711
0.1808
0.1711
0.1760
0.1955
0.1515
0.1711
0.1760
0.1711
0.1711
0.1760
0.1711
0.1711
0.1760
0.1662
0.1711
0.1760
0.1711
0.1857
0.1906
0.1760
0.1173
0.1711
0.1711
0.1515
0.1515
0.1515
0.1711
0.2248
0.1711
0.1711
0.1906
0.1515
0.1564
0.1711
0.1711
0.1760
0.1711
0.1564
0.1711
0.1613
0.1760
0.1760
0.1760
0.1711
0.1906
0.1515
0.1711
0.1711
0.1564
0.1564
0.1711
0.1808
0.1711
0.1711
0.1955
