0.5327
0.5327
0.5327
0.4790
0.5132
0.5816
0.5376
0.5376
0.5376
0.5376
0.5376
0.5376
0.5327
0.5376
0.5327
0.5327
0.4985
0.5327
0.5914
0.5327
0.5327
0.5327
0.5376
0.5376
0.5376
0.5327
0.5376
0.5327
0.5327
0.5376
0.5181
0.5132
0.5132
0.4936
0.4936
0.4985
0.4936
0.4936
0.4985
0.4985
0.4936
0.4936
0.5425
0.4936
0.4985
0.4936
0.4936
0.4936
0.4936
0.5132
0.5132
0.5132
0.5181
0.5181
0.5132
0.5816
0.5132
0.5132
0.5132
0.5181
0.5132
0.5132
0.5181
0.5132
0.4936
0.5181
0.5230
0.5132
0.5230
0.5132
0.5132
0.5181
0.5181
0.5132
0.4985
0.5132
0.5181
0.5181
0.5279
0.5767
0.5132
0.5230
0.5132
0.5132
0.5083
0.5181
0.5132
0.5132
0.5181
0.5181
0.5132
0.5181
0.5230
0.5181
0.5132
0.5132
0.5132
0.5132
0.5181
0.5083
0.5132
0.5376
0.5132
0.5279
0.5132
0.5230
0.5132
0.5132
0.5132
0.5132
0.5132
0.5132
0.4692
0.5132
0.5181
0.5181
0.5279
0.5132
