0.8553
0.8309
0.8553
0.8309
0.8309
0.8309
0.8944
0.8309
0.8993
0.8309
0.8358
0.8309
0.8309
0.8113
0.8456
0.8309
0.8309
0.8358
0.8358
0.8113
0.8162
0.8309
0.8309
0.8309
0.8358
0.8260
0.8358
0.8113
0.8113
0.7918
0.7918
0.7967
0.7722
0.7674
0.7722
0.7722
0.7722
0.7771
0.7722
0.7283
0.7722
0.7771
0.7722
0.7771
0.7722
0.8162
0.7722
0.8309
0.7722
0.7722
0.7722
0.7918
0.7722
0.7820
0.7722
0.7722
0.7722
0.7771
0.7722
0.7771
0.7722
0.7722
0.7722
0.7722
0.7722
0.7722
0.7722
0.7722
0.7722
0.7869
0.7331
0.7820
0.7234
0.7771
0.7722
0.7722
0.7869
0.7722
0.8260
0.7722
0.7722
0.7722
0.7722
0.7771
0.7869
0.7722
0.7722
0.7722
0.7771
0.7722
0.7771
0.7771
0.7722
0.7722
0.7722
0.7722
0.7771
0.7722
0.7722
