0.5572
0.5621
0.5523
0.5523
0.5523
0.5523
0.5572
0.5572
0.5572
0.5572
0.5572
0.5572
0.5572
0.5572
0.5572
0.5523
0.5767
0.5572
0.5523
0.5523
0.5523
0.5376
0.5327
0.5376
0.5376
0.4888
0.5181
0.5230
0.5327
0.5327
0.5376
0.5181
0.5327
0.5327
0.5279
0.5376
0.5327
0.5376
0.4790
0.5327
0.5425
0.5327
0.5327
0.5376
0.5376
0.5327
0.5376
0.5327
0.5621
0.5376
0.5327
0.4790
0.5327
0.5425
0.5327
0.5425
0.5376
0.5376
0.5327
0.5376
0.5327
0.5327
0.5327
0.5376
0.4790
0.5327
0.5376
0.5327
0.5327
0.5279
0.5425
0.5327
0.5327
0.5327
0.5327
0.5376
0.5376
0.5523
0.5376
0.5376
0.5376
0.5327
0.5327
0.5376
0.5327
0.5327
0.5327
0.5376
0.4888
0.5327
0.5621
0.5376
0.5327
0.5327
0.5376
0.5376
0.5327
0.5376
