0.1711
0.1955
0.1857
0.2004
0.1711
0.1711
0.1711
0.1906
0.1955
0.3128
0.2884
0.2933
0.2346
0.2102
0.1906
0.1906
0.1760
0.1906
0.1711
0.1711
0.1711
0.1760
0.1906
0.1564
0.1760
0.1711
0.1760
0.1711
0.1564
0.1515
0.1515
0.1711
0.1369
0.1515
0.1760
0.1711
0.1906
0.1711
0.1711
0.1760
0.1173
0.1760
0.1515
0.1711
0.1711
0.1515
0.1711
0.2102
0.1711
0.1711
0.1711
0.1515
0.1711
0.1711
0.1906
0.1711
0.1711
0.1711
0.1515
0.1808
0.1564
0.1515
0.1760
0.1760
0.2102
0.1760
0.1515
0.1711
0.1711
0.1711
0.1711
0.1760
0.1711
0.1515
0.1564
0.1857
0.1613
0.1711
0.1515
0.1711
0.1564
0.1711
0.1711
0.1711
0.1711
0.1711
0.1760
0.1515
0.1760
0.1760
0.1515
0.1173
0.1760
0.1564
0.1711
0.1711
0.1906
0.1711
0.1711
0.1711
0.1760
0.1711
