0.2346
0.2346
0.2248
0.2297
0.2346
0.2346
0.2346
0.2297
0.2346
0.2297
0.2395
0.2297
0.2297
0.2395
0.2346
0.2297
0.2297
0.2542
0.2297
0.2542
0.2590
0.2493
0.2542
0.2542
0.2346
0.2493
0.2493
0.2395
0.2346
0.2493
0.2542
0.2297
0.2444
0.2590
0.2639
0.2297
0.2542
0.2297
0.2542
0.2542
0.2346
0.2493
0.2346
0.2297
0.2346
0.2346
0.2688
0.2493
0.2346
0.2542
0.2542
0.2297
0.2297
0.2835
0.2297
0.2297
0.2346
0.2346
0.1955
0.2297
0.2493
0.2297
0.2346
0.2297
0.2297
0.2346
0.2346
0.2346
0.2346
0.2395
0.2297
0.2297
0.2297
0.2346
0.2346
0.2297
0.1955
0.2346
0.2297
0.2346
0.2346
0.5327
0.3324
0.3372
0.7771
0.9482
0.7918
0.8113
1.0117
0.6109
0.4350
0.2884
0.2346
0.2346
0.2493
0.3079
0.2297
0.2297
0.2297
0.2542
0.1808
0.2297
0.2884
0.2297
0.2346
0.2297
0.2297
0.1760
0.2297
0.2981
0.2493
0.2297
0.2346
0.2346
0.2053
0.2346
0.2346
0.2297
0.2346
0.2346
0.2444
0.1662
0.2346
0.2297
0.2297
0.2395
0.2493
0.2346
0.2297
0.2346
0.2346
0.2297
0.2346
0.2346
0.2395
0.2346
0.2297
0.2297
0.2297
0.2395
0.2542
0.2493
0.2346
0.2346
0.2688
0.2297
0.2346
