1.2121
1.1828
1.1828
1.1779
1.1828
1.1828
1.1877
1.1877
1.1779
1.1877
1.1779
1.1828
1.1779
1.1828
1.1828
1.1828
1.1828
1.1779
1.1828
1.1828
1.1828
1.1828
1.1828
1.1828
1.1877
1.1828
1.1681
1.1290
1.1095
1.0899
1.0850
1.0899
1.0899
1.0899
1.0850
1.0850
1.0850
1.0850
1.0899
1.0899
1.0850
1.0899
1.0850
1.0850
1.0850
1.0850
1.0899
1.0899
1.0850
1.0850
1.0899
1.0850
1.0850
1.0997
1.0850
1.1193
1.0899
1.0899
1.0899
1.1535
1.0802
1.1535
1.0899
1.0899
1.0850
1.1486
1.0850
1.1437
1.0850
1.0899
1.0899
1.0899
1.0850
1.1046
1.0850
1.0997
1.0850
1.0899
1.0948
1.0655
1.0850
1.0899
1.0899
1.0899
1.0899
1.0557
1.0899
1.0557
1.0850
1.0850
1.0899
1.0850
1.0850
1.0899
1.0850
1.0850
1.0850
1.0850
1.0899
1.0850
1.0997
