0.4399
0.4399
0.4399
0.4350
0.3910
0.4301
0.4350
0.4448
0.4399
0.4350
0.4399
0.4350
0.4399
0.4350
0.4350
0.4350
0.4350
0.4985
0.4350
0.4350
0.4350
0.4350
0.4350
0.4350
0.3910
0.4350
0.4399
0.4399
0.4448
0.4399
0.4399
0.4301
0.4350
0.4350
0.4350
0.3812
0.4399
0.4203
0.4154
0.4154
0.4203
0.4252
0.4154
0.4154
0.4350
0.4252
0.4203
0.4203
0.4252
0.4106
0.4154
0.4203
0.4399
0.4154
0.4106
0.4106
0.4350
0.4203
0.4154
0.4203
0.4350
0.4154
0.4350
0.4154
0.4203
0.4350
0.4741
0.4154
0.4497
0.4154
0.4154
0.4203
0.4154
0.3568
0.4203
0.4154
0.4154
0.4154
0.4350
0.4203
0.4350
0.4154
0.4203
0.4154
0.4643
0.4203
0.4252
0.4350
0.4203
0.4203
0.4350
0.3910
0.4203
0.4154
0.4350
0.4154
0.4203
0.4154
0.4350
0.4154
0.4350
0.4350
0.4154
0.4154
0.4350
0.4399
0.4154
0.4154
0.4154
0.4203
0.4203
0.4106
0.4350
0.4154
0.4350
