0.4203
0.4203
0.3617
0.3910
0.4741
0.4154
0.4203
0.4154
0.4203
0.4203
0.3861
0.4154
0.4154
0.4203
0.4154
0.4203
0.4203
0.3763
0.3959
0.3910
0.3910
0.3861
0.4448
0.3861
0.3959
0.3910
0.3910
0.3910
0.3910
0.3421
0.3910
0.3910
0.3910
0.4008
0.3910
0.3910
0.3910
0.3910
0.3910
0.3959
0.3910
0.3910
0.4057
0.3910
0.3959
0.3910
0.3959
0.3910
0.3861
0.3910
0.3861
0.3910
0.3910
0.3959
0.3910
0.3910
0.3910
0.3910
0.3324
0.3910
0.4497
0.3910
0.3910
0.3910
0.3910
0.3910
0.3959
0.3324
0.3959
0.3910
0.3910
0.3959
0.3861
0.3959
0.3861
0.3959
0.3910
0.3910
0.4252
0.3910
0.3910
0.3910
0.3910
0.3910
0.3910
0.3910
0.3910
0.3910
0.3959
0.3910
0.3910
0.3959
0.3910
0.3959
0.3910
0.4301
0.3910
0.3910
0.4008
