0.1760
0.1906
0.1906
0.1711
0.1906
0.1760
0.1173
0.1906
0.2004
0.1906
0.1906
0.1955
0.1760
0.1906
0.1906
0.1808
0.1711
0.1760
0.1760
0.1906
0.2493
0.1906
0.2151
0.1906
0.1906
0.2102
0.1906
0.2053
0.1711
0.1955
0.1711
0.1906
0.2590
0.1906
0.1857
0.1955
0.1906
0.1662
0.1906
0.1955
0.1906
0.1906
0.1955
0.1760
0.2053
0.1906
0.1711
0.1906
0.1760
0.1711
0.1760
0.1711
0.1955
0.1760
0.1808
0.1711
0.1857
0.1711
0.1760
0.1906
0.1711
0.1711
0.2053
0.1955
0.1906
0.1711
0.1906
0.1711
0.1857
0.1711
0.1760
0.1711
0.1711
0.1760
0.1760
0.1760
0.1760
0.1906
0.1906
0.1906
0.1955
0.1711
0.1760
0.1711
0.1760
0.1711
0.1906
0.1955
0.1906
0.1760
0.1906
0.1955
0.1955
0.1906
0.1711
0.1906
0.1711
