0.3910
0.3715
0.3715
0.3715
0.3715
0.3666
0.3910
0.3715
0.3763
0.3715
0.3910
0.4008
0.3715
0.3715
0.3715
0.3715
0.3715
0.3910
0.3910
0.3715
0.3959
0.3715
0.3959
0.3666
0.3715
0.3763
0.3910
0.3715
0.4008
0.4008
0.3910
0.3910
0.3910
0.3715
0.3715
0.3910
0.3666
0.3715
0.3715
0.3715
0.3910
0.3715
0.3715
0.3715
0.3715
0.3715
0.3715
0.3812
0.3715
0.3715
0.3470
0.3715
0.3568
0.3763
0.3568
0.3715
0.3666
0.3568
0.3715
0.3715
0.3715
0.3177
0.3666
0.3715
0.3715
0.3715
0.3715
0.3715
0.3666
0.3715
0.3715
0.3715
0.4350
0.3715
0.3812
0.3666
0.3763
0.3715
0.3715
0.3617
0.3715
0.3715
0.3715
0.3715
0.3763
0.3715
0.3715
0.3715
0.3715
0.3763
0.3715
0.3715
0.3715
0.3715
0.3715
0.3715
0.3715
0.4252
0.3715
0.3763
0.3715
0.3715
0.3763
0.3715
0.3128
0.3715
0.3715
0.3763
0.3715
0.3715
0.3715
0.3715
0.3715
0.3763
0.3715
0.3763
0.3715
0.3763
0.3763
0.3666
0.3715
0.3763
