0.2297
0.2102
0.2395
0.2004
0.2297
0.2395
0.2151
0.2151
0.2151
0.2346
0.2248
0.2102
0.2151
0.2346
0.2102
0.2102
0.2102
0.2297
0.2248
0.2102
0.1906
0.1906
0.1760
0.1857
0.2297
0.2102
0.2151
0.2151
0.2102
0.1564
0.2151
0.2102
0.2346
0.2346
0.2151
0.2151
0.1711
0.2102
0.2102
0.2102
0.2199
0.2102
0.2102
0.1711
0.2151
0.2151
0.2151
0.2102
0.2151
0.2102
0.2151
0.2151
0.2151
0.2151
0.2102
0.2102
0.2151
0.2199
0.2297
0.2199
0.2102
0.2102
0.2151
0.2151
0.2102
0.2151
0.2151
0.2346
0.2102
0.2151
0.2102
0.2102
0.2102
0.2151
0.2102
0.2151
0.2102
0.2102
0.2199
0.2102
0.2151
0.2102
0.2151
0.2151
0.2151
0.2297
0.2102
0.2151
0.2151
0.2102
0.1955
0.2102
0.2639
0.2151
0.2102
0.2151
0.2151
0.1564
0.2151
0.2199
0.2102
0.2102
0.2102
0.2151
