0.8895
0.8651
0.8895
0.8895
0.8895
0.8895
0.9140
0.8895
0.8847
0.8944
0.8944
0.8700
0.8895
0.8847
0.8944
0.8749
0.8895
0.8700
0.8700
0.8602
0.8504
0.8504
0.8309
0.8016
0.8309
0.7869
0.8260
0.8358
0.8309
0.8309
0.8309
0.8358
0.8309
0.8309
0.8260
0.8113
0.8309
0.8456
0.8309
0.8309
0.8309
0.8309
0.8309
0.8895
0.8309
0.8944
0.8358
0.8358
0.8309
0.8504
0.8309
0.8260
0.8309
0.8309
0.8309
0.8407
0.8309
0.8358
0.8358
0.8113
0.8358
0.8309
0.8309
0.8358
0.8113
0.8309
0.8700
0.8309
0.8309
0.8358
0.8309
0.8113
0.8358
0.8358
0.8309
0.8309
0.8309
0.8309
0.8309
0.8358
0.8309
0.8358
0.8309
0.8309
0.8309
0.8162
0.8309
0.8113
0.7820
0.8309
0.8309
0.8309
0.8309
0.8358
0.8211
0.8309
0.8456
0.8309
0.8309
0.8309
