0.1760
0.2297
0.2981
0.2297
0.2297
0.2346
0.2297
0.1760
0.2297
0.2297
0.2297
0.2346
0.2346
0.2297
0.2199
0.2395
0.2297
0.2395
0.2151
0.2395
0.2297
0.2297
0.2346
0.2151
0.2346
0.2151
0.2151
0.2297
0.2346
0.2346
0.2297
0.2297
0.2346
0.1808
0.2346
0.2297
0.2346
0.2346
0.2151
0.2542
0.2346
0.2297
0.2297
0.2346
0.2395
0.2346
0.2297
0.2346
0.2346
0.2981
0.2346
0.2297
0.2346
0.2346
0.2346
0.2346
0.2444
0.2151
0.2297
0.2346
0.2346
0.2346
0.2346
0.2395
0.2102
0.2346
0.2346
0.2297
0.2248
0.2297
0.2346
0.2297
0.2297
0.2346
0.2346
0.2884
0.2297
0.2346
0.2346
0.2346
0.1760
0.2102
0.2688
0.2102
0.2102
0.2297
0.2346
0.1564
0.2102
0.2884
0.2346
0.2346
0.2346
0.2346
0.1760
0.2297
0.2151
0.2346
0.2297
0.2297
0.2297
0.1662
0.2151
0.2102
0.2346
0.2346
0.2297
0.2297
0.2151
0.2346
0.2297
0.2297
0.2346
0.2102
0.2346
0.2297
0.2346
0.2346
0.2297
0.2346
0.2297
0.2346
0.2297
0.2346
0.2444
0.2346
0.2346
0.2346
0.2444
0.2346
0.2346
0.2346
0.2297
0.2102
0.2346
0.2346
0.2835
0.2346
0.2395
0.2346
0.2346
0.2346
0.2346
0.2981
0.2297
0.2346
0.2102
0.2297
0.2297
0.2102
0.2981
0.2297
0.2297
0.2346
0.2346
0.1662
0.2297
