0.9482
0.9482
0.9531
0.9482
0.9531
0.9433
0.9482
0.9531
0.9482
0.9482
0.9482
0.9482
0.9482
0.9482
0.9482
0.9140
0.9091
0.8895
0.8895
0.8847
0.8895
0.8798
0.8651
0.8602
0.8895
0.8895
0.8749
0.8504
0.8895
0.8456
0.8895
0.8895
0.8895
0.8895
0.8895
0.8993
0.8700
0.8895
0.8895
0.8895
0.8944
0.8993
0.8895
0.8895
0.8895
0.8944
0.8895
0.9335
0.8895
0.9286
0.8895
0.8895
0.8749
0.9580
0.8895
0.9580
0.8895
0.8895
0.8895
0.8847
0.8895
0.9042
0.8895
0.8895
0.8944
0.8700
0.8895
0.8993
0.8895
0.8700
0.8944
0.8895
0.8895
0.8749
0.8895
0.8700
0.8895
0.8895
0.8895
0.8944
0.8944
0.8944
0.8895
0.8895
0.8944
0.8749
0.8895
