0.4985
0.4985
0.4936
0.4936
0.4936
0.4692
0.4936
0.5034
0.4936
0.4936
0.4936
0.5034
0.4985
0.4985
0.4936
0.4985
0.4985
0.4985
0.4936
0.4936
0.4985
0.4936
0.4985
0.4936
0.4985
0.4936
0.4985
0.4985
0.4985
0.4985
0.4936
0.5425
0.4936
0.4936
0.4936
0.4985
0.4985
0.4985
0.4936
0.4741
0.4790
0.4790
0.4790
0.4790
0.5181
0.4545
0.4790
0.4839
0.4741
0.4545
0.4741
0.4692
0.4790
0.4741
0.4790
0.5327
0.4741
0.4839
0.4790
0.4790
0.4741
0.4741
0.4741
0.4741
0.4741
0.4741
0.4741
0.4790
0.4839
0.4741
0.4790
0.4790
0.4790
0.4741
0.4790
0.4203
0.4790
0.4790
0.4790
0.4741
0.4790
0.4790
0.4790
0.4790
0.4790
0.4790
0.4741
0.4790
0.4692
0.4790
0.4741
0.4741
0.4741
0.4741
0.4790
0.4741
0.4741
0.4741
0.4790
0.4692
0.4741
0.5425
0.4741
0.4790
0.4790
0.4790
0.4741
0.4741
0.4790
0.4790
0.4741
0.4790
0.5034
0.4741
0.4839
0.4790
0.4790
0.4741
0.4888
0.4741
0.4741
0.4741
0.4741
0.4790
0.4741
