0.2102
0.2395
0.2297
0.2346
0.2346
0.2346
0.2346
0.2102
0.2395
0.2297
0.2151
0.2151
0.2346
0.2981
0.2102
0.2346
0.2297
0.2346
0.2395
0.2346
0.2444
0.2297
0.2346
0.2346
0.2346
0.1564
0.2297
0.2639
0.2102
0.2151
0.2297
0.2151
0.1564
0.2151
0.2981
0.2151
0.2102
0.2346
0.2346
0.1564
0.2102
0.2297
0.2102
0.2151
0.2102
0.2297
0.1760
0.2102
0.2346
0.2493
0.2395
0.2297
0.2688
0.3519
0.2688
0.2199
0.2102
0.2102
0.2151
0.1955
0.1955
0.1906
0.1955
0.1906
0.1955
0.1906
0.1955
0.1955
0.1906
0.2004
0.1906
0.1906
0.1955
0.1906
0.1906
0.1906
0.2004
0.1906
0.2102
0.1955
0.1955
0.1760
0.2102
0.2004
0.1906
0.2151
0.2151
0.1955
0.1857
0.1955
0.1906
0.1955
0.1906
0.2102
0.1955
0.2053
0.1906
0.1906
0.1906
0.2199
0.1906
0.1906
0.1857
0.1906
0.1955
0.2102
0.2199
0.2102
0.1906
0.1955
0.1906
0.2004
0.2102
0.2004
0.2248
0.2102
0.1906
0.2199
0.1955
0.2102
0.2004
0.2102
0.2102
0.1906
0.1906
0.2199
0.1955
0.2102
0.1955
0.2102
0.2102
0.2151
0.2199
0.1906
0.2102
0.2151
0.2737
0.6109
0.6500
0.6745
0.7087
0.7527
0.7722
0.7722
0.8553
0.7918
0.7967
0.7918
0.7918
0.7918
0.7918
0.8504
0.7918
0.7918
0.7918
0.7967
0.7918
0.7918
0.8456
0.7918
0.7918
0.7918
0.7918
0.7820
0.7918
0.7918
0.7918
0.7918
0.7918
0.7918
0.7478
0.7869
0.7918
0.7918
0.7918
0.7918
0.7918
0.7967
0.7918
0.7967
0.7918
0.7918
0.7918
0.7918
0.7967
0.7918
0.7918
0.8113
0.7918
0.7918
0.7918
0.7918
0.7918
0.7967
0.7869
0.7918
0.7918
0.7918
0.7918
0.7918
0.7967
0.7918
0.7967
0.7918
0.7967
0.7918
0.7918
0.7967
0.7869
0.7918
0.7918
0.7967
0.8162
0.7869
0.7967
0.7869
0.7918
0.7918
0.7918
0.8456
0.7967
0.7918
0.7918
0.7918
0.7527
0.7967
0.8553
0.7918
0.7918
0.7918
0.7918
0.7429
0.7918
0.8065
0.7918
0.7918
0.7967
0.7918
0.7967
0.7918
0.7918
0.7967
0.7918
0.7967
0.7918
0.8016
0.7918
0.7918
0.7918
0.7918
0.7918
0.8162
0.7918
0.7918
0.7918
0.7967
0.7918
0.7136
0.4692
0.2493
0.2102
0.2151
0.2346
0.2297
0.1613
0.1906
0.1906
0.1955
0.2004
0.1906
0.2102
0.1906
0.2199
0.2102
0.1955
0.1955
0.1955
0.1857
0.1906
0.1955
0.2004
0.2102
0.1906
0.2102
0.2151
0.1955
0.1906
0.1955
0.2102
0.1906
0.2102
0.2102
0.2102
0.2102
0.2199
0.2102
0.2151
0.1906
0.2102
0.2639
0.2102
0.2151
0.1906
0.1906
0.2151
0.1906
0.2590
0.2102
0.1906
0.1906
0.1906
0.1320
0.1906
0.2004
0.2102
0.1906
0.1906
0.1906
0.1271
0.1906
0.1808
0.1955
0.2102
0.1955
0.1906
0.1857
0.1906
0.1906
0.1955
0.2102
0.1955
0.1955
0.1906
0.2151
0.1955
0.2151
0.1955
0.1564
0.2151
0.1906
0.2151
0.2102
0.1906
0.2102
0.1369
0.1906
0.1955
0.1857
0.1906
0.2102
0.1906
0.1564
0.2102
0.2151
0.1955
0.1955
0.1906
0.1906
0.1906
0.1955
0.1857
0.1955
0.2102
0.2102
0.1857
0.1906
0.1906
0.2004
0.2151
0.2102
0.1906
0.1906
0.1906
0.1955
0.2004
0.1955
0.1955
0.2102
0.1906
0.1955
0.1906
0.2004
