0.3763
0.3715
0.3763
0.3715
0.3715
0.3715
0.3763
0.3128
0.3666
0.3715
0.3715
0.3715
0.3715
0.3763
0.3715
0.3715
0.3763
0.3812
0.3715
0.3715
0.3763
0.3715
0.3715
0.3715
0.3715
0.3715
0.3666
0.3812
0.3715
0.3715
0.3715
0.3715
0.3226
0.3519
0.3470
0.3519
0.3519
0.3519
0.3519
0.3519
0.3519
0.3470
0.3519
0.3519
0.3519
0.3568
0.3519
0.3666
0.3519
0.3519
0.3421
0.3519
0.3666
0.3519
0.3519
0.3715
0.3470
0.3519
0.3470
0.3519
0.3519
0.3519
0.3519
0.3763
0.3715
0.3470
0.3568
0.3715
0.3519
0.3470
0.3812
0.3470
0.3568
0.3519
0.3519
0.2933
0.3470
0.4154
0.3519
0.3666
0.3519
0.3568
0.3519
0.3519
0.3519
0.3519
0.3519
0.3470
0.3568
0.3715
0.3519
0.3470
0.3470
0.3568
0.3715
0.4154
0.3519
0.3519
0.3519
0.3519
0.3568
0.3519
0.3617
0.3519
0.3519
0.3519
0.3568
0.3519
0.3519
0.3519
0.3470
0.3519
0.3519
0.3568
0.3470
0.3519
0.3519
0.3666
