0.1906
0.1955
0.1955
0.2102
0.2297
0.2151
0.1955
0.2151
0.1906
0.1906
0.2151
0.2688
0.2102
0.2297
0.2297
0.2346
0.1662
0.2493
0.2590
0.2688
0.2933
0.3128
0.3030
0.2835
0.3128
0.3372
0.3519
0.3470
0.3568
0.3519
0.3861
0.3715
0.3715
0.3959
0.4154
0.3910
0.4545
0.5621
0.4741
0.4936
0.4545
0.4741
0.4888
0.4936
0.4936
0.4985
0.5132
0.5181
0.5327
0.5816
0.5376
0.5523
0.5914
0.5963
0.5670
0.6109
0.6794
0.5718
0.4594
0.3910
0.3910
0.3519
0.4301
0.4399
0.4350
0.4350
0.4545
0.4741
0.4545
0.4545
0.4545
0.4545
0.4545
0.4301
0.4545
0.4741
0.4936
0.4985
0.4936
0.5132
0.4399
0.4741
0.4741
0.4790
0.4936
0.4888
0.4936
0.4888
0.4985
0.4936
0.4936
0.4936
0.5083
0.4936
0.4741
0.4594
0.4350
0.4350
0.4936
0.4399
0.3910
0.3519
0.3763
0.3519
0.3715
0.3519
0.3275
0.3177
0.3128
0.3128
0.3128
0.2737
0.3128
0.2884
0.3128
0.3128
0.3079
0.3372
0.3421
0.3519
0.3470
0.3519
0.3519
0.3519
0.3910
0.3910
0.3910
0.3910
0.3959
0.4154
0.3421
0.3910
0.3910
0.3910
0.3959
0.3910
0.3910
0.3910
0.3959
0.3910
0.3910
0.4203
0.3910
0.3861
0.3910
0.4154
0.4154
0.4154
0.4154
0.4154
0.4154
0.4203
0.4154
0.4203
0.4154
0.4154
0.4154
0.4154
0.4154
0.4154
0.4252
0.4154
0.4448
0.4350
0.4350
0.4741
0.4350
0.4399
0.4350
0.4350
0.4350
0.4350
0.4497
0.4350
0.4350
0.4350
0.4350
0.4545
0.4545
0.4643
0.4545
0.3910
0.3519
0.3324
0.3666
0.3470
0.3568
0.3470
0.3519
0.3715
0.3715
0.3861
0.3715
0.3519
0.3519
0.3519
0.3519
0.3470
0.3568
0.3470
0.3715
0.3715
0.3519
0.4106
0.3568
0.3763
0.3519
0.3470
0.3470
0.3470
0.3568
0.3519
0.3519
0.3519
0.3519
0.4008
0.3470
0.3568
0.3715
0.3715
0.3519
0.3519
0.3617
0.3666
0.3568
0.3519
0.3519
0.3861
0.3715
0.3568
0.3568
0.3715
0.3715
0.3470
0.3812
0.3519
0.3324
0.3519
0.3666
0.3910
0.4154
0.3959
0.4154
0.4154
0.3910
0.3666
0.4057
0.3324
0.3324
0.3275
0.3519
0.3275
0.3324
0.3421
0.3275
0.3470
0.3568
0.3519
0.3666
0.3715
0.3715
0.3715
0.3715
0.3812
0.3715
0.3959
0.3910
0.3910
0.4203
0.3910
0.3910
0.3715
0.3568
0.3910
0.3910
0.3910
0.3715
0.4252
0.3715
0.3910
0.3763
0.3910
0.3959
0.3715
0.3959
0.3910
0.3910
0.4154
0.3910
0.4448
0.3861
0.3959
0.3910
0.3910
0.3910
0.3910
0.4008
0.3910
0.4154
0.4154
0.4203
0.4154
0.3910
0.3959
0.3715
0.3910
0.3715
0.3519
0.3959
0.2688
0.2102
0.2151
0.2297
0.2151
0.1906
0.2004
0.2102
0.1906
0.1906
0.1955
0.1857
0.1906
0.1955
0.1906
0.2151
0.2102
0.1906
0.2493
0.1857
0.1955
0.1906
0.1955
0.2102
0.2102
0.2053
0.1906
0.2151
0.1955
0.1955
0.1857
0.1906
0.2199
0.2102
0.1955
0.2102
0.1906
0.2297
0.1906
0.1955
0.1955
0.1906
0.1564
0.1906
0.2053
0.1906
0.1955
0.1955
0.1906
0.1808
0.1906
0.2004
0.1906
0.1857
0.1955
0.1955
0.1906
0.1906
0.2297
0.1955
0.1906
0.1564
0.1906
0.2542
0.1906
0.2102
0.1906
0.1955
0.1271
0.1906
0.1906
0.1906
0.1906
0.1906
0.1955
0.1857
0.1906
0.1955
0.1906
0.1955
0.1955
0.1906
0.2688
0.1711
0.1711
0.1955
0.1906
0.1271
0.1906
0.1906
0.1955
0.1906
0.1906
0.2102
0.1906
