0.7722
0.7722
0.7722
0.7771
0.7283
0.7722
0.7722
0.7722
0.7771
0.7722
0.8260
0.7722
0.7722
0.7869
0.7771
0.7722
0.7771
0.7722
0.7771
0.7722
0.7722
0.7722
0.7625
0.7527
0.7820
0.7331
0.7331
0.7331
0.7331
0.7331
0.7331
0.7331
0.7380
0.7331
0.7380
0.6843
0.7331
0.7429
0.7331
0.7380
0.7380
0.7771
0.7331
0.8016
0.7331
0.7331
0.7331
0.7380
0.7331
0.7380
0.7380
0.7380
0.7331
0.7331
0.7331
0.7331
0.7380
0.7380
0.7331
0.7331
0.7331
0.7380
0.7331
0.7331
0.7331
0.7380
0.6940
0.7331
0.6843
0.7331
0.7380
0.7380
0.7331
0.7331
0.7967
0.7331
0.7331
0.7331
0.7331
0.7331
0.7380
0.7478
0.7331
0.7331
0.7527
0.7380
0.7380
0.7331
0.7331
0.7331
0.7331
0.7331
0.7331
