1.0313
1.0264
1.0313
1.0264
1.0313
1.0264
1.0264
1.0264
1.0264
1.0313
1.0264
1.0264
1.0264
1.0264
1.0264
1.0264
1.0508
1.0264
1.0264
1.0264
1.0313
1.0215
1.0264
1.0264
1.0264
1.0264
1.0313
1.0068
1.0117
1.0068
0.9873
0.9873
0.9873
0.9629
0.9677
0.9482
0.9482
0.9531
0.9482
0.9482
0.9482
0.9482
0.9482
0.9482
0.9433
0.9384
0.9482
0.9384
0.9482
0.9482
0.9482
0.9384
0.9482
0.9384
0.9482
0.9531
0.9482
0.9091
0.9482
0.9042
0.9482
0.9531
0.9482
0.9482
0.9482
0.9580
0.9482
0.9482
0.9531
0.9482
0.9482
0.9677
0.9482
0.9433
0.9531
0.9482
0.9482
0.9726
0.9482
1.0117
0.9482
0.9482
0.9482
1.0117
0.9482
0.9726
0.9531
0.9482
0.9482
0.9580
0.9482
0.9580
0.9433
0.9531
0.9482
0.9482
0.9482
0.9531
0.9433
0.9482
0.9482
0.9482
0.9482
0.9531
0.9482
0.9531
0.9482
0.9726
0.9482
0.9531
0.9433
0.9482
0.9482
