0.6500
0.6500
0.7185
0.6500
0.6647
0.6500
0.6500
0.6549
0.6549
0.6452
0.6549
0.6500
0.6549
0.6500
0.6549
0.6500
0.6500
0.6696
0.6549
0.6500
0.6500
0.6549
0.6500
0.6794
0.6500
0.6500
0.6500
0.7185
0.6500
0.6598
0.6500
0.6500
0.6500
0.6549
0.6500
0.6549
0.6500
0.6500
0.6500
0.6549
0.6549
0.6500
0.6452
0.6549
0.6500
0.6745
0.6598
0.6500
0.6598
0.6500
0.6549
0.6500
0.6696
0.6500
0.6598
0.6696
0.6500
0.6500
0.6500
0.6696
0.6500
0.6500
0.6549
0.6500
0.6696
0.6500
0.6500
0.6452
0.6696
0.6500
0.6549
0.6549
0.6500
0.6989
0.6500
0.6500
0.6500
0.6549
0.6500
0.6549
0.6549
0.6500
0.6500
0.6549
0.6500
0.6745
0.6549
0.6452
0.6549
0.6500
0.6549
0.6500
0.6256
0.6500
0.6500
0.6500
0.6500
0.6549
0.7136
0.6549
0.6500
0.6305
0.6305
0.6305
0.6354
0.6305
0.6305
0.6305
0.6305
0.6305
0.6354
0.6305
0.6452
0.6354
0.6305
0.6305
0.6305
0.6403
0.6305
0.6305
0.6305
0.6305
0.6354
0.6403
0.6305
0.6305
0.6354
0.6354
0.6305
0.6305
0.6305
0.6305
0.6354
0.6354
0.6305
0.6305
0.5865
0.6305
0.6305
0.6305
0.6305
0.6305
0.6989
0.6305
0.6305
0.6305
0.6305
0.6354
0.6305
0.6305
0.6354
0.6256
0.6305
0.6305
0.6354
0.6256
0.6305
0.6305
0.6305
0.6354
0.6452
0.6891
0.6305
0.6305
0.6305
0.6354
0.6305
0.6354
0.6354
0.6354
0.6305
0.6305
0.6305
0.6305
0.6305
0.6305
0.6305
0.6305
0.6305
0.6305
0.6354
0.6305
0.6305
0.6305
0.6354
0.6305
0.6403
0.6305
0.6354
0.6305
0.6305
0.6305
0.6305
0.6354
0.6354
0.6354
0.6305
0.6305
0.6354
0.6256
0.6305
0.6305
0.6305
0.6305
0.6452
0.6940
0.6305
0.6403
0.6305
0.6305
0.6305
0.6354
0.6305
0.6354
0.6354
0.6305
0.6354
0.6354
0.6256
0.6305
0.6305
0.6354
0.6305
0.6354
0.6452
0.6305
0.6940
0.6452
0.6354
0.6354
0.6354
0.6305
0.6305
0.6305
0.6305
0.6305
0.6354
0.6305
