1.0850
1.0850
1.0899
1.0899
1.0899
1.0899
1.0899
1.0850
1.0899
1.0899
1.0850
1.0948
1.0850
1.0850
1.0850
1.0850
1.0850
1.0948
1.0850
1.0850
1.0899
1.0850
1.0655
1.0557
1.0264
1.0313
1.0264
1.0264
1.0264
1.0313
1.0264
1.0313
1.0264
1.0264
1.0264
1.0313
1.0215
1.0313
1.0264
1.0264
1.0264
1.0362
1.0264
1.0313
1.0264
1.0264
1.0264
1.0264
1.0313
1.0362
1.0264
1.0215
1.0264
1.0264
1.0264
1.0362
1.0264
1.0264
1.0264
1.0264
1.0264
1.0362
1.0264
1.0313
1.0264
1.0313
1.0264
1.0313
1.0264
1.0313
1.0264
1.0264
1.0264
1.0313
1.0313
1.0313
1.0313
1.0264
1.0264
1.0264
1.0215
1.0264
1.0264
1.0264
1.0264
1.0215
1.0264
1.0313
1.0264
1.0264
1.0264
1.0313
1.0313
1.0264
1.0264
1.0264
1.0313
1.0313
1.0264
