0.2933
0.2835
0.2933
0.2737
0.2053
0.2688
0.3617
0.2737
0.2786
0.2737
0.2933
0.2346
0.2884
0.2737
0.2737
0.2933
0.2884
0.2737
0.2688
0.2737
0.2737
0.2737
0.2786
0.2688
0.2933
0.2737
0.2737
0.2933
0.2933
0.2981
0.2737
0.2737
0.2688
0.2688
0.2933
0.2737
0.3568
0.2688
0.2688
0.2688
0.2933
0.2346
0.2737
0.3079
0.2737
0.2688
0.2688
0.2737
0.2737
0.2688
0.2688
0.2688
0.2737
0.2737
0.2737
0.2688
0.2688
0.2688
0.2737
0.2737
0.2737
0.2786
0.2737
0.2737
0.2688
0.2688
0.3275
0.2737
0.2737
0.2737
0.2933
0.2688
0.2737
0.2884
0.2688
0.2688
0.2737
0.2737
0.2688
0.2737
0.2639
0.2688
0.2786
0.2688
0.2688
0.2737
0.2688
0.2151
0.2737
0.2737
0.2737
0.2786
0.2688
0.2688
0.2737
0.2688
0.2688
0.2737
0.2786
0.2737
0.2737
0.2688
0.2737
0.2786
0.2688
0.2786
0.2688
0.2688
0.2933
0.2688
0.2639
0.2737
0.2786
0.2737
0.2737
0.2737
0.2737
0.2053
0.2737
0.2737
0.2737
0.2737
0.2737
0.2737
0.2151
0.2688
0.2688
0.2737
0.2737
0.2737
0.2688
