0.6843
0.7331
0.7331
0.7380
0.7380
0.7380
0.7967
0.7331
0.7331
0.7331
0.7331
0.7380
0.7380
0.7087
0.7136
0.6891
0.6940
0.6940
0.6940
0.6891
0.6891
0.6891
0.6891
0.6891
0.6989
0.6940
0.6940
0.6891
0.6940
0.6891
0.6940
0.6452
0.6891
0.6940
0.6891
0.6940
0.6891
0.7674
0.6891
0.7625
0.6891
0.6940
0.6891
0.6989
0.6891
0.6940
0.6891
0.6891
0.6940
0.6940
0.6891
0.6940
0.6891
0.6891
0.6891
0.6940
0.6891
0.6891
0.6500
0.6891
0.6891
0.6891
0.7038
0.6891
0.7380
0.6891
0.6940
0.6891
0.6940
0.6891
0.6989
0.6891
0.6891
0.6891
0.6891
0.6891
0.6940
0.6891
0.6891
0.6940
0.6891
0.6891
