0.5914
0.6207
0.5914
0.5963
0.5914
0.5963
0.5914
0.5963
0.5914
0.5914
0.5963
0.5914
0.5474
0.5914
0.5963
0.5963
0.5963
0.5914
0.6012
0.5914
0.5963
0.5914
0.5914
0.5914
0.5963
0.5718
0.5718
0.5181
0.5718
0.5718
0.5718
0.6354
0.5670
0.5816
0.5718
0.5767
0.5718
0.5767
0.5718
0.5767
0.5670
0.5816
0.5767
0.5767
0.6207
0.5718
0.5914
0.5718
0.5767
0.5718
0.5767
0.5718
0.5718
0.5718
0.5718
0.5767
0.5718
0.5816
0.5718
0.6354
0.5718
0.5767
0.5718
0.5767
0.5718
0.5767
0.5718
0.5767
0.5718
0.5718
0.5718
0.5718
0.5718
0.5767
0.5718
0.5718
0.5816
0.5718
0.5718
0.5767
0.5718
0.5718
0.5767
0.5279
0.5718
0.5718
0.5767
0.5718
0.5718
0.5816
0.5767
0.5718
0.5718
0.5767
0.5718
0.5816
0.5767
0.5718
0.5767
0.5718
0.5767
0.5767
0.5816
0.5718
0.5718
