milliseconds	Werte
462	0
462	
6;0;0;55;54;0.0
487	0
487	
30;0;0;55;54;11.0
514	0
514	
54;0;0;55;54;11.0
538	0
538	
78;0;0;55;54;11.0
562	0
562	
102;0;0;55;54;10.0
586	0
586	
129;0;0;56;54;16.0
611	0
611	
154;0;0;56;54;12.0
647	0
647	
183;0;0;55;54;12.0
667	0
667	
207;0;0;55;54;14.0
691	0
691	
231;0;0;55;54;11.0
715	0
715	
258;0;0;55;54;11.0
740	0
740	
283;0;0;55;54;10.0
764	0
764	
307;0;0;55;54;14.0
788	0
788	
331;0;0;55;54;16.0
815	0
815	
355;0;0;55;54;10.0
848	0
848	
379;0;0;55;54;12.0
868	0
868	
403;0;0;55;54;13.0
887	0
887	
427;0;0;55;54;10.0
911	0
911	
452;0;0;55;54;13.0
937	0
937	
480;0;0;55;54;10.0
961	0
961	
504;0;0;55;54;9.0
985	0
985	
528;0;0;55;54;11.0
1009	0
1009	
552;0;0;55;54;10.0
1036	0
1036	
576;0;0;55;54;11.0
1070	0
1070	
601;0;0;55;54;9.0
1088	0
1088	
625;0;0;55;54;10.0
1109	0
1109	
650;0;0;55;54;14.0
1134	0
1134	
677;0;0;55;54;11.0
1158	0
1158	
701;0;0;55;54;11.0
1182	0
1182	
725;0;0;55;54;11.0
1206	0
1206	
749;0;0;55;54;10.0
1233	0
1233	
773;0;0;55;54;11.0
1257	0
1257	
797;0;0;56;54;11.0
1287	0
1287	
821;0;0;56;54;11.0
1309	0
1309	
849;0;0;55;54;11.0
1330	0
1330	
873;0;0;55;54;16.0
1354	0
1354	
897;0;0;55;54;11.0
1378	0
1378	
921;0;0;55;54;10.0
1403	0
1403	
945;0;0;55;54;10.0
1429	0
1429	
969;0;0;55;54;15.0
1453	0
1453	
993;0;0;55;54;10.0
1477	0
1477	
1018;0;0;55;54;10.0
1510	0
1510	
1045;0;0;56;54;10.0
1529	0
1529	
1069;0;0;55;54;11.0
1550	0
1550	
1093;0;0;55;54;10.0
1574	0
1574	
1117;0;0;55;54;10.0
1599	0
1599	
1141;0;0;55;54;18.0
1623	0
1623	
1165;0;0;55;54;11.0
1649	0
1649	
1190;0;0;56;54;10.0
1674	0
1674	
1215;0;0;55;54;11.0
1697	0
1697	
1240;0;0;55;54;10.0
1734	0
1734	
1269;0;0;55;54;11.0
1752	0
1752	
1294;0;0;55;54;16.0
1778	0
1778	
1318;0;0;56;54;10.0
1802	0
1802	
1343;0;0;55;54;11.0
1827	0
1827	
1370;0;0;56;54;10.0
1852	0
1852	
1395;0;0;55;54;11.0
1876	0
1876	
1419;0;0;56;54;11.0
1902	0
1902	
1444;0;0;56;54;12.0
1932	0
1932	
1468;0;0;56;54;10.0
1957	0
1957	
1496;0;0;56;54;12.0
1979	0
1979	
1522;0;0;56;54;14.0
2003	0
2003	
1546;0;0;56;54;10.0
2027	0
2027	
1570;0;0;56;54;11.0
2051	0
2051	
1594;0;0;56;54;13.0
2076	0
2076	
1618;0;0;56;54;10.0
2102	0
2102	
1642;0;0;56;54;10.0
2126	0
2126	
1666;0;0;56;54;11.0
2157	0
2157	
1692;0;0;56;54;10.0
2179	0
2179	
1718;0;0;56;54;11.0
2199	0
2199	
1742;0;0;55;54;11.0
2223	0
2223	
1766;0;0;55;54;11.0
2250	0
2250	
1791;0;0;56;54;11.0
2275	0
2275	
1815;0;0;55;54;12.0
2299	0
2299	
1839;0;0;55;54;10.0
2323	0
2323	
1866;0;0;55;54;16.0
2348	0
2348	
1891;0;0;56;54;14.0
2385	0
2385	
1920;0;0;55;54;11.0
2404	0
2404	
1944;0;0;55;54;11.0
2428	0
2428	
1968;0;0;55;54;11.0
2452	0
2452	
1993;0;0;55;54;16.0
2478	0
2478	
2021;0;0;56;54;10.0
2502	0
2502	
2045;0;0;56;54;11.0
2526	0
2526	
2069;0;0;56;54;10.0
2553	0
2553	
2094;0;0;56;54;10.0
2578	0
2578	
2118;0;0;56;54;10.0
2610	0
2610	
2153;0;0;56;54;15.0
2635	0
2635	
2178;0;0;56;54;10.0
2659	0
2659	
2202;0;0;56;54;11.0
2683	0
2683	
2226;0;0;56;54;9.0
2708	0
2708	
2250;0;0;56;54;10.0
2734	0
2734	
2274;0;0;56;54;10.0
2758	0
2758	
2298;0;0;56;54;10.0
2782	0
2782	
2323;0;0;56;54;11.0
2811	0
2811	
2350;0;0;56;54;11.0
2835	0
2835	
2375;0;0;56;54;10.0
2857	0
2857	
2400;0;0;55;54;10.0
2881	0
2881	
2424;0;0;56;54;11.0
2905	0
2905	
2448;0;0;56;54;11.0
2932	0
2932	
2472;0;0;56;54;11.0
2956	0
2956	
2497;0;0;56;54;10.0
2981	0
2981	
2524;0;0;55;54;11.0
3007	0
3007	
2549;0;0;56;54;11.0
3042	0
3042	
2577;0;0;56;54;10.0
3061	0
3061	
2601;0;0;56;54;10.0
3085	0
3085	
2625;0;0;55;54;11.0
3109	0
3109	
2649;0;0;56;54;11.0
3133	0
3133	
2676;0;0;55;54;14.0
3158	0
3158	
2701;0;0;56;54;11.0
3183	0
3183	
2726;0;0;56;54;11.0
3207	0
3207	
2750;0;0;56;54;10.0
3241	0
3241	
2774;0;0;56;54;10.0
3263	0
3263	
2800;0;0;56;54;10.0
3284	0
3284	
2825;0;0;56;54;11.0
3310	0
3310	
2853;0;0;56;54;10.0
3334	0
3334	
2877;0;0;56;54;14.0
3358	0
3358	
2901;0;0;56;54;14.0
3382	0
3382	
2925;0;0;56;54;12.0
3407	0
3407	
2949;0;0;56;54;11.0
3433	0
3433	
2973;0;0;56;54;10.0
3466	0
3466	
3010;0;0;56;54;10.0
3491	0
3491	
3034;0;0;56;54;10.0
3515	0
3515	
3058;0;0;56;54;11.0
3539	0
3539	
3082;0;0;56;54;10.0
3564	0
3564	
3106;0;0;56;54;14.0
3590	0
3590	
3130;0;0;56;54;11.0
3614	0
3614	
3154;0;0;56;54;10.0
3638	0
3638	
3179;0;0;56;54;18.0
3668	0
3668	
3206;0;0;56;54;11.0
3690	0
3690	
3230;0;0;56;54;11.0
3711	0
3711	
3254;0;0;56;54;11.0
3735	0
3735	
3278;0;0;56;54;14.0
3761	0
3761	
3303;0;0;56;54;11.0
3787	0
3787	
3327;0;0;56;54;11.0
3811	0
3811	
3352;0;0;56;54;11.0
3836	0
3836	
3379;0;0;56;54;11.0
3860	0
3860	
3403;0;0;56;54;10.0
3897	0
3897	
3435;0;0;56;54;11.0
3919	0
3919	
3460;0;0;56;54;16.0
3944	0
3944	
3487;0;0;56;54;10.0
3968	0
3968	
3511;0;0;56;54;16.0
3992	0
3992	
3535;0;0;56;54;12.0
4020	0
4020	
3560;0;0;56;54;13.0
4044	0
4044	
3584;0;0;56;54;10.0
4068	0
4068	
3608;0;0;56;54;11.0
4096	0
4096	
3635;0;0;56;54;10.0
4119	0
4119	
3662;0;0;56;54;10.0
4143	0
4143	
3686;0;0;56;54;11.0
4167	0
4167	
3710;0;0;56;54;14.0
4192	0
4192	
3734;0;0;56;54;10.0
4216	0
4216	
3758;0;0;56;54;11.0
4242	0
4242	
3782;0;0;56;54;11.0
4266	0
4266	
3807;0;0;56;54;10.0
4291	0
4291	
3834;0;0;56;54;11.0
4327	0
4327	
3862;0;0;56;54;10.0
4343	0
4343	
3886;0;0;56;54;10.0
4368	0
4368	
3910;0;0;56;54;10.0
4394	0
4394	
3934;0;0;56;54;10.0
4418	0
4418	
3958;0;0;56;54;10.0
4442	0
4442	
3983;0;0;56;54;11.0
4467	0
4467	
4010;0;0;56;54;11.0
4491	0
4491	
4034;0;0;56;54;10.0
4527	0
4527	
4058;0;0;56;54;10.0
4544	0
4544	
4083;0;0;56;54;11.0
4565	0
4565	
4107;0;0;56;54;11.0
4591	0
4591	
4131;0;0;56;54;11.0
4615	0
4615	
4155;0;0;56;54;11.0
4639	0
4639	
4180;0;0;56;54;10.0
4664	0
4664	
4207;0;0;56;54;14.0
4688	0
4688	
4231;0;0;56;54;11.0
4712	0
4712	
4255;0;0;56;54;10.0
4748	0
4748	
4289;0;0;56;54;10.0
4773	0
4773	
4316;0;0;56;54;10.0
4797	0
4797	
4340;0;0;56;54;10.0
4821	0
4821	
4364;0;0;56;54;12.0
4845	0
4845	
4388;0;0;56;54;12.0
4872	0
4872	
4412;0;0;56;54;10.0
4896	0
4896	
4436;0;0;56;54;12.0
4920	0
4920	
4460;0;0;56;54;11.0
4950	0
4950	
4487;0;0;56;54;15.0
4974	0
4974	
4514;0;0;56;54;10.0
4995	0
4995	
4538;0;0;56;54;10.0
5020	0
5020	
4562;0;0;56;54;10.0
5046	0
5046	
4586;0;0;56;54;11.0
5070	0
5070	
4610;0;0;56;54;11.0
5094	0
5094	
4634;0;0;56;54;11.0
5118	0
5118	
4661;0;0;56;54;10.0
5143	0
5143	
4686;0;0;56;54;16.0
5179	0
5179	
4714;0;0;56;54;11.0
5198	0
5198	
4738;0;0;56;54;11.0
5222	0
5222	
4762;0;0;56;54;11.0
5246	0
5246	
4786;0;0;56;54;11.0
5270	0
5270	
4813;0;0;56;54;10.0
5295	0
5295	
4838;0;0;56;54;16.0
5319	0
5319	
4862;0;0;56;54;11.0
5343	0
5343	
4886;0;0;56;54;10.0
5377	0
5377	
4910;0;0;56;54;16.0
5399	0
5399	
4934;0;0;56;54;15.0
5418	0
5418	
4958;0;0;56;54;12.0
5442	0
5442	
4983;0;0;56;54;11.0
5467	0
5467	
5010;0;0;56;54;11.0
5491	0
5491	
5034;0;0;56;54;10.0
5515	0
5515	
5058;0;0;56;54;13.0
5539	0
5539	
5082;0;0;56;54;14.0
5566	0
5566	
5107;0;0;56;54;11.0
5595	0
5595	
5138;0;0;56;54;10.0
5620	0
5620	
5163;0;0;56;54;11.0
5644	0
5644	
5187;0;0;56;54;10.0
5668	0
5668	
5211;0;0;56;54;13.0
5693	0
5693	
5235;0;0;56;54;12.0
5719	0
5719	
5259;0;0;56;54;10.0
5743	0
5743	
5283;0;0;56;54;14.0
5767	0
5767	
5309;0;0;56;54;11.0
5796	0
5796	
5335;0;0;56;54;10.0
5819	0
5819	
5359;0;0;56;54;10.0
5840	0
5840	
5383;0;0;56;54;11.0
5866	0
5866	
5408;0;0;56;54;10.0
5892	0
5892	
5432;0;0;56;54;11.0
5916	0
5916	
5456;0;0;56;54;14.0
5940	0
5940	
5481;0;0;56;54;24.0
5965	0
5965	
5508;0;0;56;54;10.0
5989	0
5989	
5532;0;0;56;54;11.0
6025	0
6025	
5561;0;0;56;54;12.0
6045	0
6045	
5585;0;0;56;54;10.0
6069	0
6069	
5610;0;0;56;54;11.0
6094	0
6094	
5637;0;0;56;54;11.0
6118	0
6118	
5661;0;0;56;54;10.0
6142	0
6142	
5685;0;0;56;54;11.0
6169	0
6169	
5710;0;0;56;54;10.0
6195	0
6195	
5734;0;0;56;54;10.0
6224	0
6224	
5758;0;0;56;54;12.0
6245	0
6245	
5785;0;0;56;54;11.0
6267	0
6267	
5810;0;0;56;54;12.0
6291	0
6291	
5834;0;0;56;54;10.0
6316	0
6316	
5859;0;0;56;54;10.0
6343	0
6343	
5883;0;0;56;54;10.0
6367	0
6367	
5908;0;0;56;54;10.0
6392	0
6392	
5935;0;0;56;54;10.0
6417	0
6417	
5960;0;0;56;54;10.0
6451	0
6451	
5990;0;0;56;54;10.0
6474	0
6474	
6014;0;0;56;54;11.0
6498	0
6498	
6038;0;0;56;54;11.0
6522	0
6522	
6065;0;0;56;54;10.0
6547	0
6547	
6090;0;0;56;54;11.0
6572	0
6572	
6115;0;0;56;54;10.0
6596	0
6596	
6139;0;0;56;54;14.0
6623	0
6623	
6163;0;0;56;54;10.0
6652	0
6652	
6187;0;0;56;54;10.0
6676	0
6676	
6216;0;0;56;54;11.0
6699	0
6699	
6242;0;0;56;54;20.0
6723	0
6723	
6266;0;0;56;54;11.0
6747	0
6747	
6290;0;0;56;54;16.0
6774	0
6774	
6315;0;0;56;54;10.0
6799	0
6799	
6339;0;0;56;54;11.0
6823	0
6823	
6366;0;0;56;54;11.0
6848	0
6848	
6391;0;0;56;54;11.0
6880	0
6880	
6421;0;0;56;54;13.0
6903	0
6903	
6445;0;0;56;54;11.0
6929	0
6929	
6470;0;0;56;54;11.0
6954	0
6954	
6495;0;0;56;54;14.0
6977	0
6977	
6520;0;0;56;54;10.0
7002	0
7002	
6545;0;0;56;54;13.0
7029	0
7029	
6570;0;0;56;54;13.0
7052	0
7052	
6594;0;0;56;54;10.0
7085	0
7085	
6618;0;0;56;54;14.0
7106	0
7106	
6644;0;0;56;54;10.0
7126	0
7126	
6668;0;0;56;54;11.0
7151	0
7151	
6694;0;0;56;54;11.0
7175	0
7175	
6718;0;0;56;54;10.0
7200	0
7200	
6742;0;0;56;54;11.0
7224	0
7224	
6766;0;0;56;54;11.0
7248	0
7248	
6790;0;0;56;54;11.0
7275	0
7275	
6817;0;0;56;54;10.0
7304	0
7304	
6847;0;0;56;54;10.0
7331	0
7331	
6872;0;0;56;54;11.0
7354	0
7354	
6896;0;0;56;54;10.0
7378	0
7378	
6920;0;0;56;54;11.0
7402	0
7402	
6945;0;0;56;54;12.0
7429	0
7429	
6970;0;0;56;54;11.0
7452	0
7452	
6994;0;0;56;54;11.0
7476	0
7476	
7019;0;0;56;54;10.0
7507	0
7507	
7044;0;0;56;54;14.0
7532	0
7532	
7069;0;0;56;54;10.0
7551	0
7551	
7093;0;0;56;54;10.0
7575	0
7575	
7118;0;0;56;54;10.0
7602	0
7602	
7143;0;0;56;54;10.0
7625	0
7625	
7167;0;0;56;54;10.0
7649	0
7649	
7192;0;0;56;54;10.0
7674	0
7674	
7217;0;0;56;54;10.0
7699	0
7699	
7241;0;0;56;54;13.0
7734	0
7734	
7271;0;0;56;54;15.0
7755	0
7755	
7296;0;0;56;54;11.0
7779	0
7779	
7322;0;0;56;54;11.0
7803	0
7803	
7346;0;0;56;54;10.0
7827	0
7827	
7370;0;0;56;54;10.0
7851	0
7851	
7394;0;0;56;54;10.0
7876	0
7876	
7418;0;0;56;54;14.0
7902	0
7902	
7442;0;0;56;54;10.0
7932	0
7932	
7466;0;0;56;54;10.0
7953	0
7953	
7493;0;0;56;54;14.0
7975	0
7975	
7518;0;0;56;54;11.0
8000	0
8000	
7543;0;0;56;54;10.0
8024	0
8024	
7567;0;0;56;54;13.0
8049	0
8049	
7591;0;0;56;54;11.0
8075	0
8075	
7616;0;0;56;54;10.0
8100	0
8100	
7641;0;0;56;54;11.0
8125	0
8125	
7668;0;0;56;54;10.0
8162	0
8162	
7692;0;0;56;54;10.0
8177	0
8177	
7717;0;0;56;54;11.0
8199	0
8199	
7741;0;0;56;54;11.0
8223	0
8223	
7765;0;0;56;54;19.0
8249	0
8249	
7789;0;0;56;54;11.0
8273	0
8273	
7814;0;0;56;54;10.0
8298	0
8298	
7841;0;0;56;54;11.0
8322	0
8322	
7865;0;0;56;54;11.0
8346	0
8346	
7889;0;0;56;54;10.0
8383	0
8383	
7914;0;0;56;54;14.0
8401	0
8401	
7938;0;0;56;54;10.0
8422	0
8422	
7962;0;0;56;54;11.0
8446	0
8446	
7987;0;0;56;54;11.0
8471	0
8471	
8014;0;0;56;54;15.0
8495	0
8495	
8038;0;0;56;54;10.0
8519	0
8519	
8062;0;0;56;54;11.0
8543	0
8543	
8086;0;0;56;54;10.0
8570	0
8570	
8110;0;0;56;54;10.0
8602	0
8602	
8135;0;0;56;54;12.0
8624	0
8624	
8163;0;0;56;54;10.0
8644	0
8644	
8187;0;0;56;54;11.0
8668	0
8668	
8211;0;0;56;54;10.0
8692	0
8692	
8235;0;0;56;54;10.0
8719	0
8719	
8259;0;0;56;54;10.0
8743	0
8743	
8283;0;0;56;54;10.0
8767	0
8767	
8307;0;0;56;54;11.0
8791	0
8791	
8334;0;0;56;54;11.0
8822	0
8822	
8359;0;0;56;54;11.0
8844	0
8844	
8383;0;0;56;54;11.0
8865	0
8865	
8408;0;0;56;54;11.0
8889	0
8889	
8432;0;0;56;54;11.0
8914	0
8914	
8456;0;0;56;54;11.0
8940	0
8940	
8480;0;0;56;54;10.0
8964	0
8964	
8504;0;0;56;54;14.0
8988	0
8988	
8529;0;0;56;54;10.0
9013	0
9013	
8556;0;0;56;54;12.0
9049	0
9049	
8580;0;0;56;54;10.0
9066	0
9066	
8604;0;0;56;54;11.0
9085	0
9085	
8628;0;0;56;54;10.0
9113	0
9113	
8653;0;0;56;54;10.0
9137	0
9137	
8677;0;0;56;54;12.0
9161	0
9161	
8701;0;0;56;54;10.0
9185	0
9185	
8728;0;0;56;54;10.0
9210	0
9210	
8753;0;0;56;54;10.0
9235	0
9235	
8778;0;0;56;54;11.0
9276	0
9276	
8802;0;0;56;54;10.0
9290	0
9290	
8826;0;0;56;54;11.0
9308	0
9308	
8850;0;0;56;54;10.0
9334	0
9334	
8874;0;0;56;54;10.0
9359	0
9359	
8900;0;0;56;54;11.0
9382	0
9382	
8925;0;0;56;54;10.0
9407	0
9407	
8950;0;0;56;54;10.0
9431	0
9431	
8974;0;0;56;54;10.0
9456	0
9456	
8998;0;0;56;54;10.0
9488	0
9488	
9022;0;0;56;54;11.0
9511	0
9511	
9047;0;0;56;54;12.0
9531	0
9531	
9072;0;0;56;54;11.0
9554	0
9554	
9097;0;0;56;54;11.0
9579	0
9579	
9122;0;0;56;54;11.0
9603	0
9603	
9146;0;0;56;54;10.0
9628	0
9628	
9170;0;0;56;54;11.0
9652	0
9652	
9194;0;0;56;54;11.0
9678	0
9678	
9219;0;0;56;54;16.0
9708	0
9708	
9244;0;0;56;54;11.0
9731	0
9731	
9271;0;0;56;54;12.0
9752	0
9752	
9295;0;0;56;54;11.0
9776	0
9776	
9320;0;0;56;54;11.0
9801	0
9801	
9344;0;0;56;54;11.0
9828	0
9828	
9368;0;0;56;54;10.0
9852	0
9852	
9392;0;0;56;54;10.0
9876	0
9876	
9416;0;0;56;54;11.0
9900	0
9900	
9443;0;0;56;54;10.0
9930	0
9930	
9468;0;0;56;54;13.0
9953	0
9953	
9492;0;0;56;54;10.0
9973	0
9973	
9516;0;0;56;54;11.0
9997	0
9997	
9540;0;0;56;54;12.0
10022	0
10022	
9564;0;0;56;54;11.0
10048	0
10048	
9588;0;0;56;54;11.0
10072	0
10072	
9612;0;0;56;54;11.0
10096	0
10096	
9637;0;0;56;54;10.0
10122	0
10122	
9665;0;0;56;54;10.0
10151	0
10151	
9689;0;0;56;54;11.0
10176	0
10176	
9713;0;0;56;54;11.0
10194	0
10194	
9737;0;0;56;54;14.0
10218	0
10218	
9761;0;0;56;54;13.0
10244	0
10244	
9786;0;0;56;54;11.0
10268	0
10268	
9810;0;0;56;54;11.0
10294	0
10294	
9835;0;0;56;54;11.0
10319	0
10319	
9860;0;0;56;54;12.0
10342	0
10342	
9885;0;0;56;54;13.0
10380	0
10380	
9910;0;0;56;54;10.0
10398	0
10398	
9935;0;0;56;54;10.0
10417	0
10417	
9959;0;0;56;54;11.0
10441	0
10441	
9983;0;0;56;54;14.0
10467	0
10467	
10007;0;0;56;54;10.0
10491	0
10491	
10032;0;0;56;54;11.0
10516	0
10516	
10059;0;0;56;54;11.0
10540	0
10540	
10083;0;0;56;54;11.0
10564	0
10564	
10107;0;0;56;54;11.0
10601	0
10601	
10132;0;0;56;54;10.0
10621	0
10621	
10156;0;0;56;54;10.0
10640	0
10640	
10180;0;0;56;54;11.0
10664	0
10664	
10205;0;0;56;54;10.0
10689	0
10689	
10232;0;0;56;54;11.0
10713	0
10713	
10256;0;0;56;54;10.0
10737	0
10737	
10280;0;0;56;54;10.0
10761	0
10761	
10304;0;0;56;54;10.0
10788	0
10788	
10329;0;0;56;54;11.0
10822	0
10822	
10364;0;0;56;54;11.0
10845	0
10845	
10388;0;0;56;54;10.0
10869	0
10869	
10412;0;0;56;54;12.0
10893	0
10893	
10436;0;0;56;54;10.0
10918	0
10918	
10460;0;0;56;54;11.0
10944	0
10944	
10484;0;0;56;54;10.0
10968	0
10968	
10508;0;0;56;54;10.0
10992	0
10992	
10533;0;0;56;54;9.0
11022	0
11022	
10560;0;0;56;54;10.0
11045	0
11045	
10585;0;0;56;54;13.0
11066	0
11066	
10609;0;0;56;54;11.0
11090	0
11090	
10633;0;0;56;54;11.0
11115	0
11115	
10657;0;0;56;54;20.0
11141	0
11141	
10681;0;0;56;54;10.0
11165	0
11165	
10705;0;0;56;54;10.0
11189	0
11189	
10731;0;0;56;54;16.0
11214	0
11214	
10757;0;0;56;54;10.0
11250	0
11250	
10785;0;0;56;54;12.0
11269	0
11269	
10809;0;0;56;54;14.0
11293	0
11293	
10833;0;0;56;54;11.0
11317	0
11317	
10857;0;0;56;54;11.0
11343	0
11343	
10885;0;0;56;54;10.0
11366	0
11366	
10909;0;0;56;54;13.0
11390	0
11390	
10933;0;0;56;54;11.0
11414	0
11414	
10957;0;0;56;54;13.0
11441	0
11441	
10981;0;0;56;54;10.0
11473	0
11473	
11016;0;0;56;54;10.0
11498	0
11498	
11041;0;0;56;54;10.0
11522	0
11522	
11065;0;0;56;54;11.0
11546	0
11546	
11089;0;0;56;54;10.0
11571	0
11571	
11113;0;0;56;54;11.0
11597	0
11597	
11137;0;0;56;54;11.0
11621	0
11621	
11161;0;0;56;54;10.0
11645	0
11645	
11186;0;0;56;54;14.0
11675	0
11675	
11213;0;0;56;54;10.0
11698	0
11698	
11238;0;0;56;54;10.0
11719	0
11719	
11262;0;0;56;54;11.0
11743	0
11743	
11286;0;0;56;54;11.0
11767	0
11767	
11310;0;0;56;54;13.0
11792	0
11792	
11334;0;0;56;54;10.0
11818	0
11818	
11358;0;0;56;54;16.0
11843	0
11843	
11384;0;0;56;54;11.0
11868	0
11868	
11411;0;0;56;54;10.0
11904	0
11904	
11442;0;0;56;54;10.0
11926	0
11926	
11466;0;0;56;54;10.0
11950	0
11950	
11490;0;0;56;54;10.0
11974	0
11974	
11517;0;0;56;54;10.0
11999	0
11999	
11542;0;0;56;54;10.0
12023	0
12023	
11566;0;0;56;54;11.0
12047	0
12047	
11590;0;0;56;54;10.0
12074	0
12074	
11614;0;0;56;54;11.0
12107	0
12107	
11638;0;0;56;54;10.0
12126	0
12126	
11663;0;0;56;54;11.0
12147	0
12147	
11688;0;0;56;54;11.0
12172	0
12172	
11715;0;0;56;54;11.0
12196	0
12196	
11739;0;0;56;54;10.0
12220	0
12220	
11763;0;0;56;54;10.0
12244	0
12244	
11787;0;0;56;54;10.0
12271	0
12271	
11811;0;0;56;54;10.0
12295	0
12295	
11835;0;0;56;54;16.0
12328	0
12328	
11859;0;0;56;54;16.0
12347	0
12347	
11883;0;0;56;54;10.0
12367	0
12367	
11908;0;0;56;54;11.0
12392	0
12392	
11935;0;0;56;54;11.0
12417	0
12417	
11960;0;0;56;54;11.0
12441	0
12441	
11984;0;0;56;54;12.0
12465	0
12465	
12008;0;0;56;54;13.0
12492	0
12492	
12033;0;0;56;54;10.0
12526	0
12526	
12057;0;0;56;54;11.0
12545	0
12545	
12085;0;0;56;54;11.0
12566	0
12566	
12109;0;0;56;54;13.0
12592	0
12592	
12135;0;0;56;54;11.0
12617	0
12617	
12159;0;0;56;54;11.0
12643	0
12643	
12183;0;0;56;54;10.0
12667	0
12667	
12207;0;0;56;54;11.0
12691	0
12691	
12233;0;0;56;54;11.0
12717	0
12717	
12260;0;0;56;54;16.0
12753	0
12753	
12291;0;0;56;54;11.0
12775	0
12775	
12315;0;0;56;54;13.0
12799	0
12799	
12339;0;0;56;54;16.0
12823	0
12823	
12366;0;0;56;54;11.0
12848	0
12848	
12391;0;0;56;54;13.0
12872	0
12872	
12415;0;0;56;54;11.0
12896	0
12896	
12439;0;0;56;54;11.0
12920	0
12920	
12463;0;0;56;54;10.0
12954	0
12954	
12487;0;0;56;54;12.0
12976	0
12976	
12512;0;0;56;54;10.0
12996	0
12996	
12537;0;0;56;54;10.0
13021	0
13021	
12562;0;0;56;54;11.0
13046	0
13046	
12589;0;0;56;54;14.0
13070	0
13070	
12613;0;0;56;54;10.0
13095	0
13095	
12638;0;0;56;54;10.0
13119	0
13119	
12662;0;0;56;54;11.0
13146	0
13146	
12686;0;0;56;54;11.0
13179	0
13179	
12710;0;0;56;54;10.0
13198	0
13198	
12735;0;0;56;54;10.0
13220	0
13220	
12763;0;0;56;54;11.0
13244	0
13244	
12787;0;0;56;54;10.0
13268	0
13268	
12811;0;0;56;54;11.0
13294	0
13294	
12836;0;0;56;54;14.0
13320	0
13320	
12860;0;0;56;54;10.0
13346	0
13346	
12886;0;0;56;54;11.0
13375	0
13375	
12913;0;0;56;54;12.0
13398	0
13398	
12938;0;0;56;54;10.0
13419	0
13419	
12962;0;0;56;54;10.0
13443	0
13443	
12986;0;0;56;54;14.0
13468	0
13468	
13010;0;0;56;54;10.0
13494	0
13494	
13034;0;0;56;54;11.0
13518	0
13518	
13058;0;0;56;54;11.0
13542	0
13542	
13083;0;0;56;54;11.0
13567	0
13567	
13110;0;0;56;54;11.0
13601	0
13601	
13142;0;0;56;54;11.0
13626	0
13626	
13166;0;0;56;54;10.0
13650	0
13650	
13191;0;0;56;54;10.0
13675	0
13675	
13218;0;0;56;54;10.0
13700	0
13700	
13243;0;0;56;54;10.0
13724	0
13724	
13267;0;0;56;54;10.0
13748	0
13748	
13291;0;0;56;54;10.0
13773	0
13773	
13315;0;0;56;54;14.0
13804	0
13804	
13340;0;0;56;54;12.0
13829	0
13829	
13368;0;0;56;54;11.0
13850	0
13850	
13393;0;0;56;54;11.0
13875	0
13875	
13418;0;0;56;54;11.0
13899	0
13899	
13442;0;0;56;54;10.0
13924	0
13924	
13466;0;0;56;54;12.0
13950	0
13950	
13490;0;0;56;54;10.0
13974	0
13974	
13514;0;0;56;54;10.0
13998	0
13998	
13540;0;0;56;54;11.0
14033	0
14033	
13572;0;0;56;54;10.0
14055	0
14055	
13596;0;0;56;54;11.0
14078	0
14078	
13620;0;0;56;54;15.0
14102	0
14102	
13644;0;0;56;54;16.0
14126	0
14126	
13669;0;0;56;54;11.0
14153	0
14153	
13694;0;0;56;54;10.0
14176	0
14176	
13718;0;0;56;54;16.0
14201	0
14201	
13744;0;0;56;54;11.0
14237	0
14237	
13773;0;0;56;54;10.0
14255	0
14255	
13797;0;0;56;54;11.0
14281	0
14281	
13822;0;0;56;54;13.0
14306	0
14306	
13847;0;0;56;54;11.0
14329	0
14329	
13872;0;0;56;54;10.0
14354	0
14354	
13897;0;0;56;54;11.0
14378	0
14378	
13921;0;0;56;54;9.0
14404	0
14404	
13946;0;0;56;54;13.0
14435	0
14435	
13970;0;0;56;54;10.0
14457	0
14457	
13997;0;0;56;54;10.0
14479	0
14479	
14022;0;0;56;54;10.0
14504	0
14504	
14047;0;0;56;54;10.0
14531	0
14531	
14072;0;0;56;54;10.0
14554	0
14554	
14096;0;0;56;54;10.0
14578	0
14578	
14120;0;0;56;54;11.0
14604	0
14604	
14145;0;0;56;54;16.0
14629	0
14629	
14170;0;0;56;54;16.0
14663	0
14663	
14201;0;0;56;54;10.0
14685	0
14685	
14226;0;0;56;54;10.0
14708	0
14708	
14250;0;0;56;54;10.0
14732	0
14732	
14274;0;0;56;54;11.0
14756	0
14756	
14299;0;0;56;54;14.0
14783	0
14783	
14324;0;0;56;54;10.0
14806	0
14806	
14348;0;0;56;54;10.0
14830	0
14830	
14372;0;0;56;54;14.0
14861	0
14861	
14397;0;0;56;54;14.0
14884	0
14884	
14423;0;0;56;54;10.0
14906	0
14906	
14448;0;0;56;54;10.0
14930	0
14930	
14473;0;0;56;54;13.0
14957	0
14957	
14498;0;0;56;54;10.0
14980	0
14980	
14522;0;0;56;54;11.0
15004	0
15004	
14546;0;0;56;54;10.0
15028	0
15028	
14571;0;0;56;54;10.0
15055	0
15055	
14596;0;0;56;54;10.0
15090	0
15090	
14626;0;0;56;54;11.0
15110	0
15110	
14651;0;0;56;54;11.0
15133	0
15133	
14675;0;0;56;54;10.0
15157	0
15157	
14700;0;0;56;54;11.0
15182	0
15182	
14725;0;0;56;54;10.0
15207	0
15207	
14749;0;0;56;54;10.0
15231	0
15231	
14773;0;0;56;54;10.0
15257	0
15257	
14797;0;0;56;54;10.0
15287	0
15287	
14822;0;0;56;54;11.0
15309	0
15309	
14849;0;0;56;54;10.0
15330	0
15330	
14873;0;0;56;54;10.0
15354	0
15354	
14897;0;0;56;54;14.0
15378	0
15378	
14921;0;0;56;54;11.0
15403	0
15403	
14945;0;0;56;54;11.0
15429	0
15429	
14969;0;0;56;54;10.0
15453	0
15453	
14993;0;0;56;54;11.0
15477	0
15477	
15018;0;0;56;54;13.0
15514	0
15514	
15051;0;0;56;54;15.0
15532	0
15532	
15075;0;0;56;54;11.0
15557	0
15557	
15099;0;0;56;54;11.0
15582	0
15582	
15123;0;0;56;54;15.0
15605	0
15605	
15147;0;0;56;54;15.0
15631	0
15631	
15173;0;0;56;54;20.0
15657	0
15657	
15200;0;0;56;54;18.0
15681	0
15681	
15224;0;0;56;54;16.0
15723	0
15723	
15248;0;0;56;54;13.0
15737	0
15737	
15272;0;0;56;54;13.0
15753	0
15753	
15296;0;0;56;54;11.0
15778	0
15778	
15320;0;0;56;54;13.0
15804	0
15804	
15345;0;0;56;54;12.0
15829	0
15829	
15370;0;0;56;54;11.0
15854	0
15854	
15397;0;0;56;54;10.0
15878	0
15878	
15421;0;0;56;54;12.0
15903	0
15903	
15446;0;0;56;54;12.0
15939	0
15939	
15470;0;0;56;54;11.0
15958	0
15958	
15494;0;0;56;54;10.0
15978	0
15978	
15518;0;0;56;54;10.0
16002	0
16002	
15542;0;0;56;54;11.0
16026	0
16026	
15567;0;0;56;54;10.0
16051	0
16051	
15594;0;0;56;54;10.0
16075	0
16075	
15618;0;0;56;54;11.0
16100	0
16100	
15642;0;0;56;54;10.0
16134	0
16134	
15667;0;0;56;54;10.0
16155	0
16155	
15692;0;0;56;54;11.0
16176	0
16176	
15716;0;0;56;54;13.0
16200	0
16200	
15741;0;0;56;54;10.0
16225	0
16225	
15768;0;0;56;54;11.0
16249	0
16249	
15792;0;0;56;54;10.0
16274	0
16274	
15817;0;0;56;54;10.0
16301	0
16301	
15841;0;0;56;54;11.0
16325	0
16325	
15865;0;0;56;54;14.0
16358	0
16358	
15889;0;0;56;54;11.0
16376	0
16376	
15913;0;0;56;54;10.0
16397	0
16397	
15938;0;0;56;54;11.0
16422	0
16422	
15965;0;0;56;54;11.0
16446	0
16446	
15989;0;0;56;54;11.0
16470	0
16470	
16013;0;0;56;54;10.0
16494	0
16494	
16037;0;0;56;54;10.0
16523	0
16523	
16062;0;0;56;54;10.0
16551	0
16551	
16086;0;0;56;54;11.0
16573	0
16573	
16114;0;0;56;54;10.0
16595	0
16595	
16138;0;0;56;54;14.0
16619	0
16619	
16162;0;0;56;54;14.0
16645	0
16645	
16187;0;0;56;54;10.0
16669	0
16669	
16211;0;0;56;54;12.0
16695	0
16695	
16235;0;0;56;54;11.0
16719	0
16719	
16260;0;0;56;54;11.0
16744	0
16744	
16287;0;0;56;54;10.0
16779	0
16779	
16318;0;0;56;54;11.0
16801	0
16801	
16342;0;0;56;54;10.0
16824	0
16824	
16366;0;0;56;54;11.0
16848	0
16848	
16391;0;0;56;54;10.0
16875	0
16875	
16416;0;0;56;54;16.0
16900	0
16900	
16442;0;0;56;54;11.0
16924	0
16924	
16467;0;0;56;54;12.0
16948	0
16948	
16491;0;0;56;54;10.0
16980	0
16980	
16515;0;0;56;54;10.0
17004	0
17004	
16541;0;0;56;54;11.0
17026	0
17026	
16567;0;0;56;54;11.0
17049	0
17049	
16592;0;0;56;54;10.0
17074	0
17074	
16617;0;0;56;54;10.0
17098	0
17098	
16641;0;0;56;54;11.0
17123	0
17123	
16665;0;0;56;54;11.0
17147	0
17147	
16689;0;0;56;54;19.0
17173	0
17173	
16713;0;0;56;54;14.0
17207	0
17207	
16738;0;0;56;54;11.0
17225	0
17225	
16764;0;0;56;54;16.0
17248	0
17248	
16791;0;0;56;54;12.0
17272	0
17272	
16815;0;0;56;54;10.0
17296	0
17296	
16839;0;0;56;54;10.0
17320	0
17320	
16863;0;0;56;54;11.0
17347	0
17347	
16887;0;0;56;54;10.0
17371	0
17371	
16911;0;0;56;54;11.0
17401	0
17401	
16935;0;0;56;54;12.0
17423	0
17423	
16963;0;0;56;54;11.0
17444	0
17444	
16987;0;0;56;54;10.0
17468	0
17468	
17011;0;0;56;54;10.0
17492	0
17492	
17035;0;0;56;54;10.0
17517	0
17517	
17059;0;0;56;54;11.0
17543	0
17543	
17083;0;0;56;54;14.0
17567	0
17567	
17107;0;0;56;54;11.0
17591	0
17591	
17132;0;0;56;54;11.0
17623	0
17623	
17159;0;0;56;54;10.0
17644	0
17644	
17184;0;0;56;54;16.0
17666	0
17666	
17209;0;0;56;54;11.0
17694	0
17694	
17233;0;0;56;54;10.0
17717	0
17717	
17257;0;0;56;54;15.0
17741	0
17741	
17281;0;0;56;54;10.0
17765	0
17765	
17305;0;0;56;54;10.0
17789	0
17789	
17332;0;0;56;54;11.0
17818	0
17818	
17357;0;0;56;54;10.0
17842	0
17842	
17382;0;0;56;54;11.0
17863	0
17863	
17406;0;0;56;54;12.0
17889	0
17889	
17431;0;0;56;54;10.0
17915	0
17915	
17456;0;0;56;54;11.0
17940	0
17940	
17481;0;0;56;54;11.0
17965	0
17965	
17508;0;0;56;54;11.0
17989	0
17989	
17532;0;0;56;54;10.0
18014	0
18014	
17557;0;0;56;54;11.0
18050	0
18050	
17585;0;0;56;54;10.0
18069	0
18069	
17609;0;0;56;54;10.0
18093	0
18093	
17634;0;0;56;54;11.0
18118	0
18118	
17661;0;0;56;54;12.0
18142	0
18142	
17685;0;0;56;54;11.0
18166	0
18166	
17709;0;0;56;54;11.0
18190	0
18190	
17733;0;0;56;54;11.0
18217	0
18217	
17757;0;0;56;54;10.0
18249	0
18249	
17782;0;0;56;54;11.0
18270	0
18270	
17810;0;0;56;54;10.0
18291	0
18291	
17834;0;0;56;54;10.0
18315	0
18315	
17858;0;0;56;54;10.0
18339	0
18339	
17882;0;0;56;54;10.0
18366	0
18366	
17906;0;0;56;54;11.0
18390	0
18390	
17930;0;0;56;54;15.0
18414	0
18414	
17955;0;0;56;54;10.0
18439	0
18439	
17982;0;0;56;54;11.0
18475	0
18475	
18013;0;0;56;54;11.0
18497	0
18497	
18037;0;0;56;54;10.0
18521	0
18521	
18061;0;0;56;54;13.0
18545	0
18545	
18088;0;0;56;54;14.0
18570	0
18570	
18113;0;0;56;54;10.0
18595	0
18595	
18138;0;0;56;54;16.0
18619	0
