milliseconds	Werte
462	0
462	
6;0;0;56;54;0.0
487	0
487	
30;0;0;56;54;19.0
514	0
514	
54;0;0;56;54;19.0
537	0
537	
78;0;0;56;54;19.0
562	0
562	
102;0;0;56;54;19.0
586	0
586	
129;0;0;56;54;19.0
611	0
611	
154;0;0;56;54;19.0
646	0
646	
183;0;0;56;54;19.0
667	0
667	
207;0;0;56;54;19.0
691	0
691	
231;0;0;56;54;19.0
715	0
715	
258;0;0;56;54;17.0
740	0
740	
283;0;0;56;54;17.0
764	0
764	
307;0;0;56;54;19.0
788	0
788	
331;0;0;56;54;19.0
815	0
815	
355;0;0;56;54;17.0
846	0
846	
379;0;0;56;54;17.0
867	0
867	
404;0;0;56;54;19.0
888	0
888	
429;0;0;56;54;18.0
913	0
913	
456;0;0;56;54;19.0
937	0
937	
480;0;0;56;54;19.0
961	0
961	
504;0;0;56;54;19.0
985	0
985	
528;0;0;56;54;19.0
1009	0
1009	
552;0;0;56;54;20.0
1036	0
1036	
577;0;0;56;54;17.0
1068	0
1068	
601;0;0;56;54;19.0
1088	0
1088	
629;0;0;56;54;19.0
1110	0
1110	
653;0;0;56;54;17.0
1134	0
1134	
678;0;0;56;54;19.0
1159	0
1159	
702;0;0;56;54;19.0
1186	0
1186	
726;0;0;56;54;18.0
1210	0
1210	
750;0;0;56;54;19.0
1234	0
1234	
774;0;0;56;54;19.0
1258	0
1258	
801;0;0;56;54;17.0
1288	0
1288	
826;0;0;56;54;19.0
1312	0
1312	
850;0;0;56;54;19.0
1332	0
1332	
875;0;0;56;54;19.0
1356	0
1356	
899;0;0;56;54;18.0
1381	0
1381	
923;0;0;56;54;19.0
1407	0
1407	
947;0;0;56;54;19.0
1431	0
1431	
971;0;0;56;54;19.0
1456	0
1456	
999;0;0;56;54;17.0
1480	0
1480	
1023;0;0;56;54;18.0
1515	0
1515	
1047;0;0;56;54;19.0
1536	0
1536	
1071;0;0;56;54;19.0
1553	0
1553	
1095;0;0;56;54;19.0
1579	0
1579	
1119;0;0;56;54;19.0
1603	0
1603	
1143;0;0;56;54;19.0
1627	0
1627	
1168;0;0;56;54;19.0
1652	0
1652	
1195;0;0;56;54;20.0
1676	0
1676	
1219;0;0;56;54;21.0
1701	0
1701	
1244;0;0;56;54;21.0
1742	0
1742	
1268;0;0;56;54;18.0
1756	0
1756	
1292;0;0;56;54;19.0
1776	0
1776	
1316;0;0;56;54;19.0
1800	0
1800	
1341;0;0;56;54;18.0
1825	0
1825	
1368;0;0;56;54;19.0
1849	0
1849	
1392;0;0;56;54;19.0
1873	0
1873	
1416;0;0;56;54;19.0
1897	0
1897	
1440;0;0;56;54;18.0
1922	0
1922	
1464;0;0;56;54;19.0
1958	0
1958	
1498;0;0;56;54;19.0
1980	0
1980	
1523;0;0;56;54;19.0
2004	0
2004	
1547;0;0;56;54;18.0
2028	0
2028	
1571;0;0;56;54;18.0
2053	0
2053	
1595;0;0;56;54;19.0
2077	0
2077	
1619;0;0;56;54;19.0
2103	0
2103	
1643;0;0;56;54;19.0
2127	0
2127	
1668;0;0;56;54;19.0
2152	0
2152	
1695;0;0;56;54;17.0
2194	0
2194	
1719;0;0;56;54;21.0
2209	0
2209	
1744;0;0;56;54;19.0
2227	0
2227	
1769;0;0;56;54;17.0
2253	0
2253	
1793;0;0;56;54;19.0
2277	0
2277	
1817;0;0;56;54;19.0
2301	0
2301	
1842;0;0;56;54;18.0
2326	0
2326	
1869;0;0;56;54;19.0
2351	0
2351	
1894;0;0;56;54;21.0
2375	0
2375	
1918;0;0;56;54;19.0
2411	0
2411	
1947;0;0;56;54;19.0
2431	0
2431	
1971;0;0;56;54;21.0
2455	0
2455	
1996;0;0;56;54;19.0
2480	0
2480	
2023;0;0;56;54;19.0
2504	0
2504	
2047;0;0;56;54;20.0
2528	0
2528	
2071;0;0;56;54;19.0
2552	0
2552	
2095;0;0;56;54;19.0
2579	0
2579	
2119;0;0;56;54;21.0
2607	0
2607	
2143;0;0;56;54;19.0
2630	0
2630	
2171;0;0;56;54;20.0
2654	0
2654	
2197;0;0;56;54;19.0
2678	0
2678	
2221;0;0;56;54;19.0
2702	0
2702	
2245;0;0;56;54;19.0
2727	0
2727	
2269;0;0;56;54;19.0
2753	0
2753	
2293;0;0;56;54;19.0
2777	0
2777	
2317;0;0;56;54;19.0
2801	0
2801	
2342;0;0;56;54;19.0
2833	0
2833	
2369;0;0;56;54;19.0
2854	0
2854	
2394;0;0;56;54;19.0
2875	0
2875	
2418;0;0;56;54;19.0
2899	0
2899	
2442;0;0;56;54;19.0
2927	0
2927	
2467;0;0;56;54;19.0
2951	0
2951	
2491;0;0;56;54;19.0
2975	0
2975	
2518;0;0;56;54;20.0
3000	0
3000	
2543;0;0;56;54;18.0
3024	0
3024	
2567;0;0;56;54;17.0
3060	0
3060	
2595;0;0;56;54;19.0
3079	0
3079	
2619;0;0;56;54;19.0
3103	0
3103	
2643;0;0;56;54;19.0
3127	0
3127	
2668;0;0;56;54;19.0
3152	0
3152	
2695;0;0;56;54;19.0
3176	0
3176	
2719;0;0;56;54;19.0
3200	0
3200	
2743;0;0;56;54;18.0
3224	0
3224	
2767;0;0;56;54;19.0
3251	0
3251	
2791;0;0;56;54;19.0
3282	0
3282	
2825;0;0;56;54;18.0
3307	0
3307	
2850;0;0;56;54;19.0
3331	0
3331	
2874;0;0;56;54;19.0
3355	0
3355	
2898;0;0;56;54;21.0
3380	0
3380	
2922;0;0;56;54;19.0
3407	0
3407	
2947;0;0;56;54;19.0
3431	0
3431	
2972;0;0;56;54;19.0
3456	0
3456	
2999;0;0;56;54;19.0
3492	0
3492	
3023;0;0;56;54;19.0
3507	0
3507	
3047;0;0;56;54;19.0
3529	0
3529	
3072;0;0;56;54;19.0
3554	0
3554	
3096;0;0;56;54;19.0
3580	0
3580	
3120;0;0;56;54;19.0
3604	0
3604	
3144;0;0;56;54;19.0
3628	0
3628	
3169;0;0;56;54;19.0
3654	0
3654	
3197;0;0;56;54;19.0
3678	0
3678	
3221;0;0;56;54;19.0
3708	0
3708	
3250;0;0;56;54;18.0
3732	0
3732	
3274;0;0;56;54;19.0
3756	0
3756	
3298;0;0;56;54;17.0
3782	0
3782	
3323;0;0;56;54;18.0
3807	0
3807	
3348;0;0;56;54;21.0
3830	0
3830	
3373;0;0;56;54;21.0
3855	0
3855	
3398;0;0;56;54;17.0
3879	0
3879	
3422;0;0;56;54;21.0
3913	0
3913	
3446;0;0;56;54;19.0
3933	0
3933	
3471;0;0;56;54;20.0
3955	0
3955	
3495;0;0;56;54;19.0
3979	0
3979	
3520;0;0;56;54;19.0
4004	0
4004	
3547;0;0;56;54;21.0
4028	0
4028	
3571;0;0;56;54;19.0
4052	0
4052	
3595;0;0;56;54;20.0
4076	0
4076	
3619;0;0;56;54;19.0
4101	0
4101	
3643;0;0;56;54;19.0
4136	0
4136	
3679;0;0;56;54;20.0
4161	0
4161	
3704;0;0;56;54;19.0
4187	0
4187	
3728;0;0;56;54;19.0
4210	0
4210	
3752;0;0;56;54;19.0
4234	0
4234	
3776;0;0;56;54;19.0
4258	0
4258	
3800;0;0;56;54;19.0
4284	0
4284	
3825;0;0;56;54;19.0
4309	0
4309	
3850;0;0;56;54;19.0
4337	0
4337	
3875;0;0;56;54;19.0
4360	0
4360	
3901;0;0;56;54;19.0
4382	0
4382	
3925;0;0;56;54;19.0
4407	0
4407	
3949;0;0;56;54;19.0
4431	0
4431	
3973;0;0;56;54;19.0
4455	0
4455	
3997;0;0;56;54;19.0
4481	0
4481	
4022;0;0;56;54;18.0
4506	0
4506	
4047;0;0;56;54;19.0
4529	0
4529	
4072;0;0;56;54;19.0
4566	0
4566	
4097;0;0;56;54;19.0
4584	0
4584	
4121;0;0;56;54;19.0
4603	0
4603	
4145;0;0;56;54;21.0
4627	0
4627	
4169;0;0;56;54;19.0
4653	0
4653	
4194;0;0;56;54;20.0
4678	0
4678	
4219;0;0;56;54;21.0
4701	0
4701	
4244;0;0;56;54;19.0
4726	0
4726	
4269;0;0;56;54;19.0
4752	0
4752	
4294;0;0;56;54;19.0
4787	0
4787	
4324;0;0;56;54;21.0
4808	0
4808	
4349;0;0;56;54;19.0
4831	0
4831	
4374;0;0;56;54;21.0
4856	0
4856	
4399;0;0;56;54;19.0
4880	0
4880	
4423;0;0;56;54;19.0
4905	0
4905	
4447;0;0;56;54;19.0
4929	0
4929	
4471;0;0;56;54;19.0
4955	0
4955	
4496;0;0;56;54;18.0
4980	0
4980	
4521;0;0;56;54;19.0
5014	0
5014	
4552;0;0;56;54;20.0
5034	0
5034	
4576;0;0;56;54;19.0
5058	0
5058	
4600;0;0;56;54;16.0
5082	0
5082	
4624;0;0;56;54;19.0
5108	0
5108	
4649;0;0;56;54;17.0
5133	0
5133	
4674;0;0;56;54;20.0
5156	0
5156	
4699;0;0;56;54;18.0
5182	0
5182	
4725;0;0;56;54;19.0
5207	0
5207	
4749;0;0;56;54;19.0
5242	0
5242	
4782;0;0;56;54;21.0
5264	0
5264	
4807;0;0;56;54;19.0
5289	0
5289	
4832;0;0;56;54;19.0
5313	0
5313	
4856;0;0;56;54;17.0
5338	0
5338	
4880;0;0;56;54;19.0
5364	0
5364	
4904;0;0;56;54;18.0
5388	0
5388	
4928;0;0;56;54;19.0
5412	0
5412	
4953;0;0;56;54;19.0
5437	0
5437	
4980;0;0;56;54;19.0
5474	0
5474	
5012;0;0;56;54;19.0
5496	0
5496	
5036;0;0;56;54;19.0
5520	0
5520	
5061;0;0;56;54;19.0
5545	0
5545	
5088;0;0;56;54;21.0
5569	0
5569	
5112;0;0;56;54;18.0
5593	0
5593	
5136;0;0;56;54;18.0
5617	0
5617	
5160;0;0;56;54;19.0
5644	0
5644	
5184;0;0;56;54;19.0
5672	0
5672	
5208;0;0;56;54;19.0
5695	0
5695	
5237;0;0;56;54;19.0
5718	0
5718	
5261;0;0;56;54;19.0
5742	0
5742	
5285;0;0;56;54;19.0
5766	0
5766	
5309;0;0;56;54;19.0
5790	0
5790	
5333;0;0;56;54;20.0
5817	0
5817	
5357;0;0;56;54;19.0
5841	0
5841	
5381;0;0;56;54;19.0
5865	0
5865	
5405;0;0;56;54;19.0
5896	0
5896	
5432;0;0;56;54;19.0
5916	0
5916	
5457;0;0;56;54;18.0
5938	0
5938	
5481;0;0;56;54;19.0
5962	0
5962	
5505;0;0;56;54;19.0
5989	0
5989	
5529;0;0;56;54;19.0
6013	0
6013	
5553;0;0;56;54;19.0
6037	0
6037	
5577;0;0;56;54;19.0
6061	0
6061	
5604;0;0;56;54;19.0
6086	0
6086	
5629;0;0;56;54;19.0
6123	0
6123	
5654;0;0;56;54;19.0
6141	0
6141	
5679;0;0;56;54;18.0
6160	0
6160	
5703;0;0;56;54;19.0
6187	0
6187	
5727;0;0;56;54;19.0
6211	0
6211	
5751;0;0;56;54;19.0
6235	0
6235	
5775;0;0;56;54;19.0
6259	0
6259	
5801;0;0;56;54;19.0
6284	0
6284	
5827;0;0;56;54;19.0
6308	0
6308	
5851;0;0;56;54;21.0
6344	0
6344	
5875;0;0;56;54;19.0
6363	0
6363	
5900;0;0;56;54;19.0
6382	0
6382	
5924;0;0;56;54;19.0
6408	0
6408	
5948;0;0;56;54;19.0
6432	0
6432	
5972;0;0;56;54;19.0
6456	0
6456	
5998;0;0;56;54;19.0
6481	0
6481	
6024;0;0;56;54;19.0
6505	0
6505	
6048;0;0;56;54;17.0
6529	0
6529	
6072;0;0;56;54;21.0
6566	0
6566	
6096;0;0;56;54;19.0
6584	0
6584	
6121;0;0;56;54;18.0
6606	0
6606	
6146;0;0;56;54;17.0
6630	0
6630	
6171;0;0;56;54;19.0
6655	0
6655	
6198;0;0;56;54;18.0
6679	0
6679	
6222;0;0;56;54;20.0
6703	0
6703	
6246;0;0;56;54;19.0
6727	0
6727	
6270;0;0;56;54;21.0
6754	0
6754	
6294;0;0;56;54;19.0
6787	0
6787	
6330;0;0;56;54;20.0
6812	0
6812	
6355;0;0;56;54;19.0
6836	0
6836	
6379;0;0;56;54;19.0
6860	0
6860	
6403;0;0;56;54;21.0
6885	0
6885	
6427;0;0;56;54;19.0
6911	0
6911	
6451;0;0;56;54;19.0
6935	0
6935	
6475;0;0;56;54;21.0
6959	0
6959	
6501;0;0;56;54;19.0
6988	0
6988	
6527;0;0;56;54;19.0
7012	0
7012	
6552;0;0;56;54;19.0
7033	0
7033	
6576;0;0;56;54;19.0
7057	0
7057	
6601;0;0;56;54;19.0
7083	0
7083	
6625;0;0;56;54;21.0
7109	0
7109	
6649;0;0;56;54;19.0
7133	0
7133	
6673;0;0;56;54;19.0
7157	0
7157	
6698;0;0;56;54;19.0
7182	0
7182	
6725;0;0;56;54;19.0
7219	0
7219	
6750;0;0;56;54;19.0
7237	0
7237	
6775;0;0;56;54;19.0
7256	0
7256	
6799;0;0;56;54;19.0
7281	0
7281	
6823;0;0;56;54;19.0
7307	0
7307	
6847;0;0;56;54;19.0
7331	0
7331	
6871;0;0;56;54;21.0
7356	0
7356	
6896;0;0;56;54;19.0
7380	0
7380	
6923;0;0;56;54;19.0
7404	0
7404	
6947;0;0;56;54;19.0
7440	0
7440	
6971;0;0;56;54;19.0
7461	0
7461	
6996;0;0;56;54;19.0
7478	0
7478	
7020;0;0;56;54;19.0
7504	0
7504	
7044;0;0;56;54;19.0
7528	0
7528	
7068;0;0;56;54;19.0
7552	0
7552	
7093;0;0;56;54;19.0
7577	0
7577	
7120;0;0;56;54;19.0
7602	0
7602	
7145;0;0;56;54;19.0
7626	0
7626	
7169;0;0;56;54;18.0
7663	0
7663	
7193;0;0;56;54;19.0
7681	0
7681	
7218;0;0;56;54;19.0
7702	0
7702	
7242;0;0;56;54;20.0
7726	0
7726	
7266;0;0;56;54;19.0
7750	0
7750	
7291;0;0;56;54;17.0
7775	0
7775	
7318;0;0;56;54;19.0
7799	0
7799	
7342;0;0;56;54;21.0
7824	0
7824	
7367;0;0;56;54;19.0
7848	0
7848	
7391;0;0;56;54;19.0
7884	0
7884	
7419;0;0;56;54;19.0
7903	0
7903	
7444;0;0;56;54;19.0
7928	0
7928	
7471;0;0;56;54;19.0
7952	0
7952	
7495;0;0;56;54;19.0
7976	0
7976	
7519;0;0;56;54;19.0
8000	0
8000	
7543;0;0;56;54;20.0
8027	0
8027	
7567;0;0;56;54;17.0
8051	0
8051	
7591;0;0;56;54;19.0
8079	0
8079	
7615;0;0;56;54;18.0
8102	0
8102	
7644;0;0;56;54;17.0
8125	0
8125	
7668;0;0;56;54;19.0
8149	0
8149	
7692;0;0;56;54;19.0
8173	0
8173	
7716;0;0;56;54;19.0
8200	0
8200	
7740;0;0;56;54;19.0
8224	0
8224	
7764;0;0;56;54;20.0
8248	0
8248	
7788;0;0;56;54;21.0
8272	0
8272	
7815;0;0;56;54;19.0
8303	0
8303	
7841;0;0;56;54;19.0
8327	0
8327	
7866;0;0;56;54;19.0
8347	0
8347	
7890;0;0;56;54;19.0
8371	0
8371	
7914;0;0;56;54;19.0
8396	0
8396	
7938;0;0;56;54;19.0
8420	0
8420	
7962;0;0;56;54;19.0
8446	0
8446	
7986;0;0;56;54;19.0
8470	0
8470	
8011;0;0;56;54;19.0
8495	0
8495	
8038;0;0;56;54;19.0
8537	0
8537	
8062;0;0;56;54;19.0
8550	0
8550	
8087;0;0;56;54;19.0
8569	0
8569	
8112;0;0;56;54;17.0
8594	0
8594	
8136;0;0;56;54;19.0
8620	0
8620	
8160;0;0;56;54;20.0
8644	0
8644	
8184;0;0;56;54;18.0
8668	0
8668	
8210;0;0;56;54;19.0
8694	0
8694	
8237;0;0;56;54;19.0
8718	0
8718	
8261;0;0;56;54;19.0
8754	0
8754	
8285;0;0;56;54;19.0
8774	0
8774	
8310;0;0;56;54;18.0
8792	0
8792	
8334;0;0;56;54;18.0
8818	0
8818	
8358;0;0;56;54;19.0
8842	0
8842	
8382;0;0;56;54;19.0
8866	0
8866	
8408;0;0;56;54;20.0
8891	0
8891	
8434;0;0;56;54;19.0
8915	0
8915	
8458;0;0;56;54;19.0
8946	0
8946	
8482;0;0;56;54;19.0
8970	0
8970	
8507;0;0;56;54;19.0
8991	0
8991	
8531;0;0;56;54;19.0
9015	0
9015	
8555;0;0;56;54;19.0
9039	0
9039	
8580;0;0;56;54;19.0
9064	0
9064	
8607;0;0;56;54;19.0
9088	0
9088	
8631;0;0;56;54;19.0
9112	0
9112	
8655;0;0;56;54;19.0
9136	0
9136	
8679;0;0;56;54;21.0
9169	0
9169	
8703;0;0;56;54;19.0
9192	0
9192	
8728;0;0;56;54;19.0
9212	0
9212	
8752;0;0;56;54;19.0
9236	0
9236	
8777;0;0;56;54;17.0
9261	0
9261	
8804;0;0;56;54;19.0
9285	0
9285	
8828;0;0;56;54;19.0
9310	0
9310	
8853;0;0;56;54;19.0
9338	0
9338	
8877;0;0;56;54;17.0
9361	0
9361	
8901;0;0;56;54;19.0
9390	0
9390	
8925;0;0;56;54;18.0
9412	0
9412	
8954;0;0;56;54;19.0
9437	0
9437	
8980;0;0;56;54;17.0
9461	0
9461	
9004;0;0;56;54;19.0
9485	0
9485	
9028;0;0;56;54;17.0
9512	0
9512	
9052;0;0;56;54;20.0
9536	0
9536	
9076;0;0;56;54;17.0
9560	0
9560	
9100;0;0;56;54;17.0
9584	0
9584	
9127;0;0;56;54;19.0
9621	0
9621	
9152;0;0;56;54;18.0
9636	0
9636	
9177;0;0;56;54;19.0
9659	0
9659	
9202;0;0;56;54;18.0
9683	0
9683	
9226;0;0;56;54;20.0
9710	0
9710	
9250;0;0;56;54;19.0
9734	0
9734	
9274;0;0;56;54;19.0
9758	0
9758	
9298;0;0;56;54;21.0
9782	0
9782	
9325;0;0;56;54;19.0
9807	0
9807	
9350;0;0;56;54;19.0
9843	0
9843	
9381;0;0;56;54;19.0
9865	0
9865	
9405;0;0;56;54;20.0
9889	0
9889	
9432;0;0;56;54;19.0
9914	0
9914	
9457;0;0;56;54;19.0
9938	0
9938	
9481;0;0;56;54;21.0
9962	0
9962	
9505;0;0;56;54;19.0
9987	0
9987	
9529;0;0;56;54;18.0
10013	0
10013	
9553;0;0;56;54;19.0
10042	0
10042	
9577;0;0;56;54;19.0
10065	0
10065	
9605;0;0;56;54;18.0
10086	0
10086	
9629;0;0;56;54;19.0
10110	0
10110	
9653;0;0;56;54;19.0
10134	0
10134	
9677;0;0;56;54;19.0
10159	0
10159	
9701;0;0;56;54;18.0
10185	0
10185	
9725;0;0;56;54;19.0
10209	0
10209	
9749;0;0;56;54;18.0
10233	0
10233	
9774;0;0;56;54;19.0
10263	0
10263	
9801;0;0;56;54;19.0
10288	0
10288	
9827;0;0;56;54;19.0
10308	0
10308	
9851;0;0;56;54;18.0
10332	0
10332	
9875;0;0;56;54;19.0
10356	0
10356	
9899;0;0;56;54;19.0
10383	0
10383	
9923;0;0;56;54;19.0
10407	0
10407	
9947;0;0;56;54;19.0
10431	0
10431	
9971;0;0;56;54;19.0
10455	0
10455	
9998;0;0;56;54;17.0
10492	0
10492	
10023;0;0;56;54;19.0
10509	0
10509	
10048;0;0;56;54;19.0
10529	0
10529	
10072;0;0;56;54;19.0
10553	0
10553	
10096;0;0;56;54;19.0
10580	0
10580	
10121;0;0;56;54;19.0
10605	0
10605	
10145;0;0;56;54;21.0
10629	0
10629	
10172;0;0;56;54;19.0
10654	0
10654	
10197;0;0;56;54;19.0
10690	0
10690	
10222;0;0;56;54;19.0
10708	0
10708	
10246;0;0;56;54;19.0
10727	0
10727	
10270;0;0;56;54;19.0
10752	0
10752	
10294;0;0;56;54;19.0
10778	0
10778	
10318;0;0;56;54;19.0
10802	0
10802	
10342;0;0;56;54;19.0
10826	0
10826	
10367;0;0;56;54;19.0
10851	0
10851	
10394;0;0;56;54;18.0
10876	0
10876	
10418;0;0;56;54;17.0
10910	0
10910	
10446;0;0;56;54;19.0
10930	0
10930	
10470;0;0;56;54;16.0
10954	0
10954	
10494;0;0;56;54;17.0
10978	0
10978	
10518;0;0;56;54;19.0
11002	0
11002	
10545;0;0;56;54;18.0
11027	0
11027	
10570;0;0;56;54;19.0
11051	0
11051	
10594;0;0;56;54;18.0
11076	0
11076	
10618;0;0;56;54;18.0
11110	0
11110	
10642;0;0;56;54;19.0
11129	0
11129	
10666;0;0;56;54;21.0
11150	0
11150	
10690;0;0;56;54;19.0
11174	0
11174	
10714;0;0;56;54;21.0
11198	0
11198	
10739;0;0;56;54;19.0
11223	0
11223	
10766;0;0;56;54;19.0
11247	0
11247	
10790;0;0;56;54;19.0
11271	0
11271	
10814;0;0;56;54;21.0
11304	0
11304	
10838;0;0;56;54;19.0
11326	0
11326	
10863;0;0;56;54;19.0
11347	0
11347	
10887;0;0;56;54;19.0
11371	0
11371	
10911;0;0;56;54;18.0
11395	0
11395	
10936;0;0;56;54;19.0
11420	0
11420	
10963;0;0;56;54;18.0
11444	0
11444	
10987;0;0;56;54;19.0
11468	0
11468	
11011;0;0;56;54;19.0
11492	0
11492	
11035;0;0;56;54;19.0
11528	0
11528	
11063;0;0;56;54;19.0
11548	0
11548	
11089;0;0;56;54;19.0
11573	0
11573	
11116;0;0;56;54;18.0
11597	0
11597	
11140;0;0;56;54;19.0
11621	0
11621	
11164;0;0;56;54;19.0
11645	0
11645	
11188;0;0;56;54;19.0
11673	0
11673	
11212;0;0;56;54;19.0
11696	0
11696	
11236;0;0;56;54;19.0
11725	0
11725	
11260;0;0;56;54;19.0
11747	0
11747	
11288;0;0;56;54;19.0
11770	0
11770	
11313;0;0;56;54;19.0
11794	0
11794	
11337;0;0;56;54;19.0
11818	0
11818	
11361;0;0;56;54;19.0
11845	0
11845	
11385;0;0;56;54;19.0
11869	0
11869	
11409;0;0;56;54;19.0
11893	0
11893	
11433;0;0;56;54;19.0
11921	0
11921	
11460;0;0;56;54;19.0
11944	0
11944	
11487;0;0;56;54;19.0
11968	0
11968	
11511;0;0;56;54;19.0
11992	0
11992	
11535;0;0;56;54;19.0
12020	0
12020	
11560;0;0;56;54;18.0
12044	0
12044	
11584;0;0;56;54;19.0
12068	0
12068	
11609;0;0;56;54;19.0
12093	0
12093	
11636;0;0;56;54;21.0
12117	0
12117	
11660;0;0;56;54;19.0
12152	0
12152	
11688;0;0;56;54;19.0
12172	0
12172	
11712;0;0;56;54;19.0
12196	0
12196	
11736;0;0;56;54;19.0
12220	0
12220	
11760;0;0;56;54;19.0
12244	0
12244	
11787;0;0;56;54;19.0
12269	0
12269	
11812;0;0;56;54;19.0
12293	0
12293	
11836;0;0;56;54;20.0
12317	0
12317	
11860;0;0;56;54;19.0
12352	0
12352	
11884;0;0;56;54;17.0
12371	0
12371	
11908;0;0;56;54;19.0
12392	0
12392	
11932;0;0;56;54;19.0
12416	0
12416	
11956;0;0;56;54;18.0
12440	0
12440	
11981;0;0;56;54;19.0
12465	0
12465	
12008;0;0;56;54;14.0
12490	0
12490	
12032;0;0;56;54;19.0
12513	0
12513	
12056;0;0;56;54;19.0
12544	0
12544	
12080;0;0;56;54;18.0
12567	0
12567	
12105;0;0;56;54;19.0
12589	0
12589	
12130;0;0;56;54;19.0
12614	0
12614	
12155;0;0;56;54;19.0
12640	0
12640	
12183;0;0;56;54;19.0
12664	0
12664	
12207;0;0;56;54;18.0
12689	0
12689	
12232;0;0;56;54;19.0
12713	0
12713	
12256;0;0;56;54;19.0
12740	0
12740	
12280;0;0;56;54;21.0
12770	0
12770	
12311;0;0;56;54;19.0
12795	0
12795	
12338;0;0;56;54;19.0
12819	0
12819	
12362;0;0;56;54;19.0
12843	0
12843	
12386;0;0;56;54;19.0
12867	0
12867	
12410;0;0;56;54;21.0
12894	0
12894	
12434;0;0;56;54;18.0
12918	0
12918	
12458;0;0;56;54;19.0
12942	0
12942	
12482;0;0;56;54;18.0
12971	0
12971	
12509;0;0;56;54;19.0
12995	0
12995	
12535;0;0;56;54;18.0
13016	0
13016	
12559;0;0;56;54;19.0
13040	0
13040	
12583;0;0;56;54;19.0
13064	0
13064	
12607;0;0;56;54;19.0
13091	0
13091	
12632;0;0;56;54;18.0
13116	0
13116	
12656;0;0;56;54;19.0
13140	0
13140	
12681;0;0;56;54;19.0
13169	0
13169	
12708;0;0;56;54;19.0
13193	0
13193	
12734;0;0;56;54;19.0
13215	0
13215	
12758;0;0;56;54;19.0
13239	0
13239	
12782;0;0;56;54;19.0
13263	0
13263	
12806;0;0;56;54;19.0
13290	0
13290	
12831;0;0;56;54;19.0
13315	0
13315	
12855;0;0;56;54;19.0
13339	0
13339	
12880;0;0;56;54;19.0
13364	0
13364	
12907;0;0;56;54;19.0
13398	0
13398	
12939;0;0;56;54;19.0
13421	0
13421	
12963;0;0;56;54;19.0
13447	0
13447	
12988;0;0;56;54;19.0
13472	0
13472	
13013;0;0;56;54;19.0
13495	0
13495	
13038;0;0;56;54;19.0
13520	0
13520	
13063;0;0;56;54;19.0
13544	0
13544	
13087;0;0;56;54;19.0
13569	0
13569	
13111;0;0;56;54;19.0
13600	0
13600	
13135;0;0;56;54;19.0
13624	0
13624	
13162;0;0;56;54;19.0
13645	0
13645	
13186;0;0;56;54;19.0
13669	0
13669	
13210;0;0;56;54;19.0
13692	0
13692	
13235;0;0;56;54;19.0
13719	0
13719	
13260;0;0;56;54;17.0
13742	0
13742	
13284;0;0;56;54;19.0
13766	0
13766	
13308;0;0;56;54;19.0
13792	0
13792	
13334;0;0;56;54;18.0
13826	0
13826	
13369;0;0;56;54;19.0
13851	0
13851	
13393;0;0;56;54;19.0
13875	0
13875	
13417;0;0;56;54;19.0
13899	0
13899	
13441;0;0;56;54;19.0
13925	0
13925	
13466;0;0;56;54;21.0
13950	0
13950	
13491;0;0;56;54;19.0
13973	0
13973	
13516;0;0;56;54;21.0
13998	0
13998	
13541;0;0;56;54;18.0
14034	0
14034	
13565;0;0;56;54;19.0
14053	0
14053	
13589;0;0;56;54;19.0
14071	0
14071	
13613;0;0;56;54;19.0
14097	0
14097	
13637;0;0;56;54;19.0
14121	0
14121	
13662;0;0;56;54;20.0
14146	0
14146	
13689;0;0;56;54;18.0
14170	0
14170	
13713;0;0;56;54;19.0
14194	0
14194	
13737;0;0;56;54;19.0
14230	0
14230	
13761;0;0;56;54;19.0
14250	0
14250	
13786;0;0;56;54;19.0
14270	0
14270	
13810;0;0;56;54;19.0
14294	0
14294	
13834;0;0;56;54;18.0
14318	0
14318	
13859;0;0;56;54;19.0
14343	0
14343	
13886;0;0;56;54;19.0
14367	0
14367	
13910;0;0;56;54;19.0
14391	0
14391	
13934;0;0;56;54;19.0
14415	0
14415	
13958;0;0;56;54;19.0
14451	0
14451	
13994;0;0;56;54;19.0
14476	0
14476	
14019;0;0;56;54;21.0
14500	0
14500	
14043;0;0;56;54;19.0
14524	0
14524	
14067;0;0;56;54;19.0
14549	0
14549	
14091;0;0;56;54;19.0
14575	0
14575	
14115;0;0;56;54;21.0
14599	0
14599	
14139;0;0;56;54;19.0
14623	0
14623	
14164;0;0;56;54;19.0
14656	0
14656	
14191;0;0;56;54;19.0
14675	0
14675	
14216;0;0;56;54;19.0
14698	0
14698	
14241;0;0;56;54;19.0
14722	0
14722	
14265;0;0;56;54;19.0
14749	0
14749	
14289;0;0;56;54;21.0
14773	0
14773	
14313;0;0;56;54;19.0
14797	0
14797	
14337;0;0;56;54;19.0
14821	0
14821	
14364;0;0;56;54;17.0
14847	0
14847	
14389;0;0;56;54;19.0
14883	0
14883	
14417;0;0;56;54;19.0
14901	0
14901	
14441;0;0;56;54;19.0
14925	0
14925	
14465;0;0;56;54;21.0
14949	0
14949	
14489;0;0;56;54;19.0
14973	0
14973	
14516;0;0;56;54;19.0
14998	0
14998	
14541;0;0;56;54;19.0
15022	0
15022	
14565;0;0;56;54;19.0
15046	0
15046	
14589;0;0;56;54;19.0
15071	0
15071	
14613;0;0;56;54;19.0
15102	0
15102	
14643;0;0;56;54;19.0
15127	0
15127	
14670;0;0;56;54;19.0
15151	0
15151	
14694;0;0;56;54;19.0
15175	0
15175	
14718;0;0;56;54;19.0
15199	0
15199	
14742;0;0;56;54;19.0
15226	0
15226	
14766;0;0;56;54;19.0
15250	0
15250	
14790;0;0;56;54;17.0
15274	0
15274	
14814;0;0;56;54;17.0
15303	0
15303	
14841;0;0;56;54;21.0
15327	0
15327	
14867;0;0;56;54;18.0
15348	0
15348	
14891;0;0;56;54;19.0
15372	0
15372	
14915;0;0;56;54;17.0
15396	0
15396	
14939;0;0;56;54;18.0
15423	0
15423	
14963;0;0;56;54;19.0
15447	0
15447	
14987;0;0;56;54;21.0
15471	0
15471	
15011;0;0;56;54;18.0
15495	0
15495	
15038;0;0;56;54;19.0
15534	0
15534	
15064;0;0;56;54;25.0
15550	0
15550	
15089;0;0;56;54;19.0
15570	0
15570	
15113;0;0;56;54;19.0
15597	0
15597	
15138;0;0;56;54;19.0
15622	0
15622	
15162;0;0;56;54;19.0
15646	0
15646	
15186;0;0;56;54;19.0
15671	0
15671	
15213;0;0;56;54;19.0
15695	0
15695	
15238;0;0;56;54;19.0
15719	0
15719	
15262;0;0;56;54;19.0
15755	0
15755	
15286;0;0;56;54;19.0
15774	0
15774	
15310;0;0;56;54;19.0
15795	0
15795	
15336;0;0;56;54;19.0
15820	0
15820	
15360;0;0;56;54;19.0
15844	0
15844	
15385;0;0;56;54;19.0
15869	0
15869	
15412;0;0;56;54;21.0
15894	0
15894	
15437;0;0;56;54;19.0
15918	0
15918	
15461;0;0;56;54;19.0
15942	0
15942	
15485;0;0;56;54;19.0
15978	0
15978	
15509;0;0;56;54;19.0
15998	0
15998	
15533;0;0;56;54;19.0
16017	0
16017	
15557;0;0;56;54;19.0
16041	0
16041	
15582;0;0;56;54;21.0
16066	0
16066	
15609;0;0;56;54;19.0
16091	0
16091	
15633;0;0;56;54;19.0
16114	0
16114	
15657;0;0;56;54;19.0
16142	0
16142	
15682;0;0;56;54;19.0
16170	0
16170	
15706;0;0;56;54;19.0
16194	0
16194	
15735;0;0;56;54;17.0
16217	0
16217	
15760;0;0;56;54;18.0
16241	0
16241	
15784;0;0;56;54;19.0
16265	0
16265	
15808;0;0;56;54;19.0
16292	0
16292	
15832;0;0;56;54;19.0
16316	0
16316	
15856;0;0;56;54;21.0
16340	0
16340	
15880;0;0;56;54;19.0
16364	0
16364	
15904;0;0;56;54;19.0
16396	0
16396	
15931;0;0;56;54;19.0
16416	0
16416	
15957;0;0;56;54;19.0
16438	0
16438	
15981;0;0;56;54;19.0
16462	0
16462	
16005;0;0;56;54;19.0
16487	0
16487	
16029;0;0;56;54;19.0
16513	0
16513	
16053;0;0;56;54;19.0
16537	0
16537	
16077;0;0;56;54;19.0
16561	0
16561	
16102;0;0;56;54;18.0
16586	0
16586	
16129;0;0;56;54;19.0
16622	0
16622	
16153;0;0;56;54;19.0
16639	0
16639	
16178;0;0;56;54;19.0
16659	0
16659	
16202;0;0;56;54;17.0
16683	0
16683	
16226;0;0;56;54;19.0
16710	0
16710	
16250;0;0;56;54;17.0
16734	0
16734	
16274;0;0;56;54;19.0
16758	0
16758	
16298;0;0;56;54;19.0
16782	0
16782	
16325;0;0;56;54;17.0
16807	0
16807	
16350;0;0;56;54;21.0
16844	0
16844	
16378;0;0;56;54;18.0
16862	0
16862	
16402;0;0;56;54;21.0
16886	0
16886	
16426;0;0;56;54;18.0
16910	0
16910	
16450;0;0;56;54;18.0
16934	0
16934	
16477;0;0;56;54;21.0
16959	0
16959	
16502;0;0;56;54;20.0
16983	0
16983	
16526;0;0;56;54;19.0
17007	0
17007	
16550;0;0;56;54;19.0
17039	0
17039	
16574;0;0;56;54;19.0
17061	0
17061	
16600;0;0;56;54;19.0
17084	0
17084	
16624;0;0;56;54;19.0
17109	0
17109	
16652;0;0;56;54;19.0
17133	0
17133	
16676;0;0;56;54;19.0
17157	0
17157	
16700;0;0;56;54;19.0
17181	0
17181	
16724;0;0;56;54;19.0
17206	0
17206	
16748;0;0;56;54;18.0
17233	0
17233	
16773;0;0;56;54;19.0
17265	0
17265	
16798;0;0;56;54;19.0
17284	0
17284	
16826;0;0;56;54;19.0
17307	0
17307	
16850;0;0;56;54;19.0
17331	0
17331	
16874;0;0;56;54;19.0
17355	0
17355	
16898;0;0;56;54;18.0
17380	0
17380	
16922;0;0;56;54;19.0
17406	0
17406	
16947;0;0;56;54;19.0
17431	0
17431	
16972;0;0;56;54;19.0
17456	0
17456	
16999;0;0;56;54;19.0
17486	0
17486	
17029;0;0;56;54;20.0
17510	0
17510	
17053;0;0;56;54;19.0
17535	0
17535	
17077;0;0;56;54;19.0
17561	0
17561	
17101;0;0;56;54;19.0
17585	0
17585	
17125;0;0;56;54;21.0
17609	0
17609	
17150;0;0;56;54;21.0
17634	0
17634	
17177;0;0;56;54;18.0
17658	0
17658	
17201;0;0;56;54;19.0
17699	0
17699	
17225;0;0;56;54;19.0
17713	0
17713	
17249;0;0;56;54;19.0
17731	0
17731	
17273;0;0;56;54;19.0
17757	0
17757	
17297;0;0;56;54;19.0
17781	0
17781	
17321;0;0;56;54;19.0
17805	0
17805	
17347;0;0;56;54;19.0
17830	0
17830	
17373;0;0;56;54;19.0
17854	0
17854	
17397;0;0;56;54;19.0
17878	0
17878	
17421;0;0;56;54;18.0
17914	0
17914	
17457;0;0;56;54;19.0
17940	0
17940	
17483;0;0;56;54;19.0
17964	0
17964	
17507;0;0;56;54;17.0
17988	0
17988	
17531;0;0;56;54;19.0
18016	0
18016	
17555;0;0;56;54;19.0
18039	0
18039	
17579;0;0;56;54;19.0
18063	0
18063	
17603;0;0;56;54;19.0
18087	0
18087	
17628;0;0;56;54;21.0
18119	0
18119	
17655;0;0;56;54;18.0
18140	0
18140	
17679;0;0;56;54;19.0
18160	0
18160	
17703;0;0;56;54;19.0
18184	0
18184	
17727;0;0;56;54;16.0
18210	0
18210	
17752;0;0;56;54;19.0
18236	0
18236	
17776;0;0;56;54;19.0
18260	0
18260	
17800;0;0;56;54;19.0
18284	0
18284	
17825;0;0;56;54;20.0
18309	0
18309	
17852;0;0;56;54;21.0
18345	0
18345	
17881;0;0;56;54;17.0
18365	0
18365	
17905;0;0;56;54;19.0
18389	0
18389	
17929;0;0;56;54;21.0
18413	0
18413	
17953;0;0;56;54;19.0
18437	0
18437	
17980;0;0;56;54;20.0
18462	0
18462	
18005;0;0;56;54;19.0
18487	0
18487	
18030;0;0;56;54;19.0
18511	0
18511	
18054;0;0;56;54;19.0
18545	0
18545	
18078;0;0;56;54;19.0
18565	0
18565	
18103;0;0;56;54;19.0
18587	0
18587	
18127;0;0;56;54;19.0
18611	0
18611	
18152;0;0;56;54;19.0
18636	0
18636	
18179;0;0;56;54;19.0
18660	0
18660	
18203;0;0;56;54;19.0
18684	0
18684	
18227;0;0;56;54;18.0
18708	0
18708	
18251;0;0;56;54;19.0
18735	0
18735	
18275;0;0;56;54;19.0
18762	0
18762	
18302;0;0;56;54;19.0
18786	0
18786	
18329;0;0;56;54;19.0
18810	0
18810	
18353;0;0;56;54;19.0
18836	0
18836	
18378;0;0;56;54;19.0
18860	0
18860	
18402;0;0;56;54;21.0
18886	0
18886	
18426;0;0;56;54;21.0
18910	0
18910	
18450;0;0;56;54;19.0
18934	0
18934	
18475;0;0;56;54;19.0
18966	0
18966	
18502;0;0;56;54;19.0
18988	0
18988	
18526;0;0;56;54;19.0
19007	0
19007	
18550;0;0;56;54;19.0
19031	0
19031	
18574;0;0;56;54;18.0
19055	0
19055	
18598;0;0;56;54;18.0
19082	0
19082	
18622;0;0;56;54;19.0
19106	0
19106	
18647;0;0;56;54;19.0
19131	0
19131	
18674;0;0;56;54;21.0
19156	0
19156	
18699;0;0;56;54;18.0
19192	0
19192	
18728;0;0;56;54;18.0
19212	0
19212	
18752;0;0;56;54;19.0
19236	0
19236	
18776;0;0;56;54;20.0
19260	0
19260	
18800;0;0;56;54;19.0
19284	0
19284	
18827;0;0;56;54;19.0
19309	0
19309	
18852;0;0;56;54;19.0
19333	0
19333	
18876;0;0;56;54;19.0
19357	0
19357	
18900;0;0;56;54;21.0
19391	0
19391	
18924;0;0;56;54;19.0
19412	0
19412	
18950;0;0;56;54;19.0
19434	0
19434	
18975;0;0;56;54;18.0
19460	0
19460	
19003;0;0;56;54;19.0
19484	0
19484	
19027;0;0;56;54;19.0
19509	0
19509	
19052;0;0;56;54;17.0
19533	0
19533	
19076;0;0;56;54;19.0
19560	0
19560	
19100;0;0;56;54;19.0
19588	0
19588	
19124;0;0;56;54;19.0
19612	0
19612	
19153;0;0;56;54;17.0
19635	0
19635	
19178;0;0;56;54;19.0
19659	0
19659	
19202;0;0;56;54;18.0
19683	0
19683	
19226;0;0;56;54;19.0
19709	0
19709	
19251;0;0;56;54;21.0
19735	0
19735	
19275;0;0;56;54;18.0
19759	0
19759	
19300;0;0;56;54;21.0
19784	0
19784	
19327;0;0;56;54;19.0
19821	0
19821	
19356;0;0;56;54;20.0
19838	0
19838	
19380;0;0;56;54;19.0
19864	0
19864	
19404;0;0;56;54;19.0
19888	0
19888	
19428;0;0;56;54;19.0
19913	0
19913	
19456;0;0;56;54;17.0
19937	0
19937	
19480;0;0;56;54;19.0
19961	0
19961	
19504;0;0;56;54;17.0
19985	0
19985	
19528;0;0;56;54;19.0
20021	0
20021	
19553;0;0;56;54;19.0
20042	0
20042	
19578;0;0;56;54;19.0
20062	0
20062	
19605;0;0;56;54;18.0
20086	0
20086	
19629;0;0;56;54;19.0
20111	0
20111	
19654;0;0;56;54;19.0
20135	0
20135	
19678;0;0;56;54;19.0
20162	0
20162	
19702;0;0;56;54;19.0
20186	0
20186	
19726;0;0;56;54;19.0
20210	0
20210	
19750;0;0;56;54;19.0
20243	0
20243	
19782;0;0;56;54;19.0
20264	0
20264	
19807;0;0;56;54;17.0
20288	0
20288	
19831;0;0;56;54;19.0
20314	0
20314	
19856;0;0;56;54;19.0
20338	0
20338	
19880;0;0;56;54;19.0
20364	0
20364	
19904;0;0;56;54;19.0
20388	0
20388	
19929;0;0;56;54;19.0
20413	0
20413	
19956;0;0;56;54;19.0
20449	0
20449	
19980;0;0;56;54;19.0
20467	0
20467	
20005;0;0;56;54;19.0
20486	0
20486	
20029;0;0;56;54;19.0
20514	0
20514	
20055;0;0;56;54;19.0
20539	0
20539	
20079;0;0;56;54;19.0
20563	0
20563	
20104;0;0;56;54;19.0
20588	0
20588	
20131;0;0;56;54;19.0
20613	0
20613	
20156;0;0;56;54;19.0
20648	0
20648	
20180;0;0;56;54;19.0
20667	0
20667	
20204;0;0;56;54;19.0
20686	0
20686	
20228;0;0;56;54;21.0
20712	0
20712	
20252;0;0;56;54;18.0
20736	0
20736	
20276;0;0;56;54;17.0
20760	0
20760	
20301;0;0;56;54;19.0
20785	0
20785	
20328;0;0;56;54;18.0
20810	0
20810	
20352;0;0;56;54;18.0
20833	0
20833	
20376;0;0;56;54;19.0
20870	0
20870	
20400;0;0;56;54;19.0
20889	0
20889	
20425;0;0;56;54;19.0
20909	0
20909	
20449;0;0;56;54;19.0
20933	0
20933	
20473;0;0;56;54;19.0
20957	0
20957	
20498;0;0;56;54;19.0
20982	0
20982	
20525;0;0;56;54;18.0
21006	0
21006	
20549;0;0;56;54;19.0
21030	0
21030	
20573;0;0;56;54;19.0
21064	0
21064	
20597;0;0;56;54;17.0
21085	0
21085	
20622;0;0;56;54;18.0
21106	0
21106	
20646;0;0;56;54;19.0
21130	0
21130	
20670;0;0;56;54;18.0
21154	0
21154	
20695;0;0;56;54;21.0
21180	0
21180	
20722;0;0;56;54;19.0
21203	0
21203	
20746;0;0;56;54;19.0
21227	0
21227	
20770;0;0;56;54;18.0
21251	0
21251	
20794;0;0;56;54;19.0
21287	0
21287	
20818;0;0;56;54;19.0
21307	0
21307	
20842;0;0;56;54;19.0
21326	0
21326	
20866;0;0;56;54;19.0
21350	0
21350	
20891;0;0;56;54;19.0
21376	0
21376	
20919;0;0;56;54;19.0
21400	0
21400	
20943;0;0;56;54;19.0
21424	0
21424	
20967;0;0;56;54;19.0
21448	0
21448	
20991;0;0;56;54;19.0
21475	0
21475	
21015;0;0;56;54;19.0
21505	0
21505	
21046;0;0;56;54;19.0
21530	0
21530	
21073;0;0;56;54;19.0
21554	0
21554	
21097;0;0;56;54;19.0
21578	0
21578	
21121;0;0;56;54;19.0
21602	0
21602	
21145;0;0;56;54;19.0
21630	0
21630	
21170;0;0;56;54;19.0
21654	0
21654	
21194;0;0;56;54;19.0
21678	0
21678	
21221;0;0;56;54;17.0
21715	0
21715	
21246;0;0;56;54;19.0
21731	0
21731	
21271;0;0;56;54;19.0
21753	0
21753	
21296;0;0;56;54;19.0
21778	0
21778	
21320;0;0;56;54;19.0
21804	0
21804	
21344;0;0;56;54;19.0
21828	0
21828	
21368;0;0;56;54;18.0
21852	0
21852	
21393;0;0;56;54;19.0
21877	0
21877	
21420;0;0;56;54;19.0
21905	0
21905	
21444;0;0;56;54;19.0
21929	0
21929	
21468;0;0;56;54;19.0
21949	0
21949	
21492;0;0;56;54;20.0
21973	0
21973	
21516;0;0;56;54;19.0
21999	0
21999	
21540;0;0;56;54;19.0
22024	0
22024	
21565;0;0;56;54;19.0
22049	0
22049	
21590;0;0;56;54;19.0
22074	0
22074	
21617;0;0;56;54;19.0
22098	0
22098	
21641;0;0;56;54;19.0
22136	0
22136	
21671;0;0;56;54;19.0
22155	0
22155	
21695;0;0;56;54;19.0
22179	0
22179	
21719;0;0;56;54;19.0
22203	0
22203	
21744;0;0;56;54;19.0
22228	0
22228	
21771;0;0;56;54;19.0
22253	0
22253	
21796;0;0;56;54;19.0
22277	0
22277	
21820;0;0;56;54;17.0
22301	0
22301	
21844;0;0;56;54;19.0
22332	0
22332	
21868;0;0;56;54;19.0
22355	0
22355	
21894;0;0;56;54;19.0
22378	0
22378	
21921;0;0;56;54;21.0
22403	0
22403	
21946;0;0;56;54;19.0
22427	0
22427	
21970;0;0;56;54;16.0
22451	0
22451	
21994;0;0;56;54;19.0
22476	0
22476	
22018;0;0;56;54;18.0
22502	0
22502	
22042;0;0;56;54;19.0
22526	0
22526	
22067;0;0;56;54;18.0
22560	0
22560	
22099;0;0;56;54;19.0
22581	0
22581	
22124;0;0;56;54;19.0
22606	0
22606	
22148;0;0;56;54;19.0
22630	0
22630	
22172;0;0;56;54;19.0
22654	0
22654	
22196;0;0;56;54;21.0
22678	0
22678	
22221;0;0;56;54;20.0
22705	0
22705	
22246;0;0;56;54;19.0
22728	0
22728	
22270;0;0;56;54;19.0
22761	0
22761	
22295;0;0;56;54;19.0
22782	0
22782	
22320;0;0;56;54;19.0
22801	0
22801	
22344;0;0;56;54;19.0
22827	0
22827	
22369;0;0;56;54;19.0
22854	0
22854	
22395;0;0;56;54;19.0
22879	0
22879	
22422;0;0;56;54;19.0
22903	0
22903	
22446;0;0;56;54;21.0
22927	0
22927	
22470;0;0;56;54;19.0
22951	0
22951	
22494;0;0;56;54;20.0
22985	0
22985	
22527;0;0;56;54;19.0
23011	0
23011	
22554;0;0;56;54;19.0
23035	0
23035	
22578;0;0;56;54;19.0
23059	0
23059	
22602;0;0;56;54;19.0
23083	0
23083	
22626;0;0;56;54;19.0
23110	0
23110	
22650;0;0;56;54;19.0
23134	0
23134	
22674;0;0;56;54;18.0
23158	0
23158	
22698;0;0;56;54;19.0
23191	0
23191	
22725;0;0;56;54;19.0
23211	0
23211	
22750;0;0;56;54;21.0
23232	0
23232	
22775;0;0;56;54;19.0
23256	0
23256	
22799;0;0;56;54;19.0
23281	0
23281	
22823;0;0;56;54;19.0
23307	0
23307	
22847;0;0;56;54;19.0
23331	0
23331	
22871;0;0;56;54;19.0
23356	0
23356	
22899;0;0;56;54;19.0
23380	0
23380	
22923;0;0;56;54;19.0
23412	0
23412	
22953;0;0;56;54;21.0
23435	0
23435	
22977;0;0;56;54;19.0
23459	0
23459	
23002;0;0;56;54;19.0
23486	0
23486	
23027;0;0;56;54;19.0
23509	0
23509	
23051;0;0;56;54;19.0
23533	0
23533	
23076;0;0;56;54;19.0
23558	0
23558	
23101;0;0;56;54;19.0
23583	0
23583	
23125;0;0;56;54;19.0
23618	0
23618	
23149;0;0;56;54;19.0
23637	0
23637	
23173;0;0;56;54;19.0
23657	0
23657	
23198;0;0;56;54;19.0
23682	0
23682	
23223;0;0;56;54;19.0
23706	0
23706	
23249;0;0;56;54;19.0
23730	0
23730	
23273;0;0;56;54;18.0
23754	0
23754	
23297;0;0;56;54;19.0
23779	0
23779	
23321;0;0;56;54;19.0
23805	0
23805	
23345;0;0;56;54;18.0
23838	0
23838	
23381;0;0;56;54;18.0
23863	0
23863	
23406;0;0;56;54;19.0
23887	0
23887	
23430;0;0;56;54;19.0
23912	0
23912	
23454;0;0;56;54;21.0
23936	0
23936	
23478;0;0;56;54;21.0
23963	0
23963	
23504;0;0;56;54;19.0
23988	0
23988	
23531;0;0;56;54;17.0
24012	0
24012	
23555;0;0;56;54;19.0
24048	0
24048	
23579;0;0;56;54;18.0
24066	0
24066	
23603;0;0;56;54;17.0
24088	0
24088	
23628;0;0;56;54;19.0
24112	0
24112	
23652;0;0;56;54;19.0
24136	0
24136	
23677;0;0;56;54;19.0
24161	0
24161	
23704;0;0;56;54;19.0
24185	0
24185	
23728;0;0;56;54;19.0
24209	0
24209	
23752;0;0;56;54;18.0
24242	0
24242	
23776;0;0;56;54;19.0
24264	0
24264	
23800;0;0;56;54;19.0
24284	0
24284	
23824;0;0;56;54;19.0
24308	0
24308	
23848;0;0;56;54;19.0
24332	0
24332	
23873;0;0;56;54;17.0
24358	0
24358	
23900;0;0;56;54;19.0
24381	0
24381	
23924;0;0;56;54;19.0
24405	0
24405	
23948;0;0;56;54;19.0
24432	0
24432	
23973;0;0;56;54;19.0
24466	0
24466	
24009;0;0;56;54;19.0
24491	0
24491	
24034;0;0;56;54;19.0
24515	0
24515	
24058;0;0;56;54;21.0
24539	0
24539	
24082;0;0;56;54;19.0
24564	0
24564	
24106;0;0;56;54;19.0
24590	0
24590	
24130;0;0;56;54;19.0
24614	0
24614	
24154;0;0;56;54;19.0
24638	0
24638	
24179;0;0;56;54;19.0
24669	0
24669	
24206;0;0;56;54;19.0
24692	0
24692	
24231;0;0;56;54;19.0
24712	0
24712	
24255;0;0;56;54;17.0
24736	0
24736	
24279;0;0;56;54;19.0
24760	0
24760	
24303;0;0;56;54;19.0
24787	0
24787	
24327;0;0;56;54;19.0
24811	0
24811	
24351;0;0;56;54;19.0
24835	0
24835	
24375;0;0;56;54;17.0
24859	0
24859	
24402;0;0;56;54;19.0
24894	0
24894	
24436;0;0;56;54;19.0
24918	0
24918	
24460;0;0;56;54;19.0
24942	0
