milliseconds	Werte
481	0
481	
26;0;0;56;54;36.0
506	0
506	
50;0;0;56;54;36.0
530	0
530	
74;0;0;56;54;30.0
557	0
557	
98;0;0;56;54;28.0
581	0
581	
122;0;0;56;54;30.0
605	0
605	
146;0;0;56;54;30.0
629	0
629	
173;0;0;56;54;29.0
664	0
664	
207;0;0;56;54;30.0
688	0
688	
231;0;0;56;54;26.0
714	0
714	
255;0;0;56;54;29.0
738	0
738	
280;0;0;56;54;30.0
763	0
763	
307;0;0;56;54;30.0
787	0
787	
331;0;0;56;54;28.0
811	0
811	
355;0;0;56;54;30.0
835	0
835	
379;0;0;56;54;29.0
871	0
871	
404;0;0;56;54;30.0
890	0
890	
428;0;0;56;54;31.0
911	0
911	
453;0;0;56;54;29.0
936	0
936	
480;0;0;56;54;29.0
960	0
960	
505;0;0;56;54;25.0
985	0
985	
529;0;0;56;54;30.0
1009	0
1009	
553;0;0;56;54;28.0
1036	0
1036	
577;0;0;56;54;29.0
1060	0
1060	
601;0;0;56;54;30.0
1093	0
1093	
637;0;0;56;54;29.0
1117	0
1117	
661;0;0;56;54;26.0
1141	0
1141	
685;0;0;56;54;31.0
1167	0
1167	
710;0;0;56;54;31.0
1191	0
1191	
734;0;0;56;54;36.0
1217	0
1217	
759;0;0;56;54;26.0
1242	0
1242	
784;0;0;56;54;29.0
1266	0
1266	
810;0;0;56;54;31.0
1297	0
1297	
834;0;0;56;54;31.0
1320	0
1320	
859;0;0;56;54;28.0
1340	0
1340	
883;0;0;56;54;31.0
1367	0
1367	
909;0;0;56;54;28.0
1392	0
1392	
934;0;0;56;54;25.0
1417	0
1417	
961;0;0;56;54;30.0
1441	0
1441	
985;0;0;56;54;29.0
1465	0
1465	
1010;0;0;56;54;28.0
1490	0
1490	
1034;0;0;56;54;36.0
1526	0
1526	
1058;0;0;56;54;30.0
1545	0
1545	
1082;0;0;56;54;30.0
1565	0
1565	
1106;0;0;56;54;29.0
1589	0
1589	
1131;0;0;56;54;30.0
1614	0
1614	
1158;0;0;56;54;28.0
1638	0
1638	
1182;0;0;56;54;26.0
1662	0
1662	
1206;0;0;56;54;29.0
1686	0
1686	
1230;0;0;56;54;29.0
1713	0
1713	
1254;0;0;56;54;28.0
1746	0
1746	
1290;0;0;56;54;30.0
1771	0
1771	
1315;0;0;56;54;29.0
1795	0
1795	
1339;0;0;56;54;26.0
1819	0
1819	
1363;0;0;56;54;30.0
1844	0
1844	
1387;0;0;56;54;30.0
1870	0
1870	
1412;0;0;56;54;29.0
1895	0
1895	
1437;0;0;56;54;29.0
1920	0
1920	
1464;0;0;56;54;29.0
1949	0
1949	
1488;0;0;56;54;28.0
1976	0
1976	
1514;0;0;56;54;30.0
1994	0
1994	
1538;0;0;56;54;28.0
2019	0
2019	
1562;0;0;56;54;29.0
2043	0
2043	
1586;0;0;56;54;30.0
2069	0
2069	
1611;0;0;56;54;30.0
2094	0
2094	
1636;0;0;56;54;30.0
2117	0
2117	
1661;0;0;56;54;30.0
2142	0
2142	
1686;0;0;56;54;28.0
2177	0
2177	
1711;0;0;56;54;29.0
2198	0
2198	
1736;0;0;56;54;30.0
2219	0
2219	
1761;0;0;56;54;30.0
2244	0
2244	
1786;0;0;56;54;29.0
2268	0
2268	
1812;0;0;56;54;28.0
2293	0
2293	
1837;0;0;56;54;30.0
2317	0
2317	
1861;0;0;56;54;28.0
2342	0
2342	
1885;0;0;56;54;30.0
2368	0
2368	
1909;0;0;56;54;29.0
2401	0
2401	
1944;0;0;56;54;29.0
2424	0
2424	
1968;0;0;56;54;21.0
2448	0
2448	
1992;0;0;56;54;30.0
2473	0
2473	
2016;0;0;56;54;23.0
2497	0
2497	
2040;0;0;56;54;32.0
2523	0
2523	
2064;0;0;56;54;30.0
2547	0
2547	
2089;0;0;56;54;27.0
2573	0
2573	
2116;0;0;56;54;31.0
2601	0
2601	
2140;0;0;56;54;28.0
2624	0
2624	
2164;0;0;56;54;29.0
2644	0
2644	
2188;0;0;56;54;23.0
2670	0
2670	
2213;0;0;56;54;31.0
2694	0
2694	
2237;0;0;56;54;27.0
2720	0
2720	
2261;0;0;56;54;31.0
2744	0
2744	
2286;0;0;56;54;29.0
2769	0
2769	
2313;0;0;56;54;30.0
2793	0
2793	
2337;0;0;56;54;30.0
2829	0
2829	
2365;0;0;56;54;31.0
2848	0
2848	
2389;0;0;56;54;29.0
2872	0
2872	
2414;0;0;56;54;28.0
2897	0
2897	
2441;0;0;56;54;31.0
2922	0
2922	
2466;0;0;56;54;36.0
2946	0
2946	
2490;0;0;56;54;29.0
2971	0
2971	
2515;0;0;56;54;28.0
2998	0
2998	
2539;0;0;56;54;30.0
3025	0
3025	
2563;0;0;56;54;29.0
3051	0
3051	
2592;0;0;56;54;29.0
3072	0
3072	
2617;0;0;56;54;23.0
3097	0
3097	
2641;0;0;56;54;29.0
3121	0
3121	
2665;0;0;56;54;30.0
3148	0
3148	
2689;0;0;56;54;29.0
3172	0
3172	
2713;0;0;56;54;28.0
3196	0
3196	
2737;0;0;56;54;29.0
3220	0
3220	
2764;0;0;56;54;30.0
3250	0
3250	
2789;0;0;56;54;30.0
3273	0
3273	
2814;0;0;56;54;30.0
3294	0
3294	
2838;0;0;56;54;29.0
3318	0
3318	
2862;0;0;56;54;30.0
3343	0
3343	
2886;0;0;56;54;30.0
3369	0
3369	
2910;0;0;56;54;31.0
3393	0
3393	
2934;0;0;56;54;30.0
3417	0
3417	
2959;0;0;56;54;29.0
3442	0
3442	
2986;0;0;56;54;30.0
3479	0
3479	
3015;0;0;56;54;29.0
3498	0
3498	
3039;0;0;56;54;28.0
3522	0
3522	
3063;0;0;56;54;27.0
3546	0
3546	
3087;0;0;56;54;30.0
3570	0
3570	
3114;0;0;56;54;31.0
3595	0
3595	
3139;0;0;56;54;30.0
3619	0
3619	
3163;0;0;56;54;30.0
3643	0
3643	
3187;0;0;56;54;29.0
3677	0
3677	
3211;0;0;56;54;29.0
3698	0
3698	
3236;0;0;56;54;25.0
3719	0
3719	
3260;0;0;56;54;30.0
3744	0
3744	
3285;0;0;56;54;25.0
3768	0
3768	
3312;0;0;56;54;30.0
3792	0
3792	
3336;0;0;56;54;30.0
3816	0
3816	
3360;0;0;56;54;30.0
3840	0
3840	
3384;0;0;56;54;33.0
3867	0
3867	
3408;0;0;56;54;28.0
3900	0
3900	
3432;0;0;56;54;24.0
3918	0
3918	
3456;0;0;56;54;29.0
3939	0
3939	
3481;0;0;56;54;30.0
3964	0
3964	
3508;0;0;56;54;22.0
3988	0
3988	
3532;0;0;56;54;30.0
4012	0
4012	
3556;0;0;56;54;27.0
4036	0
4036	
3580;0;0;56;54;29.0
4063	0
4063	
3604;0;0;56;54;30.0
4087	0
4087	
3628;0;0;56;54;30.0
4116	0
4116	
3652;0;0;56;54;27.0
4139	0
4139	
3681;0;0;56;54;28.0
4163	0
4163	
3707;0;0;56;54;29.0
4187	0
4187	
3731;0;0;56;54;29.0
4214	0
4214	
3755;0;0;56;54;30.0
4238	0
4238	
3779;0;0;56;54;28.0
4262	0
4262	
3803;0;0;56;54;30.0
4286	0
4286	
3830;0;0;56;54;34.0
4311	0
4311	
3855;0;0;56;54;29.0
4347	0
4347	
3879;0;0;56;54;29.0
4365	0
4365	
3904;0;0;56;54;29.0
4384	0
4384	
3928;0;0;56;54;27.0
4409	0
4409	
3952;0;0;56;54;28.0
4435	0
4435	
3976;0;0;56;54;38.0
4459	0
4459	
4000;0;0;56;54;30.0
4483	0
4483	
4026;0;0;56;54;24.0
4509	0
4509	
4053;0;0;56;54;30.0
4533	0
4533	
4077;0;0;56;54;30.0
4572	0
4572	
4101;0;0;56;54;30.0
4589	0
4589	
4128;0;0;56;54;30.0
4611	0
4611	
4152;0;0;56;54;29.0
4635	0
4635	
4176;0;0;56;54;29.0
4659	0
4659	
4201;0;0;56;54;30.0
4684	0
4684	
4228;0;0;56;54;30.0
4708	0
4708	
4252;0;0;56;54;26.0
4732	0
4732	
4276;0;0;56;54;25.0
4756	0
4756	
4300;0;0;56;54;29.0
4792	0
4792	
4324;0;0;56;54;29.0
4812	0
4812	
4348;0;0;56;54;30.0
4831	0
4831	
4372;0;0;56;54;31.0
4855	0
4855	
4397;0;0;56;54;30.0
4880	0
4880	
4424;0;0;56;54;34.0
4904	0
4904	
4448;0;0;56;54;30.0
4928	0
4928	
4472;0;0;56;54;28.0
4952	0
4952	
4496;0;0;56;54;30.0
4979	0
4979	
4520;0;0;56;54;29.0
5008	0
5008	
4550;0;0;56;54;29.0
5033	0
5033	
4577;0;0;56;54;34.0
5057	0
5057	
4601;0;0;56;54;30.0
5081	0
5081	
4625;0;0;56;54;29.0
5105	0
5105	
4649;0;0;56;54;29.0
5132	0
5132	
4673;0;0;56;54;30.0
5156	0
5156	
4697;0;0;56;54;28.0
5180	0
5180	
4721;0;0;56;54;28.0
5204	0
5204	
4748;0;0;56;54;25.0
5241	0
5241	
4780;0;0;56;54;30.0
5263	0
5263	
4804;0;0;56;54;27.0
5287	0
5287	
4828;0;0;56;54;23.0
5311	0
5311	
4855;0;0;56;54;25.0
5336	0
5336	
4880;0;0;56;54;27.0
5360	0
5360	
4904;0;0;56;54;25.0
5384	0
5384	
4928;0;0;56;54;30.0
5408	0
5408	
4952;0;0;56;54;25.0
5441	0
5441	
4976;0;0;56;54;36.0
5463	0
5463	
5001;0;0;56;54;30.0
5484	0
5484	
5026;0;0;56;54;32.0
5509	0
5509	
5051;0;0;56;54;22.0
5532	0
5532	
5076;0;0;56;54;25.0
5557	0
5557	
5101;0;0;56;54;30.0
5581	0
5581	
5125;0;0;56;54;29.0
5607	0
5607	
5150;0;0;56;54;30.0
5633	0
5633	
5174;0;0;56;54;31.0
5662	0
5662	
5199;0;0;56;54;30.0
5685	0
5685	
5225;0;0;56;54;36.0
5706	0
5706	
5250;0;0;56;54;36.0
5731	0
5731	
5274;0;0;56;54;36.0
5754	0
5754	
5298;0;0;56;54;29.0
5779	0
5779	
5322;0;0;56;54;28.0
5803	0
5803	
5346;0;0;56;54;29.0
5829	0
5829	
5370;0;0;56;54;30.0
5853	0
5853	
5395;0;0;56;54;29.0
5889	0
5889	
5422;0;0;56;54;29.0
5906	0
5906	
5447;0;0;56;54;29.0
5927	0
5927	
5471;0;0;56;54;29.0
5951	0
5951	
5495;0;0;56;54;25.0
5979	0
5979	
5520;0;0;56;54;31.0
6003	0
6003	
5544;0;0;56;54;36.0
6027	0
6027	
5569;0;0;56;54;30.0
6052	0
6052	
5596;0;0;56;54;25.0
6076	0
6076	
5620;0;0;56;54;29.0
6112	0
6112	
5651;0;0;56;54;28.0
6134	0
6134	
5675;0;0;56;54;29.0
6158	0
6158	
5702;0;0;56;54;28.0
6183	0
6183	
5727;0;0;56;54;31.0
6207	0
6207	
5751;0;0;56;54;30.0
6232	0
6232	
5776;0;0;56;54;30.0
6259	0
6259	
5800;0;0;56;54;35.0
6283	0
6283	
5824;0;0;56;54;28.0
6307	0
6307	
5848;0;0;56;54;29.0
6340	0
6340	
5884;0;0;56;54;29.0
6364	0
6364	
5908;0;0;56;54;28.0
6388	0
6388	
5932;0;0;56;54;30.0
6413	0
6413	
5956;0;0;56;54;30.0
6439	0
6439	
5980;0;0;56;54;28.0
6463	0
6463	
6004;0;0;56;54;30.0
6487	0
6487	
6029;0;0;56;54;30.0
6512	0
6512	
6056;0;0;56;54;29.0
6540	0
6540	
6080;0;0;56;54;28.0
6567	0
6567	
6104;0;0;56;54;27.0
6585	0
6585	
6129;0;0;56;54;25.0
6610	0
6610	
6153;0;0;56;54;30.0
6636	0
6636	
6177;0;0;56;54;28.0
6660	0
6660	
6201;0;0;56;54;29.0
6684	0
6684	
6226;0;0;56;54;28.0
6709	0
6709	
6253;0;0;56;54;25.0
6733	0
6733	
6277;0;0;56;54;25.0
6769	0
6769	
6301;0;0;56;54;27.0
6788	0
6788	
6326;0;0;56;54;29.0
6807	0
6807	
6350;0;0;56;54;28.0
6833	0
6833	
6374;0;0;56;54;25.0
6857	0
6857	
6398;0;0;56;54;30.0
6881	0
6881	
6423;0;0;56;54;29.0
6906	0
6906	
6450;0;0;56;54;30.0
6930	0
6930	
6474;0;0;56;54;27.0
6954	0
6954	
6498;0;0;56;54;26.0
6984	0
6984	
6526;0;0;56;54;30.0
7009	0
7009	
6550;0;0;56;54;29.0
7033	0
7033	
6577;0;0;56;54;22.0
7058	0
7058	
6602;0;0;56;54;30.0
7082	0
7082	
6626;0;0;56;54;29.0
7106	0
7106	
6650;0;0;56;54;30.0
7130	0
7130	
6674;0;0;56;54;29.0
7157	0
7157	
6698;0;0;56;54;30.0
7181	0
7181	
6722;0;0;56;54;30.0
7209	0
7209	
6753;0;0;56;54;29.0
7234	0
7234	
6778;0;0;56;54;30.0
7258	0
7258	
6802;0;0;56;54;32.0
7282	0
7282	
6826;0;0;56;54;34.0
7307	0
7307	
6850;0;0;56;54;25.0
7333	0
7333	
6874;0;0;56;54;29.0
7357	0
7357	
6898;0;0;56;54;29.0
7381	0
7381	
6923;0;0;56;54;25.0
7411	0
7411	
6950;0;0;56;54;29.0
7433	0
7433	
6975;0;0;56;54;31.0
7455	0
7455	
6999;0;0;56;54;27.0
7479	0
7479	
7023;0;0;56;54;28.0
7504	0
7504	
7047;0;0;56;54;25.0
7530	0
7530	
7071;0;0;56;54;30.0
7554	0
7554	
7095;0;0;56;54;34.0
7579	0
7579	
7123;0;0;56;54;30.0
7603	0
7603	
7147;0;0;56;54;28.0
7639	0
7639	
7175;0;0;56;54;30.0
7658	0
7658	
7199;0;0;56;54;28.0
7682	0
7682	
7223;0;0;56;54;27.0
7706	0
7706	
7247;0;0;56;54;32.0
7730	0
7730	
7274;0;0;56;54;28.0
7755	0
7755	
7299;0;0;56;54;30.0
7779	0
7779	
7323;0;0;56;54;30.0
7804	0
7804	
7348;0;0;56;54;31.0
7836	0
7836	
7372;0;0;56;54;29.0
7859	0
7859	
7397;0;0;56;54;29.0
7881	0
7881	
7423;0;0;56;54;27.0
7906	0
7906	
7450;0;0;56;54;39.0
7931	0
7931	
7475;0;0;56;54;30.0
7955	0
7955	
7499;0;0;56;54;28.0
7979	0
7979	
7523;0;0;56;54;31.0
8006	0
8006	
7547;0;0;56;54;29.0
8030	0
8030	
7571;0;0;56;54;25.0
8062	0
8062	
7595;0;0;56;54;30.0
8081	0
8081	
7622;0;0;56;54;28.0
8103	0
8103	
7647;0;0;56;54;29.0
8127	0
8127	
7671;0;0;56;54;39.0
8151	0
8151	
7695;0;0;56;54;29.0
8176	0
8176	
7719;0;0;56;54;24.0
8202	0
8202	
7744;0;0;56;54;30.0
8227	0
8227	
7769;0;0;56;54;31.0
8252	0
8252	
7796;0;0;56;54;30.0
8288	0
8288	
7831;0;0;56;54;22.0
8312	0
8312	
7855;0;0;56;54;31.0
8336	0
8336	
7880;0;0;56;54;28.0
8363	0
8363	
7905;0;0;56;54;36.0
8386	0
8386	
7929;0;0;56;54;29.0
8411	0
8411	
7955;0;0;56;54;31.0
8435	0
8435	
7979;0;0;56;54;29.0
8460	0
8460	
8003;0;0;56;54;31.0
8484	0
8484	
8027;0;0;56;54;30.0
8519	0
8519	
8063;0;0;56;54;29.0
8544	0
8544	
8088;0;0;56;54;29.0
8568	0
8568	
8112;0;0;56;54;25.0
8594	0
8594	
8136;0;0;56;54;28.0
8617	0
8617	
8160;0;0;56;54;23.0
8643	0
8643	
8184;0;0;56;54;29.0
8667	0
8667	
8209;0;0;56;54;30.0
8692	0
8692	
8236;0;0;56;54;30.0
8728	0
8728	
8260;0;0;56;54;30.0
8746	0
8746	
8285;0;0;56;54;29.0
8767	0
8767	
8310;0;0;56;54;29.0
8793	0
8793	
8334;0;0;56;54;31.0
8817	0
8817	
8358;0;0;56;54;30.0
8841	0
8841	
8383;0;0;56;54;36.0
8866	0
8866	
8410;0;0;56;54;30.0
8891	0
8891	
8435;0;0;56;54;29.0
8916	0
8916	
8459;0;0;56;54;28.0
8951	0
8951	
8483;0;0;56;54;30.0
8970	0
8970	
8507;0;0;56;54;30.0
8990	0
8990	
8531;0;0;56;54;33.0
9014	0
9014	
8555;0;0;56;54;30.0
9038	0
9038	
8580;0;0;56;54;30.0
9063	0
9063	
8607;0;0;56;54;30.0
9087	0
9087	
8631;0;0;56;54;30.0
9111	0
9111	
8655;0;0;56;54;25.0
9135	0
9135	
8679;0;0;56;54;29.0
9166	0
9166	
8707;0;0;56;54;30.0
9190	0
9190	
8734;0;0;56;54;30.0
9215	0
9215	
8759;0;0;56;54;36.0
9239	0
9239	
8783;0;0;56;54;30.0
9263	0
9263	
8807;0;0;56;54;30.0
9288	0
9288	
8831;0;0;56;54;29.0
9314	0
9314	
8855;0;0;56;54;30.0
9338	0
9338	
8879;0;0;56;54;29.0
9367	0
9367	
8904;0;0;56;54;28.0
9390	0
9390	
8932;0;0;56;54;29.0
9412	0
9412	
8956;0;0;56;54;28.0
9436	0
9436	
8980;0;0;56;54;29.0
9464	0
9464	
9005;0;0;56;54;28.0
9488	0
9488	
9029;0;0;56;54;28.0
9512	0
9512	
9053;0;0;56;54;30.0
9536	0
9536	
9080;0;0;56;54;29.0
9561	0
9561	
9105;0;0;56;54;24.0
9599	0
9599	
9130;0;0;56;54;35.0
9616	0
9616	
9155;0;0;56;54;29.0
9635	0
9635	
9179;0;0;56;54;26.0
9660	0
9660	
9203;0;0;56;54;30.0
9686	0
9686	
9227;0;0;56;54;27.0
9710	0
9710	
9251;0;0;56;54;26.0
9734	0
9734	
9276;0;0;56;54;30.0
9759	0
9759	
9303;0;0;56;54;27.0
9783	0
9783	
9327;0;0;56;54;30.0
9820	0
9820	
9356;0;0;56;54;27.0
9840	0
9840	
9381;0;0;56;54;33.0
9864	0
9864	
9405;0;0;56;54;34.0
9888	0
9888	
9432;0;0;56;54;30.0
9913	0
9913	
9457;0;0;56;54;29.0
9937	0
9937	
9481;0;0;56;54;29.0
9961	0
9961	
9505;0;0;56;54;28.0
9986	0
9986	
9529;0;0;56;54;29.0
10016	0
10016	
9553;0;0;56;54;30.0
10039	0
10039	
9581;0;0;56;54;29.0
10063	0
10063	
9607;0;0;56;54;29.0
10088	0
10088	
9631;0;0;56;54;38.0
10111	0
10111	
9655;0;0;56;54;31.0
10135	0
10135	
9679;0;0;56;54;29.0
10162	0
10162	
9703;0;0;56;54;29.0
10186	0
10186	
9727;0;0;56;54;29.0
10210	0
10210	
9751;0;0;56;54;30.0
10239	0
10239	
9778;0;0;56;54;28.0
10261	0
10261	
9803;0;0;56;54;30.0
10283	0
10283	
9827;0;0;56;54;27.0
10308	0
10308	
9852;0;0;56;54;29.0
10335	0
10335	
9876;0;0;56;54;30.0
10359	0
10359	
9900;0;0;56;54;29.0
10383	0
10383	
9924;0;0;56;54;31.0
10407	0
10407	
9951;0;0;56;54;29.0
10433	0
10433	
9977;0;0;56;54;25.0
10469	0
10469	
10006;0;0;56;54;29.0
10489	0
10489	
10030;0;0;56;54;30.0
10513	0
10513	
10054;0;0;56;54;29.0
10537	0
10537	
10078;0;0;56;54;39.0
10561	0
10561	
10105;0;0;56;54;30.0
10586	0
10586	
10130;0;0;56;54;24.0
10610	0
10610	
10154;0;0;56;54;31.0
10634	0
10634	
10178;0;0;56;54;29.0
10669	0
10669	
10203;0;0;56;54;30.0
10692	0
10692	
10230;0;0;56;54;31.0
10712	0
10712	
10254;0;0;56;54;23.0
10735	0
10735	
10279;0;0;56;54;29.0
10760	0
10760	
10304;0;0;56;54;38.0
10785	0
10785	
10328;0;0;56;54;32.0
10811	0
10811	
10354;0;0;56;54;30.0
10837	0
10837	
10379;0;0;56;54;26.0
10862	0
10862	
10404;0;0;56;54;30.0
10896	0
10896	
10435;0;0;56;54;28.0
10919	0
10919	
10460;0;0;56;54;25.0
10941	0
10941	
10484;0;0;56;54;30.0
10965	0
10965	
10509;0;0;56;54;29.0
10990	0
10990	
10534;0;0;56;54;30.0
11015	0
11015	
10558;0;0;56;54;30.0
11039	0
11039	
10582;0;0;56;54;25.0
11063	0
11063	
10606;0;0;56;54;24.0
11096	0
11096	
10631;0;0;56;54;30.0
11117	0
11117	
10657;0;0;56;54;27.0
11138	0
11138	
10682;0;0;56;54;30.0
11163	0
11163	
10707;0;0;56;54;22.0
11188	0
11188	
10731;0;0;56;54;31.0
11213	0
11213	
10756;0;0;56;54;30.0
11237	0
11237	
10781;0;0;56;54;30.0
11264	0
11264	
10806;0;0;56;54;29.0
11288	0
11288	
10832;0;0;56;54;30.0
11319	0
11319	
10860;0;0;56;54;30.0
11341	0
11341	
10884;0;0;56;54;28.0
11365	0
11365	
10908;0;0;56;54;29.0
11389	0
11389	
10932;0;0;56;54;27.0
11415	0
11415	
10958;0;0;56;54;32.0
11440	0
11440	
10982;0;0;56;54;29.0
11463	0
11463	
11006;0;0;56;54;31.0
11487	0
11487	
11031;0;0;56;54;30.0
11519	0
11519	
11057;0;0;56;54;29.0
11543	0
11543	
11082;0;0;56;54;30.0
11563	0
11563	
11107;0;0;56;54;30.0
11590	0
11590	
11132;0;0;56;54;28.0
11614	0
11614	
11157;0;0;56;54;33.0
11638	0
11638	
11182;0;0;56;54;31.0
11665	0
11665	
11207;0;0;56;54;30.0
11688	0
11688	
11231;0;0;56;54;25.0
11720	0
11720	
11256;0;0;56;54;28.0
11743	0
11743	
11283;0;0;56;54;29.0
11764	0
11764	
11307;0;0;56;54;30.0
11789	0
11789	
11333;0;0;56;54;30.0
11816	0
11816	
11359;0;0;56;54;28.0
11840	0
11840	
11383;0;0;56;54;30.0
11864	0
11864	
11408;0;0;56;54;30.0
11891	0
11891	
11433;0;0;56;54;29.0
11915	0
11915	
11458;0;0;56;54;35.0
11950	0
11950	
11489;0;0;56;54;30.0
11970	0
11970	
11513;0;0;56;54;28.0
11994	0
11994	
11538;0;0;56;54;30.0
12021	0
12021	
11563;0;0;56;54;29.0
12044	0
12044	
11587;0;0;56;54;28.0
12068	0
12068	
11611;0;0;56;54;28.0
12095	0
12095	
11636;0;0;56;54;30.0
12119	0
12119	
11661;0;0;56;54;28.0
12148	0
12148	
11685;0;0;56;54;29.0
12170	0
12170	
11711;0;0;56;54;29.0
12191	0
12191	
11735;0;0;56;54;30.0
12217	0
12217	
11760;0;0;56;54;29.0
12241	0
12241	
11784;0;0;56;54;25.0
12267	0
12267	
11808;0;0;56;54;28.0
12291	0
12291	
11833;0;0;56;54;29.0
12316	0
12316	
11859;0;0;56;54;29.0
12340	0
12340	
11884;0;0;56;54;31.0
12376	0
12376	
11915;0;0;56;54;30.0
12398	0
12398	
11940;0;0;56;54;31.0
12423	0
12423	
11967;0;0;56;54;28.0
12447	0
12447	
11991;0;0;56;54;23.0
12471	0
12471	
12015;0;0;56;54;23.0
12495	0
12495	
12039;0;0;56;54;29.0
12520	0
12520	
12063;0;0;56;54;30.0
12546	0
12546	
12087;0;0;56;54;31.0
12575	0
12575	
12111;0;0;56;54;30.0
12597	0
12597	
12138;0;0;56;54;39.0
12620	0
12620	
12164;0;0;56;54;29.0
12644	0
12644	
12188;0;0;56;54;29.0
12668	0
12668	
12212;0;0;56;54;31.0
12693	0
12693	
12236;0;0;56;54;36.0
12719	0
12719	
12260;0;0;56;54;31.0
12744	0
12744	
12286;0;0;56;54;29.0
12771	0
12771	
12313;0;0;56;54;30.0
12796	0
12796	
12339;0;0;56;54;36.0
12819	0
12819	
12363;0;0;56;54;30.0
12843	0
12843	
12387;0;0;56;54;30.0
12868	0
12868	
12411;0;0;56;54;30.0
12892	0
12892	
12435;0;0;56;54;29.0
12918	0
12918	
12460;0;0;56;54;28.0
12943	0
12943	
12485;0;0;56;54;31.0
12966	0
12966	
12510;0;0;56;54;29.0
13003	0
13003	
12540;0;0;56;54;29.0
13021	0
13021	
12564;0;0;56;54;28.0
13047	0
13047	
12588;0;0;56;54;30.0
13071	0
13071	
12612;0;0;56;54;29.0
13095	0
13095	
12637;0;0;56;54;28.0
13120	0
13120	
12664;0;0;56;54;28.0
13144	0
13144	
12688;0;0;56;54;28.0
13168	0
13168	
12712;0;0;56;54;30.0
13205	0
13205	
12737;0;0;56;54;29.0
13224	0
13224	
12763;0;0;56;54;36.0
13246	0
13246	
12788;0;0;56;54;28.0
13272	0
13272	
12815;0;0;56;54;28.0
13295	0
13295	
12839;0;0;56;54;25.0
13319	0
13319	
12863;0;0;56;54;30.0
13343	0
13343	
12887;0;0;56;54;29.0
13370	0
13370	
12911;0;0;56;54;30.0
13398	0
13398	
12935;0;0;56;54;28.0
13422	0
13422	
12964;0;0;56;54;30.0
13445	0
13445	
12989;0;0;56;54;24.0
13470	0
13470	
13014;0;0;56;54;30.0
13494	0
13494	
13038;0;0;56;54;30.0
13521	0
13521	
13063;0;0;56;54;30.0
13546	0
13546	
13087;0;0;56;54;28.0
13570	0
13570	
13114;0;0;56;54;29.0
13595	0
13595	
13139;0;0;56;54;31.0
13623	0
13623	
13166;0;0;56;54;34.0
13646	0
13646	
13190;0;0;56;54;30.0
13670	0
13670	
13214;0;0;56;54;29.0
13695	0
13695	
13238;0;0;56;54;30.0
13721	0
13721	
13263;0;0;56;54;30.0
13746	0
13746	
13288;0;0;56;54;28.0
13771	0
13771	
13315;0;0;56;54;29.0
13795	0
13795	
13339;0;0;56;54;29.0
13832	0
13832	
13364;0;0;56;54;31.0
13850	0
13850	
13389;0;0;56;54;30.0
13872	0
13872	
13413;0;0;56;54;24.0
13896	0
13896	
13437;0;0;56;54;24.0
13921	0
13921	
13465;0;0;56;54;26.0
13945	0
13945	
13489;0;0;56;54;28.0
13969	0
13969	
13513;0;0;56;54;30.0
13993	0
13993	
13537;0;0;56;54;28.0
14023	0
14023	
13562;0;0;56;54;22.0
14048	0
14048	
13589;0;0;56;54;31.0
14072	0
14072	
13616;0;0;56;54;36.0
14097	0
14097	
13640;0;0;56;54;29.0
14121	0
14121	
13665;0;0;56;54;30.0
14145	0
14145	
13689;0;0;56;54;31.0
14172	0
14172	
13713;0;0;56;54;34.0
14196	0
14196	
13737;0;0;56;54;29.0
14220	0
14220	
13761;0;0;56;54;29.0
14253	0
14253	
13793;0;0;56;54;31.0
14274	0
14274	
13818;0;0;56;54;25.0
14298	0
14298	
13842;0;0;56;54;29.0
14324	0
14324	
13867;0;0;56;54;30.0
14348	0
14348	
13891;0;0;56;54;30.0
14374	0
14374	
13915;0;0;56;54;30.0
14398	0
14398	
13940;0;0;56;54;31.0
14423	0
14423	
13967;0;0;56;54;27.0
14459	0
14459	
13991;0;0;56;54;31.0
14476	0
14476	
14016;0;0;56;54;32.0
14496	0
14496	
14040;0;0;56;54;29.0
14524	0
14524	
14066;0;0;56;54;30.0
14549	0
14549	
14090;0;0;56;54;29.0
14573	0
14573	
14114;0;0;56;54;30.0
14597	0
14597	
14141;0;0;56;54;30.0
14622	0
14622	
14166;0;0;56;54;32.0
14659	0
14659	
14191;0;0;56;54;28.0
14677	0
14677	
14216;0;0;56;54;27.0
14696	0
14696	
14240;0;0;56;54;30.0
14723	0
14723	
14264;0;0;56;54;30.0
14747	0
14747	
14288;0;0;56;54;36.0
14771	0
14771	
14312;0;0;56;54;30.0
14795	0
14795	
14337;0;0;56;54;29.0
14820	0
14820	
14364;0;0;56;54;30.0
14844	0
14844	
14388;0;0;56;54;36.0
14879	0
14879	
14418;0;0;56;54;28.0
14901	0
14901	
14442;0;0;56;54;30.0
14925	0
14925	
14469;0;0;56;54;31.0
14950	0
14950	
14494;0;0;56;54;30.0
14974	0
14974	
14518;0;0;56;54;28.0
14999	0
14999	
14543;0;0;56;54;29.0
15026	0
15026	
14568;0;0;56;54;30.0
15051	0
15051	
14592;0;0;56;54;32.0
15082	0
15082	
14619;0;0;56;54;27.0
15102	0
15102	
14644;0;0;56;54;29.0
15125	0
15125	
14669;0;0;56;54;31.0
15149	0
15149	
14693;0;0;56;54;28.0
15176	0
15176	
14717;0;0;56;54;30.0
15200	0
15200	
14741;0;0;56;54;29.0
15224	0
15224	
14765;0;0;56;54;28.0
15248	0
15248	
14792;0;0;56;54;28.0
15274	0
15274	
14817;0;0;56;54;24.0
15309	0
15309	
14845;0;0;56;54;27.0
15328	0
15328	
14870;0;0;56;54;28.0
15353	0
15353	
14894;0;0;56;54;23.0
15377	0
15377	
14918;0;0;56;54;33.0
15401	0
15401	
14945;0;0;56;54;28.0
15426	0
15426	
14970;0;0;56;54;29.0
15450	0
15450	
14994;0;0;56;54;30.0
15474	0
15474	
15018;0;0;56;54;34.0
15499	0
15499	
15042;0;0;56;54;30.0
15530	0
15530	
15074;0;0;56;54;28.0
15555	0
15555	
15099;0;0;56;54;30.0
15579	0
15579	
15123;0;0;56;54;30.0
15603	0
15603	
15147;0;0;56;54;28.0
15630	0
15630	
15172;0;0;56;54;30.0
15655	0
15655	
15196;0;0;56;54;30.0
15679	0
15679	
15221;0;0;56;54;29.0
15704	0
15704	
15248;0;0;56;54;30.0
15741	0
15741	
15273;0;0;56;54;25.0
15759	0
15759	
15298;0;0;56;54;29.0
15778	0
15778	
15322;0;0;56;54;28.0
15803	0
15803	
15346;0;0;56;54;28.0
15830	0
15830	
15371;0;0;56;54;30.0
15854	0
15854	
15396;0;0;56;54;24.0
15879	0
15879	
15423;0;0;56;54;29.0
15903	0
15903	
15447;0;0;56;54;31.0
15928	0
15928	
15471;0;0;56;54;30.0
15963	0
15963	
15495;0;0;56;54;28.0
15982	0
15982	
15519;0;0;56;54;30.0
16002	0
16002	
15543;0;0;56;54;30.0
16026	0
16026	
15567;0;0;56;54;36.0
16050	0
16050	
15592;0;0;56;54;30.0
16075	0
16075	
15619;0;0;56;54;25.0
16099	0
16099	
15643;0;0;56;54;30.0
16124	0
16124	
15667;0;0;56;54;29.0
16147	0
16147	
15691;0;0;56;54;29.0
16183	0
16183	
15719;0;0;56;54;29.0
16203	0
16203	
15745;0;0;56;54;30.0
16228	0
16228	
15772;0;0;56;54;30.0
16252	0
16252	
15796;0;0;56;54;30.0
16276	0
16276	
15820;0;0;56;54;30.0
16300	0
16300	
15844;0;0;56;54;30.0
16327	0
16327	
15868;0;0;56;54;29.0
16351	0
16351	
15892;0;0;56;54;29.0
16381	0
16381	
15916;0;0;56;54;28.0
16402	0
16402	
15943;0;0;56;54;28.0
16424	0
16424	
15968;0;0;56;54;30.0
16449	0
16449	
15992;0;0;56;54;30.0
16472	0
16472	
16016;0;0;56;54;29.0
16496	0
16496	
16040;0;0;56;54;30.0
16523	0
16523	
16064;0;0;56;54;29.0
16547	0
16547	
16088;0;0;56;54;30.0
16575	0
16575	
16112;0;0;56;54;30.0
16598	0
16598	
16140;0;0;56;54;29.0
16620	0
16620	
16164;0;0;56;54;25.0
16644	0
16644	
16188;0;0;56;54;30.0
16669	0
16669	
16213;0;0;56;54;30.0
16696	0
16696	
16237;0;0;56;54;29.0
16720	0
16720	
16261;0;0;56;54;29.0
16744	0
16744	
16285;0;0;56;54;30.0
16768	0
16768	
16312;0;0;56;54;24.0
16805	0
16805	
16337;0;0;56;54;30.0
16821	0
16821	
16362;0;0;56;54;26.0
16842	0
16842	
16386;0;0;56;54;26.0
16866	0
16866	
16410;0;0;56;54;31.0
16891	0
16891	
16434;0;0;56;54;28.0
16917	0
16917	
16458;0;0;56;54;28.0
16941	0
16941	
16482;0;0;56;54;29.0
16965	0
16965	
16507;0;0;56;54;36.0
16995	0
16995	
16534;0;0;56;54;30.0
17017	0
17017	
16559;0;0;56;54;29.0
17039	0
17039	
16583;0;0;56;54;28.0
17063	0
17063	
16607;0;0;56;54;28.0
17091	0
17091	
16632;0;0;56;54;30.0
17115	0
17115	
16656;0;0;56;54;29.0
17139	0
17139	
16680;0;0;56;54;30.0
17163	0
17163	
16707;0;0;56;54;25.0
17188	0
17188	
16732;0;0;56;54;30.0
17224	0
17224	
16763;0;0;56;54;29.0
17246	0
17246	
16787;0;0;56;54;30.0
17271	0
17271	
16814;0;0;56;54;30.0
17295	0
17295	
16839;0;0;56;54;29.0
17319	0
17319	
16863;0;0;56;54;30.0
17343	0
17343	
16887;0;0;56;54;30.0
17368	0
17368	
16911;0;0;56;54;29.0
17394	0
17394	
16935;0;0;56;54;28.0
17423	0
17423	
16959;0;0;56;54;27.0
17446	0
17446	
16987;0;0;56;54;28.0
17469	0
17469	
17013;0;0;56;54;36.0
17493	0
17493	
17037;0;0;56;54;29.0
17517	0
17517	
17061;0;0;56;54;23.0
17542	0
17542	
17085;0;0;56;54;30.0
17568	0
17568	
17109;0;0;56;54;29.0
17592	0
17592	
17133;0;0;56;54;29.0
17618	0
17618	
17158;0;0;56;54;30.0
17645	0
17645	
17187;0;0;56;54;30.0
17667	0
17667	
17211;0;0;56;54;29.0
17691	0
17691	
17235;0;0;56;54;29.0
17715	0
17715	
17259;0;0;56;54;28.0
17742	0
17742	
17284;0;0;56;54;30.0
17767	0
17767	
17308;0;0;56;54;32.0
17791	0
17791	
17335;0;0;56;54;24.0
17816	0
17816	
17360;0;0;56;54;31.0
17852	0
17852	
17388;0;0;56;54;33.0
17871	0
17871	
17412;0;0;56;54;30.0
17895	0
17895	
17436;0;0;56;54;29.0
17919	0
17919	
17460;0;0;56;54;29.0
17943	0
17943	
17487;0;0;56;54;26.0
17968	0
17968	
17512;0;0;56;54;31.0
17992	0
17992	
17536;0;0;56;54;29.0
18016	0
18016	
17560;0;0;56;54;30.0
18047	0
18047	
17585;0;0;56;54;28.0
18072	0
18072	
17613;0;0;56;54;30.0
18094	0
18094	
17638;0;0;56;54;35.0
18119	0
18119	
17663;0;0;56;54;25.0
18143	0
18143	
17687;0;0;56;54;26.0
18168	0
18168	
17711;0;0;56;54;27.0
18192	0
18192	
17735;0;0;56;54;31.0
18218	0
18218	
17759;0;0;56;54;29.0
18242	0
18242	
17785;0;0;56;54;30.0
18277	0
18277	
17820;0;0;56;54;29.0
18301	0
18301	
17844;0;0;56;54;30.0
18325	0
18325	
17868;0;0;56;54;24.0
18349	0
18349	
17893;0;0;56;54;29.0
18376	0
18376	
17918;0;0;56;54;23.0
18399	0
18399	
17942;0;0;56;54;35.0
18423	0
18423	
17967;0;0;56;54;32.0
18451	0
18451	
17992;0;0;56;54;30.0
18484	0
18484	
18016;0;0;56;54;30.0
18503	0
18503	
18041;0;0;56;54;31.0
18522	0
18522	
18066;0;0;56;54;30.0
18550	0
18550	
18092;0;0;56;54;30.0
18573	0
18573	
18116;0;0;56;54;29.0
18597	0
18597	
18141;0;0;56;54;31.0
18622	0
18622	
18166;0;0;56;54;32.0
18647	0
18647	
18190;0;0;56;54;27.0
18680	0
18680	
18214;0;0;56;54;30.0
18703	0
18703	
18241;0;0;56;54;29.0
18723	0
18723	
18265;0;0;56;54;30.0
18746	0
18746	
18289;0;0;56;54;36.0
18770	0
18770	
18314;0;0;56;54;28.0
18797	0
18797	
18339;0;0;56;54;30.0
18821	0
18821	
18364;0;0;56;54;29.0
18845	0
18845	
18389;0;0;56;54;30.0
18872	0
18872	
18414;0;0;56;54;29.0
18906	0
18906	
18438;0;0;56;54;29.0
18926	0
18926	
18463;0;0;56;54;28.0
18945	0
18945	
18489;0;0;56;54;29.0
18971	0
18971	
18513;0;0;56;54;30.0
18994	0
18994	
18537;0;0;56;54;30.0
19018	0
19018	
18561;0;0;56;54;28.0
19044	0
19044	
18587;0;0;56;54;29.0
19069	0
19069	
18611;0;0;56;54;30.0
19100	0
19100	
18635;0;0;56;54;30.0
19122	0
19122	
18661;0;0;56;54;31.0
19143	0
19143	
18686;0;0;56;54;30.0
19167	0
19167	
18710;0;0;56;54;30.0
19191	0
19191	
18734;0;0;56;54;25.0
19215	0
19215	
18759;0;0;56;54;30.0
19242	0
19242	
18785;0;0;56;54;28.0
19266	0
19266	
18809;0;0;56;54;28.0
19290	0
19290	
18834;0;0;56;54;30.0
19323	0
19323	
18867;0;0;56;54;30.0
19347	0
19347	
18891;0;0;56;54;30.0
19372	0
19372	
18915;0;0;56;54;30.0
19396	0
19396	
18939;0;0;56;54;30.0
19420	0
19420	
18963;0;0;56;54;28.0
19446	0
19446	
18989;0;0;56;54;28.0
19471	0
19471	
19013;0;0;56;54;28.0
19494	0
19494	
19038;0;0;56;54;27.0
19528	0
19528	
19063;0;0;56;54;29.0
19549	0
19549	
19088;0;0;56;54;28.0
19570	0
19570	
19113;0;0;56;54;30.0
19594	0
19594	
19138;0;0;56;54;23.0
19622	0
19622	
19163;0;0;56;54;29.0
19645	0
19645	
19188;0;0;56;54;26.0
19669	0
19669	
19213;0;0;56;54;25.0
19695	0
19695	
19237;0;0;56;54;21.0
19726	0
19726	
19261;0;0;56;54;28.0
19749	0
19749	
19288;0;0;56;54;26.0
19771	0
19771	
19313;0;0;56;54;27.0
19794	0
19794	
19337;0;0;56;54;25.0
19818	0
19818	
19362;0;0;56;54;27.0
19845	0
19845	
19388;0;0;56;54;28.0
19869	0
19869	
19412;0;0;56;54;27.0
19893	0
19893	
19436;0;0;56;54;39.0
19920	0
19920	
19462;0;0;56;54;30.0
19954	0
19954	
19495;0;0;56;54;30.0
19976	0
19976	
19519;0;0;56;54;30.0
20000	0
20000	
19543;0;0;56;54;28.0
20024	0
20024	
19568;0;0;56;54;24.0
20051	0
20051	
19593;0;0;56;54;29.0
20074	0
20074	
19617;0;0;56;54;28.0
20098	0
20098	
19642;0;0;56;54;30.0
20125	0
20125	
19667;0;0;56;54;31.0
20153	0
20153	
19691;0;0;56;54;30.0
20179	0
20179	
19716;0;0;56;54;30.0
20197	0
20197	
19741;0;0;56;54;25.0
20222	0
20222	
19765;0;0;56;54;30.0
20247	0
20247	
19790;0;0;56;54;29.0
20271	0
20271	
19815;0;0;56;54;30.0
20298	0
20298	
19840;0;0;56;54;30.0
20322	0
20322	
19864;0;0;56;54;28.0
20346	0
20346	
19890;0;0;56;54;30.0
20382	0
20382	
19919;0;0;56;54;30.0
20400	0
20400	
19943;0;0;56;54;29.0
20426	0
20426	
19968;0;0;56;54;29.0
20452	0
20452	
19994;0;0;56;54;29.0
20475	0
20475	
20019;0;0;56;54;29.0
20500	0
20500	
20044;0;0;56;54;27.0
20524	0
20524	
20068;0;0;56;54;30.0
20551	0
20551	
20094;0;0;56;54;29.0
20586	0
20586	
20118;0;0;56;54;25.0
20605	0
20605	
20144;0;0;56;54;29.0
20625	0
20625	
20168;0;0;56;54;29.0
20650	0
20650	
20194;0;0;56;54;36.0
20674	0
20674	
20218;0;0;56;54;29.0
20699	0
20699	
20242;0;0;56;54;30.0
20723	0
20723	
20266;0;0;56;54;26.0
20749	0
20749	
20291;0;0;56;54;30.0
20774	0
20774	
20316;0;0;56;54;26.0
20802	0
20802	
20346;0;0;56;54;32.0
20826	0
20826	
20370;0;0;56;54;30.0
20852	0
20852	
20395;0;0;56;54;30.0
20876	0
20876	
20419;0;0;56;54;27.0
20902	0
20902	
20443;0;0;56;54;30.0
20927	0
20927	
20469;0;0;56;54;25.0
20951	0
20951	
20495;0;0;56;54;28.0
20975	0
20975	
20519;0;0;56;54;23.0
21011	0
21011	
20543;0;0;56;54;29.0
21029	0
21029	
20567;0;0;56;54;31.0
21050	0
21050	
20592;0;0;56;54;28.0
21075	0
21075	
20617;0;0;56;54;30.0
21100	0
21100	
20644;0;0;56;54;24.0
21124	0
21124	
20668;0;0;56;54;30.0
21149	0
21149	
20693;0;0;56;54;30.0
21173	0
21173	
20717;0;0;56;54;23.0
21207	0
21207	
20741;0;0;56;54;29.0
21227	0
21227	
20766;0;0;56;54;27.0
21249	0
21249	
20790;0;0;56;54;25.0
21273	0
21273	
20815;0;0;56;54;29.0
21298	0
21298	
20842;0;0;56;54;28.0
21322	0
21322	
20866;0;0;56;54;30.0
21347	0
21347	
20890;0;0;56;54;30.0
21370	0
21370	
20914;0;0;56;54;29.0
21397	0
21397	
20938;0;0;56;54;30.0
21425	0
21425	
20969;0;0;56;54;24.0
21451	0
21451	
20995;0;0;56;54;30.0
21475	0
21475	
21019;0;0;56;54;34.0
21499	0
21499	
21043;0;0;56;54;25.0
21524	0
21524	
21067;0;0;56;54;29.0
21550	0
21550	
21091;0;0;56;54;30.0
21574	0
21574	
21115;0;0;56;54;25.0
21598	0
21598	
21140;0;0;56;54;36.0
21636	0
21636	
21167;0;0;56;54;30.0
21653	0
21653	
21192;0;0;56;54;27.0
21673	0
21673	
21217;0;0;56;54;32.0
21697	0
21697	
21241;0;0;56;54;31.0
21724	0
21724	
21265;0;0;56;54;29.0
21748	0
21748	
21289;0;0;56;54;29.0
21772	0
21772	
21313;0;0;56;54;30.0
21797	0
21797	
21341;0;0;56;54;29.0
21825	0
21825	
21365;0;0;56;54;30.0
21849	0
21849	
21390;0;0;56;54;30.0
21870	0
21870	
21414;0;0;56;54;26.0
21895	0
21895	
21438;0;0;56;54;32.0
21921	0
21921	
21462;0;0;56;54;30.0
21945	0
21945	
21486;0;0;56;54;30.0
21969	0
21969	
21511;0;0;56;54;29.0
21994	0
21994	
21538;0;0;56;54;30.0
22018	0
22018	
21562;0;0;56;54;29.0
22054	0
22054	
21593;0;0;56;54;28.0
22076	0
22076	
21618;0;0;56;54;28.0
22101	0
22101	
21645;0;0;56;54;30.0
22125	0
22125	
21669;0;0;56;54;36.0
22150	0
22150	
21693;0;0;56;54;29.0
22177	0
22177	
21718;0;0;56;54;30.0
22201	0
22201	
21742;0;0;56;54;29.0
22225	0
22225	
21766;0;0;56;54;30.0
22255	0
22255	
21793;0;0;56;54;30.0
22277	0
22277	
21820;0;0;56;54;29.0
22300	0
22300	
21844;0;0;56;54;28.0
22324	0
22324	
21868;0;0;56;54;29.0
22351	0
22351	
21892;0;0;56;54;34.0
22375	0
22375	
21916;0;0;56;54;28.0
22399	0
22399	
21940;0;0;56;54;30.0
22423	0
22423	
21967;0;0;56;54;29.0
22453	0
22453	
21992;0;0;56;54;30.0
22476	0
22476	
22017;0;0;56;54;29.0
22497	0
22497	
22041;0;0;56;54;28.0
22523	0
22523	
22066;0;0;56;54;23.0
22547	0
22547	
22090;0;0;56;54;30.0
22573	0
22573	
22114;0;0;56;54;29.0
22597	0
22597	
22139;0;0;56;54;28.0
22622	0
22622	
22166;0;0;56;54;30.0
22646	0
22646	
22190;0;0;56;54;26.0
22682	0
22682	
22218;0;0;56;54;31.0
22701	0
22701	
22242;0;0;56;54;30.0
22725	0
22725	
22266;0;0;56;54;31.0
22749	0
22749	
22290;0;0;56;54;33.0
22773	0
22773	
22317;0;0;56;54;28.0
22799	0
22799	
22342;0;0;56;54;29.0
22822	0
22822	
22366;0;0;56;54;30.0
22846	0
22846	
22390;0;0;56;54;36.0
22881	0
22881	
22415;0;0;56;54;30.0
22903	0
22903	
22442;0;0;56;54;30.0
22924	0
22924	
22466;0;0;56;54;30.0
22947	0
22947	
22490;0;0;56;54;29.0
22971	0
22971	
22515;0;0;56;54;28.0
22998	0
22998	
22540;0;0;56;54;30.0
23022	0
23022	
22565;0;0;56;54;28.0
23046	0
23046	
22590;0;0;56;54;25.0
23073	0
23073	
22615;0;0;56;54;30.0
23107	0
23107	
22647;0;0;56;54;30.0
23129	0
23129	
22671;0;0;56;54;30.0
23153	0
23153	
22695;0;0;56;54;29.0
23176	0
23176	
22720;0;0;56;54;30.0
23203	0
23203	
22745;0;0;56;54;30.0
23226	0
23226	
22769;0;0;56;54;31.0
23250	0
23250	
22793;0;0;56;54;29.0
23275	0
23275	
22818;0;0;56;54;29.0
23311	0
23311	
22843;0;0;56;54;28.0
23328	0
23328	
22868;0;0;56;54;30.0
23349	0
23349	
22893;0;0;56;54;28.0
23377	0
23377	
22919;0;0;56;54;29.0
23400	0
23400	
22943;0;0;56;54;25.0
23424	0
23424	
22967;0;0;56;54;29.0
23448	0
23448	
22992;0;0;56;54;30.0
23475	0
23475	
23017;0;0;56;54;29.0
23507	0
23507	
23041;0;0;56;54;29.0
23530	0
23530	
23069;0;0;56;54;44.0
23551	0
23551	
23093;0;0;56;54;29.0
23574	0
23574	
23117;0;0;56;54;25.0
23598	0
23598	
23141;0;0;56;54;28.0
23625	0
23625	
23166;0;0;56;54;28.0
23649	0
23649	
23191;0;0;56;54;29.0
23672	0
23672	
23215;0;0;56;54;27.0
23696	0
23696	
23240;0;0;56;54;30.0
23732	0
23732	
23265;0;0;56;54;25.0
23752	0
23752	
23289;0;0;56;54;30.0
23771	0
23771	
23314;0;0;56;54;35.0
23795	0
23795	
23339;0;0;56;54;30.0
23820	0
23820	
23363;0;0;56;54;29.0
23844	0
23844	
23387;0;0;56;54;27.0
23868	0
23868	
23411;0;0;56;54;30.0
23892	0
23892	
23436;0;0;56;54;24.0
23919	0
23919	
23461;0;0;56;54;30.0
23953	0
23953	
23492;0;0;56;54;34.0
23975	0
23975	
23517;0;0;56;54;29.0
23998	0
23998	
23541;0;0;56;54;30.0
24022	0
24022	
23566;0;0;56;54;24.0
24047	0
24047	
23591;0;0;56;54;29.0
24072	0
24072	
23615;0;0;56;54;26.0
24096	0
24096	
23639;0;0;56;54;30.0
24120	0
24120	
23663;0;0;56;54;30.0
24144	0
24144	
23688;0;0;56;54;35.0
24180	0
24180	
23724;0;0;56;54;29.0
24204	0
24204	
23748;0;0;56;54;36.0
24228	0
24228	
23772;0;0;56;54;29.0
24253	0
24253	
23796;0;0;56;54;28.0
24277	0
24277	
23820;0;0;56;54;27.0
24303	0
24303	
23844;0;0;56;54;26.0
24327	0
24327	
23869;0;0;56;54;30.0
24352	0
24352	
23896;0;0;56;54;29.0
24388	0
24388	
23920;0;0;56;54;30.0
24406	0
24406	
23945;0;0;56;54;30.0
24425	0
24425	
23969;0;0;56;54;24.0
24450	0
24450	
23993;0;0;56;54;30.0
24476	0
24476	
24017;0;0;56;54;28.0
24500	0
24500	
24041;0;0;56;54;26.0
24524	0
24524	
24066;0;0;56;54;32.0
24549	0
24549	
24093;0;0;56;54;27.0
24573	0
24573	
24117;0;0;56;54;25.0
24609	0
24609	
24141;0;0;56;54;30.0
24630	0
24630	
24166;0;0;56;54;30.0
24649	0
24649	
24190;0;0;56;54;30.0
24673	0
24673	
24214;0;0;56;54;29.0
24697	0
24697	
24238;0;0;56;54;29.0
24721	0
24721	
24265;0;0;56;54;27.0
24746	0
24746	
24290;0;0;56;54;30.0
24770	0
24770	
24314;0;0;56;54;29.0
24795	0
24795	
24338;0;0;56;54;29.0
24830	0
24830	
24362;0;0;56;54;26.0
24850	0
24850	
24387;0;0;56;54;29.0
24870	0
24870	
24412;0;0;56;54;34.0
24895	0
24895	
24437;0;0;56;54;30.0
24920	0
24920	
24464;0;0;56;54;27.0
24944	0
24944	
24488;0;0;56;54;30.0
24969	0
24969	
24513;0;0;56;54;31.0
24993	0
24993	
24537;0;0;56;54;30.0
25020	0
25020	
24561;0;0;56;54;29.0
25053	0
25053	
24585;0;0;56;54;30.0
25072	0
25072	
24612;0;0;56;54;29.0
25094	0
25094	
24638;0;0;56;54;30.0
25118	0
25118	
24662;0;0;56;54;29.0
25142	0
25142	
24686;0;0;56;54;38.0
25168	0
25168	
24710;0;0;56;54;28.0
25191	0
25191	
24734;0;0;56;54;30.0
25217	0
25217	
24758;0;0;56;54;34.0
25245	0
25245	
24782;0;0;56;54;30.0
25270	0
25270	
24811;0;0;56;54;28.0
25291	0
25291	
24835;0;0;56;54;28.0
25315	0
25315	
24859;0;0;56;54;30.0
25341	0
25341	
24884;0;0;56;54;23.0
25367	0
25367	
24908;0;0;56;54;26.0
25391	0
25391	
24932;0;0;56;54;27.0
25415	0
25415	
24957;0;0;56;54;36.0
25440	0
25440	
24984;0;0;56;54;29.0
25477	0
25477	
25008;0;0;56;54;30.0
25493	0
25493	
25033;0;0;56;54;26.0
25513	0
25513	
25057;0;0;56;54;31.0
25537	0
25537	
25081;0;0;56;54;25.0
25564	0
25564	
25105;0;0;56;54;24.0
25588	0
25588	
25129;0;0;56;54;29.0
25612	0
25612	
25153;0;0;56;54;35.0
25636	0
25636	
25180;0;0;56;54;28.0
25661	0
25661	
25205;0;0;56;54;29.0
25697	0
25697	
25229;0;0;56;54;31.0
25716	0
25716	
25253;0;0;56;54;30.0
25733	0
25733	
25277;0;0;56;54;34.0
25758	0
25758	
25301;0;0;56;54;29.0
25784	0
25784	
25325;0;0;56;54;29.0
25808	0
25808	
25349;0;0;56;54;29.0
25832	0
25832	
25374;0;0;56;54;34.0
25857	0
25857	
25401;0;0;56;54;25.0
25881	0
25881	
25425;0;0;56;54;29.0
25917	0
25917	
25456;0;0;56;54;30.0
25939	0
25939	
25480;0;0;56;54;30.0
25964	0
25964	
25507;0;0;56;54;30.0
25988	0
25988	
25532;0;0;56;54;29.0
26012	0
26012	
25556;0;0;56;54;29.0
26036	0
26036	
25580;0;0;56;54;28.0
26061	0
26061	
25604;0;0;56;54;36.0
26088	0
26088	
25629;0;0;56;54;34.0
26117	0
26117	
25654;0;0;56;54;30.0
26139	0
26139	
25682;0;0;56;54;28.0
26162	0
26162	
25706;0;0;56;54;31.0
26186	0
26186	
25730;0;0;56;54;28.0
26210	0
26210	
25754;0;0;56;54;28.0
26237	0
26237	
25778;0;0;56;54;29.0
26261	0
26261	
25802;0;0;56;54;30.0
26285	0
26285	
25826;0;0;56;54;29.0
26309	0
26309	
25853;0;0;56;54;30.0
26346	0
26346	
25882;0;0;56;54;35.0
26362	0
26362	
25906;0;0;56;54;29.0
26389	0
26389	
25930;0;0;56;54;24.0
26413	0
26413	
25954;0;0;56;54;29.0
26437	0
26437	
25978;0;0;56;54;30.0
26461	0
26461	
26005;0;0;56;54;30.0
26486	0
26486	
26030;0;0;56;54;30.0
26510	0
26510	
26054;0;0;56;54;30.0
26535	0
26535	
26079;0;0;56;54;29.0
26568	0
26568	
26106;0;0;56;54;30.0
26589	0
26589	
26131;0;0;56;54;29.0
26614	0
26614	
26156;0;0;56;54;30.0
26637	0
26637	
26181;0;0;56;54;36.0
26662	0
26662	
26206;0;0;56;54;30.0
26686	0
26686	
26230;0;0;56;54;29.0
26711	0
26711	
26254;0;0;56;54;30.0
26735	0
26735	
26278;0;0;56;54;30.0
26767	0
26767	
26302;0;0;56;54;28.0
26790	0
26790	
26329;0;0;56;54;29.0
26811	0
26811	
26355;0;0;56;54;29.0
26835	0
26835	
26379;0;0;56;54;24.0
26859	0
26859	
26403;0;0;56;54;36.0
26883	0
26883	
26427;0;0;56;54;29.0
26908	0
26908	
26451;0;0;56;54;23.0
26935	0
26935	
26476;0;0;56;54;30.0
26959	0
26959	
26501;0;0;56;54;28.0
26993	0
26993	
26535;0;0;56;54;29.0
27015	0
27015	
26559;0;0;56;54;26.0
27039	0
27039	
26583;0;0;56;54;30.0
27063	0
27063	
26607;0;0;56;54;29.0
27088	0
27088	
26631;0;0;56;54;27.0
27114	0
27114	
26655;0;0;56;54;34.0
27138	0
27138	
26679;0;0;56;54;30.0
27162	0
27162	
26704;0;0;56;54;30.0
27192	0
27192	
26731;0;0;56;54;29.0
27214	0
27214	
26756;0;0;56;54;29.0
27236	0
27236	
26780;0;0;56;54;28.0
27260	0
27260	
26804;0;0;56;54;36.0
27284	0
27284	
26828;0;0;56;54;30.0
27311	0
27311	
26852;0;0;56;54;29.0
27335	0
27335	
26876;0;0;56;54;29.0
27359	0
27359	
26900;0;0;56;54;31.0
27383	0
27383	
26927;0;0;56;54;44.0
27421	0
27421	
26953;0;0;56;54;28.0
27438	0
27438	
26978;0;0;56;54;29.0
27458	0
27458	
27002;0;0;56;54;29.0
