milliseconds	Werte
462	0
462	
6;0;0;56;54;0.0
487	0
487	
30;0;0;56;54;44.0
513	0
513	
54;0;0;56;54;44.0
538	0
538	
78;0;0;56;54;38.0
562	0
562	
102;0;0;56;54;41.0
586	0
586	
129;0;0;56;54;41.0
611	0
611	
154;0;0;56;54;41.0
647	0
647	
184;0;0;56;54;41.0
668	0
668	
208;0;0;56;54;39.0
692	0
692	
233;0;0;56;54;41.0
717	0
717	
260;0;0;56;54;41.0
741	0
741	
285;0;0;56;54;41.0
766	0
766	
309;0;0;56;54;41.0
790	0
790	
333;0;0;56;54;44.0
818	0
818	
358;0;0;56;54;41.0
851	0
851	
382;0;0;56;54;52.0
870	0
870	
408;0;0;56;54;39.0
890	0
890	
432;0;0;56;54;41.0
914	0
914	
457;0;0;56;54;44.0
941	0
941	
482;0;0;56;54;40.0
964	0
964	
506;0;0;56;54;40.0
988	0
988	
530;0;0;56;54;41.0
1012	0
1012	
554;0;0;56;54;47.0
1038	0
1038	
579;0;0;56;54;39.0
1073	0
1073	
604;0;0;56;54;41.0
1090	0
1090	
629;0;0;56;54;42.0
1111	0
1111	
654;0;0;56;54;44.0
1138	0
1138	
679;0;0;56;54;41.0
1162	0
1162	
704;0;0;56;54;30.0
1186	0
1186	
728;0;0;56;54;33.0
1212	0
1212	
753;0;0;56;54;41.0
1237	0
1237	
778;0;0;56;54;31.0
1260	0
1260	
803;0;0;56;54;41.0
1298	0
1298	
833;0;0;56;54;39.0
1315	0
1315	
857;0;0;56;54;62.0
1341	0
1341	
881;0;0;56;54;44.0
1365	0
1365	
906;0;0;56;54;51.0
1390	0
1390	
933;0;0;56;54;41.0
1414	0
1414	
957;0;0;56;54;39.0
1438	0
1438	
981;0;0;56;54;39.0
1462	0
1462	
1005;0;0;56;54;39.0
1487	0
1487	
1029;0;0;56;54;44.0
1520	0
1520	
1060;0;0;56;54;41.0
1544	0
1544	
1087;0;0;56;54;41.0
1568	0
1568	
1111;0;0;56;54;41.0
1592	0
1592	
1135;0;0;56;54;41.0
1616	0
1616	
1159;0;0;56;54;41.0
1643	0
1643	
1183;0;0;56;54;41.0
1667	0
1667	
1207;0;0;56;54;54.0
1691	0
1691	
1231;0;0;56;54;40.0
1715	0
1715	
1258;0;0;56;54;39.0
1744	0
1744	
1286;0;0;56;54;41.0
1767	0
1767	
1310;0;0;56;54;44.0
1791	0
1791	
1334;0;0;56;54;51.0
1816	0
1816	
1358;0;0;56;54;44.0
1842	0
1842	
1382;0;0;56;54;41.0
1866	0
1866	
1406;0;0;56;54;34.0
1890	0
1890	
1431;0;0;56;54;44.0
1915	0
1915	
1458;0;0;56;54;54.0
1952	0
1952	
1482;0;0;56;54;41.0
1968	0
1968	
1507;0;0;56;54;32.0
1988	0
1988	
1531;0;0;56;54;43.0
2012	0
2012	
1555;0;0;56;54;39.0
2039	0
2039	
1579;0;0;56;54;41.0
2063	0
2063	
1603;0;0;56;54;39.0
2087	0
2087	
1627;0;0;56;54;42.0
2111	0
2111	
1654;0;0;56;54;44.0
2136	0
2136	
1679;0;0;56;54;51.0
2172	0
2172	
1710;0;0;56;54;52.0
2194	0
2194	
1734;0;0;56;54;41.0
2218	0
2218	
1761;0;0;56;54;41.0
2243	0
2243	
1786;0;0;56;54;44.0
2267	0
2267	
1810;0;0;56;54;38.0
2291	0
2291	
1834;0;0;56;54;41.0
2316	0
2316	
1858;0;0;56;54;41.0
2342	0
2342	
1882;0;0;56;54;41.0
2371	0
2371	
1906;0;0;56;54;41.0
2393	0
2393	
1935;0;0;56;54;41.0
2416	0
2416	
1959;0;0;56;54;43.0
2440	0
2440	
1983;0;0;56;54;35.0
2464	0
2464	
2007;0;0;56;54;41.0
2489	0
2489	
2031;0;0;56;54;38.0
2515	0
2515	
2055;0;0;56;54;46.0
2539	0
2539	
2079;0;0;56;54;44.0
2563	0
2563	
2104;0;0;56;54;41.0
2600	0
2600	
2131;0;0;56;54;41.0
2615	0
2615	
2155;0;0;56;54;38.0
2636	0
2636	
2179;0;0;56;54;39.0
2660	0
2660	
2203;0;0;56;54;41.0
2685	0
2685	
2227;0;0;56;54;39.0
2711	0
2711	
2251;0;0;56;54;39.0
2735	0
2735	
2275;0;0;56;54;47.0
2759	0
2759	
2300;0;0;56;54;47.0
2784	0
2784	
2327;0;0;56;54;41.0
2820	0
2820	
2355;0;0;56;54;40.0
2840	0
2840	
2380;0;0;56;54;41.0
2864	0
2864	
2404;0;0;56;54;39.0
2888	0
2888	
2428;0;0;56;54;39.0
2912	0
2912	
2455;0;0;56;54;44.0
2937	0
2937	
2480;0;0;56;54;44.0
2962	0
2962	
2505;0;0;56;54;58.0
2986	0
2986	
2529;0;0;56;54;54.0
3020	0
3020	
2553;0;0;56;54;40.0
3040	0
3040	
2578;0;0;56;54;40.0
3062	0
3062	
2602;0;0;56;54;41.0
3087	0
3087	
2630;0;0;56;54;42.0
3111	0
3111	
2654;0;0;56;54;41.0
3135	0
3135	
2678;0;0;56;54;36.0
3159	0
3159	
2702;0;0;56;54;38.0
3184	0
3184	
2726;0;0;56;54;50.0
3210	0
3210	
2750;0;0;56;54;41.0
3243	0
3243	
2774;0;0;56;54;51.0
3263	0
3263	
2800;0;0;56;54;33.0
3283	0
3283	
2824;0;0;56;54;40.0
3306	0
3306	
2849;0;0;56;54;41.0
3331	0
3331	
2874;0;0;56;54;41.0
3358	0
3358	
2899;0;0;56;54;36.0
3381	0
3381	
2923;0;0;56;54;36.0
3407	0
3407	
2947;0;0;56;54;47.0
3432	0
3432	
2973;0;0;56;54;41.0
3461	0
3461	
3004;0;0;56;54;33.0
3485	0
3485	
3028;0;0;56;54;41.0
3510	0
3510	
3052;0;0;56;54;43.0
3534	0
3534	
3076;0;0;56;54;52.0
3560	0
3560	
3100;0;0;56;54;41.0
3584	0
3584	
3125;0;0;56;54;43.0
3609	0
3609	
3152;0;0;56;54;47.0
3633	0
3633	
3176;0;0;56;54;41.0
3668	0
3668	
3200;0;0;56;54;44.0
3686	0
3686	
3224;0;0;56;54;41.0
3707	0
3707	
3249;0;0;56;54;44.0
3733	0
3733	
3273;0;0;56;54;41.0
3757	0
3757	
3298;0;0;56;54;35.0
3782	0
3782	
3325;0;0;56;54;37.0
3806	0
3806	
3349;0;0;56;54;41.0
3830	0
3830	
3373;0;0;56;54;46.0
3856	0
3856	
3398;0;0;56;54;43.0
3890	0
3890	
3422;0;0;56;54;41.0
3910	0
3910	
3446;0;0;56;54;41.0
3930	0
3930	
3471;0;0;56;54;40.0
3955	0
3955	
3498;0;0;56;54;40.0
3979	0
3979	
3522;0;0;56;54;41.0
4003	0
4003	
3546;0;0;56;54;33.0
4027	0
4027	
3570;0;0;56;54;37.0
4054	0
4054	
3594;0;0;56;54;38.0
4082	0
4082	
3618;0;0;56;54;41.0
4105	0
4105	
3645;0;0;56;54;41.0
4129	0
4129	
3672;0;0;56;54;41.0
4153	0
4153	
3696;0;0;56;54;31.0
4178	0
4178	
3721;0;0;56;54;37.0
4202	0
4202	
3745;0;0;56;54;41.0
4229	0
4229	
3769;0;0;56;54;41.0
4253	0
4253	
3793;0;0;56;54;49.0
4277	0
4277	
3817;0;0;56;54;55.0
4306	0
4306	
3844;0;0;56;54;43.0
4328	0
4328	
3870;0;0;56;54;43.0
4351	0
4351	
3894;0;0;56;54;41.0
4375	0
4375	
3918;0;0;56;54;54.0
4399	0
4399	
3942;0;0;56;54;41.0
4426	0
4426	
3966;0;0;56;54;51.0
4450	0
4450	
3990;0;0;56;54;41.0
4474	0
4474	
4014;0;0;56;54;39.0
4498	0
4498	
4041;0;0;56;54;42.0
4540	0
4540	
4066;0;0;56;54;40.0
4552	0
4552	
4090;0;0;56;54;32.0
4572	0
4572	
4115;0;0;56;54;41.0
4596	0
4596	
4139;0;0;56;54;40.0
4623	0
4623	
4163;0;0;56;54;41.0
4647	0
4647	
4187;0;0;56;54;41.0
4671	0
4671	
4211;0;0;56;54;39.0
4695	0
4695	
4238;0;0;56;54;41.0
4720	0
4720	
4263;0;0;56;54;51.0
4756	0
4756	
4294;0;0;56;54;51.0
4778	0
4778	
4318;0;0;56;54;44.0
4802	0
4802	
4345;0;0;56;54;44.0
4827	0
4827	
4370;0;0;56;54;41.0
4851	0
4851	
4394;0;0;56;54;44.0
4875	0
4875	
4418;0;0;56;54;41.0
4899	0
4899	
4442;0;0;56;54;41.0
4926	0
4926	
4466;0;0;56;54;40.0
4958	0
4958	
4490;0;0;56;54;41.0
4979	0
4979	
4514;0;0;56;54;44.0
4998	0
4998	
4539;0;0;56;54;41.0
5023	0
5023	
4564;0;0;56;54;40.0
5047	0
5047	
4590;0;0;56;54;43.0
5071	0
5071	
4614;0;0;56;54;41.0
5095	0
5095	
4638;0;0;56;54;33.0
5120	0
5120	
4662;0;0;56;54;39.0
5146	0
5146	
4686;0;0;56;54;43.0
5175	0
5175	
4710;0;0;56;54;44.0
5198	0
5198	
4739;0;0;56;54;41.0
5220	0
5220	
4763;0;0;56;54;41.0
5244	0
5244	
4787;0;0;56;54;41.0
5268	0
5268	
4811;0;0;56;54;39.0
5295	0
5295	
4835;0;0;56;54;41.0
5319	0
5319	
4859;0;0;56;54;40.0
5343	0
5343	
4883;0;0;56;54;40.0
5367	0
5367	
4910;0;0;56;54;44.0
5404	0
5404	
4939;0;0;56;54;43.0
5420	0
5420	
4963;0;0;56;54;36.0
5447	0
5447	
4987;0;0;56;54;40.0
5471	0
5471	
5011;0;0;56;54;42.0
5495	0
5495	
5035;0;0;56;54;40.0
5519	0
5519	
5062;0;0;56;54;40.0
5544	0
5544	
5087;0;0;56;54;44.0
5568	0
5568	
5111;0;0;56;54;42.0
5603	0
5603	
5135;0;0;56;54;31.0
5623	0
5623	
5159;0;0;56;54;41.0
5641	0
5641	
5183;0;0;56;54;38.0
5667	0
5667	
5208;0;0;56;54;41.0
5692	0
5692	
5233;0;0;56;54;40.0
5717	0
5717	
5260;0;0;56;54;41.0
5741	0
5741	
5284;0;0;56;54;39.0
5765	0
5765	
5309;0;0;56;54;35.0
5790	0
5790	
5333;0;0;56;54;58.0
5826	0
5826	
5357;0;0;56;54;39.0
5845	0
5845	
5381;0;0;56;54;44.0
5865	0
5865	
5405;0;0;56;54;44.0
5889	0
5889	
5430;0;0;56;54;44.0
5914	0
5914	
5457;0;0;56;54;44.0
5938	0
5938	
5481;0;0;56;54;44.0
5962	0
5962	
5505;0;0;56;54;38.0
5986	0
5986	
5529;0;0;56;54;36.0
6013	0
6013	
5553;0;0;56;54;43.0
6046	0
6046	
5584;0;0;56;54;41.0
6068	0
6068	
5611;0;0;56;54;40.0
6092	0
6092	
5635;0;0;56;54;41.0
6116	0
6116	
5659;0;0;56;54;41.0
6140	0
6140	
5683;0;0;56;54;41.0
6167	0
6167	
5707;0;0;56;54;41.0
6191	0
6191	
5731;0;0;56;54;41.0
6215	0
6215	
5755;0;0;56;54;44.0
6241	0
6241	
5780;0;0;56;54;46.0
6267	0
6267	
5809;0;0;56;54;41.0
6291	0
6291	
5834;0;0;56;54;39.0
6315	0
6315	
5858;0;0;56;54;41.0
6339	0
6339	
5882;0;0;56;54;41.0
6366	0
6366	
5906;0;0;56;54;51.0
6390	0
6390	
5930;0;0;56;54;41.0
6415	0
6415	
5956;0;0;56;54;35.0
6440	0
6440	
5983;0;0;56;54;46.0
6481	0
6481	
6007;0;0;56;54;41.0
6492	0
6492	
6031;0;0;56;54;41.0
6513	0
6513	
6055;0;0;56;54;67.0
6536	0
6536	
6079;0;0;56;54;41.0
6563	0
6563	
6103;0;0;56;54;39.0
6587	0
6587	
6127;0;0;56;54;39.0
6611	0
6611	
6151;0;0;56;54;41.0
6635	0
6635	
6178;0;0;56;54;31.0
6660	0
6660	
6203;0;0;56;54;47.0
6691	0
6691	
6233;0;0;56;54;41.0
6715	0
6715	
6257;0;0;56;54;41.0
6739	0
6739	
6281;0;0;56;54;33.0
6765	0
6765	
6306;0;0;56;54;41.0
6790	0
6790	
6331;0;0;56;54;41.0
6813	0
6813	
6356;0;0;56;54;39.0
6838	0
6838	
6381;0;0;56;54;41.0
6865	0
6865	
6406;0;0;56;54;43.0
6897	0
6897	
6430;0;0;56;54;47.0
6918	0
6918	
6456;0;0;56;54;41.0
6940	0
6940	
6481;0;0;56;54;41.0
6963	0
6963	
6506;0;0;56;54;42.0
6989	0
6989	
6532;0;0;56;54;40.0
7013	0
7013	
6556;0;0;56;54;41.0
7038	0
7038	
6580;0;0;56;54;41.0
7062	0
7062	
6604;0;0;56;54;39.0
7088	0
7088	
6628;0;0;56;54;41.0
7123	0
7123	
6654;0;0;56;54;41.0
7140	0
7140	
6679;0;0;56;54;41.0
7161	0
7161	
6704;0;0;56;54;51.0
7186	0
7186	
6729;0;0;56;54;31.0
7211	0
7211	
6753;0;0;56;54;44.0
7235	0
7235	
6777;0;0;56;54;41.0
7259	0
7259	
6801;0;0;56;54;41.0
7285	0
7285	
6826;0;0;56;54;39.0
7310	0
7310	
6851;0;0;56;54;47.0
7338	0
7338	
6876;0;0;56;54;39.0
7364	0
7364	
6903;0;0;56;54;51.0
7385	0
7385	
6927;0;0;56;54;44.0
7409	0
7409	
6951;0;0;56;54;41.0
7433	0
7433	
6975;0;0;56;54;35.0
7459	0
7459	
7000;0;0;56;54;41.0
7484	0
7484	
7025;0;0;56;54;41.0
7507	0
7507	
7050;0;0;56;54;38.0
7532	0
7532	
7075;0;0;56;54;39.0
7560	0
7560	
7099;0;0;56;54;51.0
7588	0
7588	
7126;0;0;56;54;40.0
7610	0
7610	
7151;0;0;56;54;51.0
7635	0
7635	
7178;0;0;56;54;39.0
7659	0
7659	
7202;0;0;56;54;41.0
7684	0
7684	
7226;0;0;56;54;41.0
7707	0
7707	
7250;0;0;56;54;41.0
7732	0
7732	
7274;0;0;56;54;38.0
7758	0
7758	
7298;0;0;56;54;44.0
7784	0
7784	
7322;0;0;56;54;41.0
7811	0
7811	
7352;0;0;56;54;41.0
7834	0
7834	
7377;0;0;56;54;43.0
7858	0
7858	
7401;0;0;56;54;44.0
7882	0
7882	
7425;0;0;56;54;41.0
7909	0
7909	
7449;0;0;56;54;41.0
7933	0
7933	
7473;0;0;56;54;41.0
7958	0
7958	
7501;0;0;56;54;41.0
7983	0
7983	
7526;0;0;56;54;44.0
8007	0
8007	
7550;0;0;56;54;42.0
8037	0
8037	
7577;0;0;56;54;44.0
8059	0
8059	
7601;0;0;56;54;41.0
8085	0
8085	
7625;0;0;56;54;44.0
8109	0
8109	
7649;0;0;56;54;38.0
8133	0
8133	
7674;0;0;56;54;44.0
8158	0
8158	
7701;0;0;56;54;41.0
8183	0
8183	
7726;0;0;56;54;41.0
8207	0
8207	
7750;0;0;56;54;41.0
8231	0
8231	
7774;0;0;56;54;44.0
8261	0
8261	
7802;0;0;56;54;44.0
8286	0
8286	
7829;0;0;56;54;40.0
8311	0
8311	
7854;0;0;56;54;41.0
8335	0
8335	
7878;0;0;56;54;35.0
8359	0
8359	
7902;0;0;56;54;42.0
8384	0
8384	
7926;0;0;56;54;40.0
8410	0
8410	
7950;0;0;56;54;41.0
8434	0
8434	
7974;0;0;56;54;41.0
8458	0
8458	
7999;0;0;56;54;39.0
8492	0
8492	
8035;0;0;56;54;41.0
8518	0
8518	
8059;0;0;56;54;31.0
8541	0
8541	
8083;0;0;56;54;41.0
8565	0
8565	
8107;0;0;56;54;50.0
8591	0
8591	
8131;0;0;56;54;39.0
8615	0
8615	
8156;0;0;56;54;42.0
8640	0
8640	
8183;0;0;56;54;38.0
8664	0
8664	
8207;0;0;56;54;43.0
8699	0
8699	
8231;0;0;56;54;51.0
8718	0
8718	
8255;0;0;56;54;51.0
8736	0
8736	
8279;0;0;56;54;33.0
8764	0
8764	
8304;0;0;56;54;41.0
8788	0
8788	
8328;0;0;56;54;40.0
8812	0
8812	
8353;0;0;56;54;41.0
8837	0
8837	
8380;0;0;56;54;43.0
8861	0
8861	
8404;0;0;56;54;40.0
8885	0
8885	
8428;0;0;56;54;40.0
8920	0
8920	
8452;0;0;56;54;41.0
8940	0
8940	
8476;0;0;56;54;43.0
8960	0
8960	
8500;0;0;56;54;39.0
8984	0
8984	
8525;0;0;56;54;40.0
9009	0
9009	
8552;0;0;56;54;38.0
9033	0
9033	
8576;0;0;56;54;41.0
9057	0
9057	
8600;0;0;56;54;42.0
9083	0
9083	
8625;0;0;56;54;41.0
9109	0
9109	
8649;0;0;56;54;43.0
9140	0
9140	
8673;0;0;56;54;39.0
9161	0
9161	
8699;0;0;56;54;41.0
9182	0
9182	
8724;0;0;56;54;41.0
9206	0
9206	
8749;0;0;56;54;34.0
9230	0
9230	
8773;0;0;56;54;41.0
9255	0
9255	
8797;0;0;56;54;39.0
9280	0
9280	
8822;0;0;56;54;51.0
9306	0
9306	
8847;0;0;56;54;41.0
9331	0
9331	
8872;0;0;56;54;43.0
9365	0
9365	
8898;0;0;56;54;40.0
9387	0
9387	
8924;0;0;56;54;41.0
9405	0
9405	
8948;0;0;56;54;40.0
9430	0
9430	
8972;0;0;56;54;41.0
9454	0
9454	
8996;0;0;56;54;41.0
9480	0
9480	
9020;0;0;56;54;38.0
9504	0
9504	
9045;0;0;56;54;49.0
9529	0
9529	
9072;0;0;56;54;44.0
9553	0
9553	
9096;0;0;56;54;44.0
9590	0
9590	
9120;0;0;56;54;41.0
9607	0
9607	
9145;0;0;56;54;55.0
9628	0
9628	
9170;0;0;56;54;41.0
9654	0
9654	
9194;0;0;56;54;41.0
9679	0
9679	
9218;0;0;56;54;39.0
9702	0
9702	
9243;0;0;56;54;41.0
9727	0
9727	
9270;0;0;56;54;41.0
9752	0
9752	
9295;0;0;56;54;43.0
9788	0
9788	
9319;0;0;56;54;40.0
9808	0
9808	
9344;0;0;56;54;43.0
9826	0
9826	
9368;0;0;56;54;40.0
9852	0
9852	
9392;0;0;56;54;40.0
9876	0
9876	
9416;0;0;56;54;39.0
9900	0
9900	
9441;0;0;56;54;36.0
9925	0
9925	
9468;0;0;56;54;41.0
9949	0
9949	
9492;0;0;56;54;31.0
9973	0
9973	
9516;0;0;56;54;30.0
10009	0
10009	
9540;0;0;56;54;41.0
10028	0
10028	
9564;0;0;56;54;41.0
10048	0
10048	
9588;0;0;56;54;51.0
10072	0
10072	
9612;0;0;56;54;41.0
10096	0
10096	
9637;0;0;56;54;41.0
10121	0
10121	
9664;0;0;56;54;36.0
10145	0
10145	
9688;0;0;56;54;39.0
10169	0
10169	
9712;0;0;56;54;39.0
10193	0
10193	
9736;0;0;56;54;41.0
10229	0
10229	
9764;0;0;56;54;41.0
10249	0
10249	
9790;0;0;56;54;41.0
10274	0
10274	
9817;0;0;56;54;41.0
10298	0
10298	
9841;0;0;56;54;42.0
10322	0
10322	
9865;0;0;56;54;44.0
10346	0
10346	
9889;0;0;56;54;44.0
10373	0
10373	
9913;0;0;56;54;58.0
10397	0
10397	
9937;0;0;56;54;41.0
10421	0
10421	
9961;0;0;56;54;41.0
10454	0
10454	
9993;0;0;56;54;40.0
10476	0
10476	
10019;0;0;56;54;41.0
10500	0
10500	
10043;0;0;56;54;41.0
10524	0
10524	
10067;0;0;56;54;39.0
10549	0
10549	
10091;0;0;56;54;38.0
10573	0
10573	
10115;0;0;56;54;38.0
10599	0
10599	
10139;0;0;56;54;43.0
10623	0
10623	
10164;0;0;56;54;41.0
10654	0
10654	
10191;0;0;56;54;44.0
10675	0
10675	
10216;0;0;56;54;39.0
10697	0
10697	
10240;0;0;56;54;41.0
10721	0
10721	
10264;0;0;56;54;44.0
10746	0
10746	
10288;0;0;56;54;40.0
10772	0
10772	
10312;0;0;56;54;41.0
10796	0
10796	
10336;0;0;56;54;47.0
10820	0
10820	
10361;0;0;56;54;56.0
10846	0
10846	
10388;0;0;56;54;40.0
10881	0
10881	
10419;0;0;56;54;44.0
10903	0
10903	
10443;0;0;56;54;41.0
10927	0
10927	
10467;0;0;56;54;65.0
10951	0
10951	
10494;0;0;56;54;40.0
10976	0
10976	
10519;0;0;56;54;39.0
11000	0
11000	
10543;0;0;56;54;51.0
11024	0
11024	
10567;0;0;56;54;47.0
11049	0
11049	
10591;0;0;56;54;41.0
11084	0
11084	
10615;0;0;56;54;39.0
11104	0
11104	
10639;0;0;56;54;43.0
11123	0
11123	
10664;0;0;56;54;41.0
11148	0
11148	
10691;0;0;56;54;50.0
11172	0
11172	
10715;0;0;56;54;41.0
11196	0
11196	
10739;0;0;56;54;40.0
11220	0
11220	
10763;0;0;56;54;39.0
11247	0
11247	
10787;0;0;56;54;43.0
11271	0
11271	
10811;0;0;56;54;41.0
11305	0
11305	
10844;0;0;56;54;38.0
11326	0
11326	
10869;0;0;56;54;41.0
11350	0
11350	
10893;0;0;56;54;39.0
11374	0
11374	
10917;0;0;56;54;44.0
11399	0
11399	
10941;0;0;56;54;39.0
11423	0
11423	
10965;0;0;56;54;38.0
11449	0
11449	
10989;0;0;56;54;38.0
11473	0
11473	
11014;0;0;56;54;43.0
11504	0
11504	
11041;0;0;56;54;52.0
11525	0
11525	
11066;0;0;56;54;41.0
11547	0
11547	
11090;0;0;56;54;41.0
11571	0
11571	
11114;0;0;56;54;41.0
11596	0
11596	
11138;0;0;56;54;44.0
11622	0
11622	
11162;0;0;56;54;51.0
11646	0
11646	
11186;0;0;56;54;41.0
11670	0
11670	
11211;0;0;56;54;41.0
11699	0
11699	
11238;0;0;56;54;41.0
11723	0
11723	
11264;0;0;56;54;40.0
11745	0
11745	
11288;0;0;56;54;44.0
11769	0
11769	
11312;0;0;56;54;51.0
11795	0
11795	
11337;0;0;56;54;41.0
11821	0
11821	
11361;0;0;56;54;44.0
11845	0
11845	
11386;0;0;56;54;40.0
11870	0
11870	
11413;0;0;56;54;44.0
11894	0
11894	
11437;0;0;56;54;54.0
11929	0
11929	
11465;0;0;56;54;56.0
11947	0
11947	
11489;0;0;56;54;43.0
11973	0
11973	
11513;0;0;56;54;41.0
11997	0
11997	
11537;0;0;56;54;39.0
12021	0
12021	
11562;0;0;56;54;44.0
12046	0
12046	
11589;0;0;56;54;40.0
12070	0
12070	
11613;0;0;56;54;41.0
12094	0
12094	
11637;0;0;56;54;41.0
12130	0
12130	
11661;0;0;56;54;41.0
12149	0
12149	
11685;0;0;56;54;41.0
12170	0
12170	
11710;0;0;56;54;39.0
12194	0
12194	
11735;0;0;56;54;39.0
12219	0
12219	
11762;0;0;56;54;41.0
12243	0
12243	
11786;0;0;56;54;41.0
12267	0
12267	
11810;0;0;56;54;41.0
12293	0
12293	
11835;0;0;56;54;41.0
12323	0
12323	
11859;0;0;56;54;41.0
12346	0
12346	
11886;0;0;56;54;41.0
12370	0
12370	
11913;0;0;56;54;41.0
12394	0
12394	
11937;0;0;56;54;41.0
12418	0
12418	
11961;0;0;56;54;41.0
12442	0
12442	
11985;0;0;56;54;39.0
12469	0
12469	
12009;0;0;56;54;41.0
12493	0
12493	
12034;0;0;56;54;41.0
12518	0
12518	
12061;0;0;56;54;41.0
12555	0
12555	
12090;0;0;56;54;46.0
12571	0
12571	
12114;0;0;56;54;44.0
12598	0
12598	
12138;0;0;56;54;40.0
12622	0
12622	
12162;0;0;56;54;39.0
12646	0
12646	
12186;0;0;56;54;41.0
12670	0
12670	
12213;0;0;56;54;41.0
12695	0
12695	
12238;0;0;56;54;31.0
12719	0
12719	
12262;0;0;56;54;32.0
12755	0
12755	
12286;0;0;56;54;44.0
12775	0
12775	
12311;0;0;56;54;42.0
12795	0
12795	
12336;0;0;56;54;43.0
12820	0
12820	
12360;0;0;56;54;41.0
12845	0
12845	
12385;0;0;56;54;37.0
12869	0
12869	
12412;0;0;56;54;41.0
12893	0
12893	
12437;0;0;56;54;41.0
12918	0
12918	
12461;0;0;56;54;41.0
12942	0
12942	
12485;0;0;56;54;39.0
12978	0
12978	
12517;0;0;56;54;44.0
13001	0
13001	
12544;0;0;56;54;41.0
13025	0
13025	
12568;0;0;56;54;41.0
13049	0
13049	
12592;0;0;56;54;41.0
13073	0
13073	
12616;0;0;56;54;40.0
13100	0
13100	
12641;0;0;56;54;41.0
13125	0
13125	
12665;0;0;56;54;41.0
13149	0
13149	
12690;0;0;56;54;41.0
13181	0
13181	
12717;0;0;56;54;46.0
13202	0
13202	
12741;0;0;56;54;44.0
13222	0
13222	
12765;0;0;56;54;39.0
13246	0
13246	
12789;0;0;56;54;54.0
13271	0
13271	
12813;0;0;56;54;41.0
13297	0
13297	
12838;0;0;56;54;44.0
13322	0
13322	
12863;0;0;56;54;35.0
13347	0
13347	
12890;0;0;56;54;41.0
13376	0
13376	
12914;0;0;56;54;38.0
13399	0
13399	
12939;0;0;56;54;48.0
13420	0
13420	
12963;0;0;56;54;44.0
13444	0
13444	
12987;0;0;56;54;41.0
13471	0
13471	
13011;0;0;56;54;39.0
13495	0
13495	
13035;0;0;56;54;40.0
13519	0
13519	
13059;0;0;56;54;43.0
13543	0
13543	
13086;0;0;56;54;51.0
13568	0
13568	
13111;0;0;56;54;39.0
13609	0
13609	
13135;0;0;56;54;36.0
13624	0
13624	
13159;0;0;56;54;46.0
13640	0
13640	
13183;0;0;56;54;47.0
13665	0
13665	
13207;0;0;56;54;41.0
13691	0
13691	
13231;0;0;56;54;44.0
13715	0
13715	
13255;0;0;56;54;44.0
13739	0
13739	
13280;0;0;56;54;40.0
13764	0
13764	
13307;0;0;56;54;44.0
13800	0
13800	
13331;0;0;56;54;33.0
13816	0
13816	
13356;0;0;56;54;36.0
13837	0
13837	
13380;0;0;56;54;43.0
13863	0
13863	
13405;0;0;56;54;41.0
13889	0
13889	
13429;0;0;56;54;41.0
13913	0
13913	
13453;0;0;56;54;39.0
13937	0
13937	
13478;0;0;56;54;44.0
13962	0
13962	
13505;0;0;56;54;41.0
13987	0
13987	
13530;0;0;56;54;39.0
14016	0
14016	
13558;0;0;56;54;41.0
14039	0
14039	
13582;0;0;56;54;39.0
14064	0
14064	
13606;0;0;56;54;46.0
14090	0
14090	
13630;0;0;56;54;39.0
14114	0
14114	
13654;0;0;56;54;41.0
14138	0
14138	
13679;0;0;56;54;39.0
14163	0
14163	
13706;0;0;56;54;41.0
14187	0
14187	
13730;0;0;56;54;33.0
14224	0
14224	
13755;0;0;56;54;43.0
14244	0
14244	
13779;0;0;56;54;35.0
14264	0
14264	
13803;0;0;56;54;29.0
14287	0
14287	
13827;0;0;56;54;45.0
14311	0
14311	
13851;0;0;56;54;51.0
14335	0
14335	
13876;0;0;56;54;38.0
14360	0
14360	
13903;0;0;56;54;41.0
14384	0
14384	
13927;0;0;56;54;54.0
14408	0
14408	
13951;0;0;56;54;51.0
14437	0
14437	
13978;0;0;56;54;44.0
14462	0
14462	
14002;0;0;56;54;41.0
14486	0
14486	
14027;0;0;56;54;36.0
14511	0
14511	
14054;0;0;56;54;40.0
14535	0
14535	
14078;0;0;56;54;39.0
14560	0
14560	
14103;0;0;56;54;55.0
14584	0
14584	
14127;0;0;56;54;41.0
14609	0
14609	
14151;0;0;56;54;41.0
14644	0
14644	
14175;0;0;56;54;39.0
14662	0
14662	
14199;0;0;56;54;41.0
14683	0
14683	
14224;0;0;56;54;33.0
14708	0
14708	
14251;0;0;56;54;43.0
14732	0
14732	
14275;0;0;56;54;41.0
14756	0
14756	
14299;0;0;56;54;40.0
14780	0
14780	
14323;0;0;56;54;29.0
14807	0
14807	
14348;0;0;56;54;41.0
14833	0
14833	
14372;0;0;56;54;41.0
14865	0
14865	
14404;0;0;56;54;41.0
14886	0
14886	
14429;0;0;56;54;40.0
14910	0
14910	
14453;0;0;56;54;41.0
14934	0
14934	
14477;0;0;56;54;44.0
14959	0
14959	
14501;0;0;56;54;41.0
14983	0
14983	
14525;0;0;56;54;40.0
15009	0
15009	
14550;0;0;56;54;43.0
15034	0
15034	
14575;0;0;56;54;40.0
15062	0
15062	
14600;0;0;56;54;41.0
15088	0
15088	
14627;0;0;56;54;41.0
15109	0
15109	
14651;0;0;56;54;41.0
15133	0
15133	
14675;0;0;56;54;41.0
15160	0
15160	
14701;0;0;56;54;41.0
15185	0
15185	
14726;0;0;56;54;41.0
15209	0
15209	
14752;0;0;56;54;41.0
15233	0
15233	
14776;0;0;56;54;51.0
15257	0
15257	
14800;0;0;56;54;33.0
15291	0
15291	
14824;0;0;56;54;41.0
15313	0
15313	
14850;0;0;56;54;41.0
15334	0
15334	
14875;0;0;56;54;38.0
15359	0
15359	
14902;0;0;56;54;41.0
15383	0
15383	
14926;0;0;56;54;41.0
15407	0
15407	
14951;0;0;56;54;51.0
15432	0
15432	
14975;0;0;56;54;41.0
15457	0
15457	
14999;0;0;56;54;44.0
15483	0
15483	
15023;0;0;56;54;43.0
15514	0
15514	
15047;0;0;56;54;41.0
15537	0
15537	
15076;0;0;56;54;39.0
15557	0
15557	
15100;0;0;56;54;39.0
15581	0
15581	
15124;0;0;56;54;41.0
15605	0
15605	
15148;0;0;56;54;51.0
15630	0
15630	
15172;0;0;56;54;42.0
15656	0
15656	
15196;0;0;56;54;41.0
15680	0
15680	
15220;0;0;56;54;43.0
15704	0
15704	
15245;0;0;56;54;40.0
15736	0
15736	
15272;0;0;56;54;40.0
15757	0
15757	
15296;0;0;56;54;41.0
15778	0
15778	
15321;0;0;56;54;40.0
15802	0
15802	
15345;0;0;56;54;32.0
15827	0
15827	
15369;0;0;56;54;41.0
15853	0
15853	
15393;0;0;56;54;41.0
15877	0
15877	
15417;0;0;56;54;51.0
15902	0
15902	
15445;0;0;56;54;41.0
15926	0
15926	
15469;0;0;56;54;41.0
15962	0
15962	
15497;0;0;56;54;41.0
15981	0
15981	
15521;0;0;56;54;52.0
16006	0
16006	
15545;0;0;56;54;51.0
16029	0
16029	
15569;0;0;56;54;44.0
16053	0
16053	
15596;0;0;56;54;39.0
16078	0
16078	
15621;0;0;56;54;42.0
16102	0
16102	
15645;0;0;56;54;39.0
16127	0
16127	
15670;0;0;56;54;44.0
16162	0
16162	
15694;0;0;56;54;41.0
16181	0
16181	
15718;0;0;56;54;40.0
16202	0
16202	
15742;0;0;56;54;47.0
16226	0
16226	
15767;0;0;56;54;39.0
16252	0
16252	
15795;0;0;56;54;36.0
16276	0
16276	
15819;0;0;56;54;39.0
16300	0
16300	
15843;0;0;56;54;43.0
16324	0
16324	
15867;0;0;56;54;41.0
16351	0
16351	
15891;0;0;56;54;41.0
16383	0
16383	
15926;0;0;56;54;41.0
16409	0
16409	
15951;0;0;56;54;39.0
16432	0
16432	
15975;0;0;56;54;44.0
16456	0
16456	
15999;0;0;56;54;46.0
16481	0
16481	
16023;0;0;56;54;40.0
16507	0
16507	
16047;0;0;56;54;44.0
16531	0
16531	
16071;0;0;56;54;33.0
16555	0
16555	
16096;0;0;56;54;43.0
16585	0
16585	
16123;0;0;56;54;44.0
16609	0
16609	
16148;0;0;56;54;41.0
16629	0
16629	
16172;0;0;56;54;38.0
16653	0
16653	
16196;0;0;56;54;51.0
16678	0
16678	
16220;0;0;56;54;47.0
16704	0
16704	
16244;0;0;56;54;54.0
16728	0
16728	
16268;0;0;56;54;41.0
16752	0
16752	
16293;0;0;56;54;51.0
16779	0
16779	
16320;0;0;56;54;44.0
16804	0
16804	
16346;0;0;56;54;41.0
16827	0
16827	
16370;0;0;56;54;41.0
16851	0
16851	
16394;0;0;56;54;35.0
16876	0
16876	
16418;0;0;56;54;39.0
16900	0
16900	
16442;0;0;56;54;41.0
16926	0
16926	
16466;0;0;56;54;41.0
16950	0
16950	
16491;0;0;56;54;43.0
16975	0
16975	
16518;0;0;56;54;41.0
17012	0
17012	
16542;0;0;56;54;43.0
17028	0
17028	
16567;0;0;56;54;53.0
17048	0
17048	
16591;0;0;56;54;43.0
17072	0
17072	
16615;0;0;56;54;39.0
17099	0
17099	
16639;0;0;56;54;47.0
17123	0
17123	
16664;0;0;56;54;43.0
17148	0
17148	
16691;0;0;56;54;42.0
17174	0
17174	
16716;0;0;56;54;40.0
17200	0
17200	
16740;0;0;56;54;41.0
17227	0
17227	
16764;0;0;56;54;41.0
17245	0
17245	
16788;0;0;56;54;54.0
17270	0
17270	
16812;0;0;56;54;41.0
17296	0
17296	
16836;0;0;56;54;36.0
17320	0
17320	
16861;0;0;56;54;44.0
17345	0
17345	
16888;0;0;56;54;55.0
17369	0
17369	
16912;0;0;56;54;31.0
17393	0
17393	
16936;0;0;56;54;41.0
17430	0
17430	
16965;0;0;56;54;43.0
17449	0
17449	
16989;0;0;56;54;44.0
17473	0
17473	
17014;0;0;56;54;41.0
17498	0
17498	
17041;0;0;56;54;39.0
17522	0
17522	
17065;0;0;56;54;51.0
17546	0
17546	
17089;0;0;56;54;41.0
17570	0
17570	
17113;0;0;56;54;41.0
17597	0
17597	
17137;0;0;56;54;41.0
17628	0
17628	
17162;0;0;56;54;41.0
17650	0
17650	
17189;0;0;56;54;43.0
17671	0
17671	
17214;0;0;56;54;44.0
17695	0
17695	
17238;0;0;56;54;41.0
17719	0
17719	
17263;0;0;56;54;32.0
17747	0
17747	
17287;0;0;56;54;39.0
17771	0
17771	
17311;0;0;56;54;41.0
17795	0
17795	
17335;0;0;56;54;41.0
17819	0
17819	
17362;0;0;56;54;41.0
17848	0
17848	
17391;0;0;56;54;43.0
17872	0
17872	
17415;0;0;56;54;39.0
17896	0
17896	
17439;0;0;56;54;44.0
17922	0
17922	
17464;0;0;56;54;41.0
17948	0
17948	
17488;0;0;56;54;38.0
17973	0
17973	
17514;0;0;56;54;43.0
17997	0
17997	
17539;0;0;56;54;41.0
18022	0
18022	
17565;0;0;56;54;44.0
18058	0
18058	
17589;0;0;56;54;51.0
18076	0
18076	
17614;0;0;56;54;41.0
18098	0
18098	
17638;0;0;56;54;41.0
18122	0
18122	
17663;0;0;56;54;40.0
18147	0
18147	
17690;0;0;56;54;41.0
18171	0
18171	
17714;0;0;56;54;44.0
18195	0
18195	
17738;0;0;56;54;44.0
18221	0
18221	
17762;0;0;56;54;41.0
18255	0
18255	
17786;0;0;56;54;40.0
18274	0
18274	
17811;0;0;56;54;41.0
18295	0
18295	
17836;0;0;56;54;51.0
18320	0
18320	
17863;0;0;56;54;40.0
18344	0
18344	
17887;0;0;56;54;41.0
18368	0
18368	
17911;0;0;56;54;39.0
18392	0
18392	
17935;0;0;56;54;41.0
18419	0
18419	
17959;0;0;56;54;43.0
18443	0
18443	
17983;0;0;56;54;41.0
18474	0
18474	
18017;0;0;56;54;43.0
18499	0
18499	
18042;0;0;56;54;41.0
18523	0
18523	
18066;0;0;56;54;34.0
18547	0
18547	
18090;0;0;56;54;41.0
18572	0
18572	
18114;0;0;56;54;39.0
18598	0
18598	
18138;0;0;56;54;50.0
18622	0
18622	
18162;0;0;56;54;40.0
18646	0
18646	
18187;0;0;56;54;41.0
18671	0
18671	
18214;0;0;56;54;38.0
18705	0
18705	
18246;0;0;56;54;41.0
18729	0
18729	
18271;0;0;56;54;43.0
18753	0
18753	
18296;0;0;56;54;40.0
18780	0
18780	
18321;0;0;56;54;38.0
18803	0
18803	
18345;0;0;56;54;54.0
18828	0
18828	
18371;0;0;56;54;41.0
18852	0
18852	
18395;0;0;56;54;39.0
18877	0
18877	
18419;0;0;56;54;41.0
18909	0
18909	
18443;0;0;56;54;40.0
18931	0
18931	
18468;0;0;56;54;41.0
18952	0
18952	
18493;0;0;56;54;41.0
18975	0
18975	
18517;0;0;56;54;41.0
18999	0
18999	
18541;0;0;56;54;41.0
19024	0
19024	
18566;0;0;56;54;41.0
19050	0
19050	
18591;0;0;56;54;44.0
19074	0
19074	
18616;0;0;56;54;44.0
19098	0
19098	
18641;0;0;56;54;41.0
19136	0
19136	
18674;0;0;56;54;41.0
19158	0
19158	
18699;0;0;56;54;41.0
19182	0
19182	
18723;0;0;56;54;44.0
19205	0
19205	
18747;0;0;56;54;39.0
19230	0
19230	
18773;0;0;56;54;41.0
19256	0
19256	
18797;0;0;56;54;43.0
19279	0
