milliseconds	Werte
480	0
480	
25;0;0;56;54;54.0
505	0
505	
49;0;0;56;54;54.0
529	0
529	
73;0;0;56;54;56.0
555	0
555	
97;0;0;56;54;53.0
580	0
580	
121;0;0;56;54;55.0
604	0
604	
145;0;0;56;54;54.0
628	0
628	
172;0;0;56;54;39.0
663	0
663	
205;0;0;56;54;67.0
686	0
686	
229;0;0;56;54;51.0
710	0
710	
253;0;0;56;54;53.0
736	0
736	
278;0;0;56;54;31.0
761	0
761	
303;0;0;56;54;55.0
784	0
784	
328;0;0;56;54;52.0
809	0
809	
353;0;0;56;54;41.0
833	0
833	
377;0;0;56;54;51.0
869	0
869	
401;0;0;56;54;54.0
889	0
889	
425;0;0;56;54;41.0
908	0
908	
449;0;0;56;54;55.0
932	0
932	
474;0;0;56;54;55.0
957	0
957	
501;0;0;56;54;51.0
981	0
981	
525;0;0;56;54;51.0
1005	0
1005	
549;0;0;56;54;54.0
1029	0
1029	
573;0;0;56;54;55.0
1054	0
1054	
597;0;0;56;54;50.0
1089	0
1089	
633;0;0;56;54;53.0
1114	0
1114	
658;0;0;56;54;54.0
1138	0
1138	
682;0;0;56;54;51.0
1163	0
1163	
706;0;0;56;54;50.0
1187	0
1187	
730;0;0;56;54;54.0
1213	0
1213	
754;0;0;56;54;54.0
1237	0
1237	
779;0;0;56;54;51.0
1262	0
1262	
806;0;0;56;54;50.0
1290	0
1290	
830;0;0;56;54;55.0
1316	0
1316	
855;0;0;56;54;54.0
1335	0
1335	
879;0;0;56;54;43.0
1360	0
1360	
903;0;0;56;54;55.0
1386	0
1386	
927;0;0;56;54;51.0
1410	0
1410	
951;0;0;56;54;54.0
1434	0
1434	
976;0;0;56;54;56.0
1459	0
1459	
1003;0;0;56;54;55.0
1483	0
1483	
1027;0;0;56;54;43.0
1520	0
1520	
1051;0;0;56;54;52.0
1538	0
1538	
1076;0;0;56;54;52.0
1557	0
1557	
1100;0;0;56;54;48.0
1583	0
1583	
1124;0;0;56;54;48.0
1607	0
1607	
1148;0;0;56;54;54.0
1631	0
1631	
1173;0;0;56;54;53.0
1656	0
1656	
1200;0;0;56;54;54.0
1680	0
1680	
1224;0;0;56;54;54.0
1704	0
1704	
1248;0;0;56;54;54.0
1741	0
1741	
1278;0;0;56;54;51.0
1762	0
1762	
1306;0;0;56;54;51.0
1786	0
1786	
1330;0;0;56;54;51.0
1810	0
1810	
1354;0;0;56;54;49.0
1834	0
1834	
1378;0;0;56;54;53.0
1859	0
1859	
1402;0;0;56;54;54.0
1885	0
1885	
1426;0;0;56;54;55.0
1909	0
1909	
1450;0;0;56;54;53.0
1933	0
1933	
1475;0;0;56;54;43.0
1960	0
1960	
1504;0;0;56;54;53.0
1984	0
1984	
1528;0;0;56;54;54.0
2008	0
2008	
1552;0;0;56;54;51.0
2032	0
2032	
1576;0;0;56;54;45.0
2057	0
2057	
1600;0;0;56;54;54.0
2083	0
2083	
1624;0;0;56;54;54.0
2107	0
2107	
1648;0;0;56;54;56.0
2131	0
2131	
1673;0;0;56;54;67.0
2161	0
2161	
1700;0;0;56;54;51.0
2184	0
2184	
1726;0;0;56;54;50.0
2206	0
2206	
1750;0;0;56;54;67.0
2230	0
2230	
1774;0;0;56;54;47.0
2255	0
2255	
1798;0;0;56;54;58.0
2281	0
2281	
1823;0;0;56;54;81.0
2306	0
2306	
1848;0;0;56;54;51.0
2331	0
2331	
1875;0;0;56;54;43.0
2355	0
2355	
1899;0;0;56;54;51.0
2391	0
2391	
1923;0;0;56;54;51.0
2409	0
2409	
1948;0;0;56;54;54.0
2428	0
2428	
1972;0;0;56;54;55.0
2453	0
2453	
1996;0;0;56;54;47.0
2479	0
2479	
2021;0;0;56;54;54.0
2504	0
2504	
2046;0;0;56;54;54.0
2529	0
2529	
2073;0;0;56;54;41.0
2554	0
2554	
2097;0;0;56;54;50.0
2579	0
2579	
2123;0;0;56;54;53.0
2609	0
2609	
2150;0;0;56;54;54.0
2633	0
2633	
2177;0;0;56;54;54.0
2658	0
2658	
2202;0;0;56;54;44.0
2682	0
2682	
2226;0;0;56;54;50.0
2706	0
2706	
2250;0;0;56;54;54.0
2733	0
2733	
2274;0;0;56;54;54.0
2757	0
2757	
2298;0;0;56;54;55.0
2781	0
2781	
2323;0;0;56;54;54.0
2806	0
2806	
2350;0;0;56;54;53.0
2834	0
2834	
2378;0;0;56;54;53.0
2858	0
2858	
2402;0;0;56;54;54.0
2883	0
2883	
2426;0;0;56;54;43.0
2907	0
2907	
2450;0;0;56;54;44.0
2933	0
2933	
2474;0;0;56;54;54.0
2957	0
2957	
2499;0;0;56;54;54.0
2982	0
2982	
2526;0;0;56;54;54.0
3006	0
3006	
2550;0;0;56;54;45.0
3041	0
3041	
2574;0;0;56;54;53.0
3060	0
3060	
2598;0;0;56;54;50.0
3078	0
3078	
2623;0;0;56;54;54.0
3104	0
3104	
2647;0;0;56;54;41.0
3130	0
3130	
2671;0;0;56;54;59.0
3154	0
3154	
2695;0;0;56;54;62.0
3178	0
3178	
2720;0;0;56;54;54.0
3204	0
3204	
2748;0;0;56;54;53.0
3228	0
3228	
2772;0;0;56;54;53.0
3264	0
3264	
2796;0;0;56;54;39.0
3284	0
3284	
2821;0;0;56;54;50.0
3302	0
3302	
2845;0;0;56;54;40.0
3328	0
3328	
2869;0;0;56;54;39.0
3352	0
3352	
2893;0;0;56;54;41.0
3376	0
3376	
2918;0;0;56;54;54.0
3401	0
3401	
2945;0;0;56;54;51.0
3425	0
3425	
2969;0;0;56;54;45.0
3449	0
3449	
2993;0;0;56;54;51.0
3486	0
3486	
3028;0;0;56;54;58.0
3511	0
3511	
3055;0;0;56;54;52.0
3535	0
3535	
3079;0;0;56;54;44.0
3559	0
3559	
3103;0;0;56;54;68.0
3586	0
3586	
3128;0;0;56;54;51.0
3611	0
3611	
3152;0;0;56;54;53.0
3635	0
3635	
3176;0;0;56;54;55.0
3659	0
3659	
3203;0;0;56;54;54.0
3690	0
3690	
3228;0;0;56;54;55.0
3712	0
3712	
3253;0;0;56;54;50.0
3734	0
3734	
3277;0;0;56;54;53.0
3757	0
3757	
3301;0;0;56;54;47.0
3785	0
3785	
3327;0;0;56;54;80.0
3810	0
3810	
3351;0;0;56;54;43.0
3834	0
3834	
3375;0;0;56;54;51.0
3858	0
3858	
3402;0;0;56;54;53.0
3883	0
3883	
3427;0;0;56;54;50.0
3919	0
3919	
3451;0;0;56;54;54.0
3935	0
3935	
3475;0;0;56;54;54.0
3955	0
3955	
3499;0;0;56;54;47.0
3979	0
3979	
3523;0;0;56;54;47.0
4006	0
4006	
3547;0;0;56;54;58.0
4030	0
4030	
3571;0;0;56;54;54.0
4054	0
4054	
3595;0;0;56;54;55.0
4078	0
4078	
3622;0;0;56;54;55.0
4103	0
4103	
3647;0;0;56;54;52.0
4139	0
4139	
3678;0;0;56;54;54.0
4161	0
4161	
3702;0;0;56;54;51.0
4185	0
4185	
3729;0;0;56;54;50.0
4210	0
4210	
3754;0;0;56;54;55.0
4234	0
4234	
3778;0;0;56;54;54.0
4258	0
4258	
3802;0;0;56;54;55.0
4285	0
4285	
3826;0;0;56;54;56.0
4309	0
4309	
3850;0;0;56;54;67.0
4337	0
4337	
3874;0;0;56;54;67.0
4360	0
4360	
3903;0;0;56;54;67.0
4385	0
4385	
3928;0;0;56;54;51.0
4408	0
4408	
3952;0;0;56;54;51.0
4432	0
4432	
3976;0;0;56;54;45.0
4459	0
4459	
4000;0;0;56;54;54.0
4483	0
4483	
4024;0;0;56;54;53.0
4507	0
4507	
4048;0;0;56;54;53.0
4531	0
4531	
4075;0;0;56;54;53.0
4569	0
4569	
4100;0;0;56;54;54.0
4585	0
4585	
4125;0;0;56;54;41.0
4605	0
4605	
4149;0;0;56;54;45.0
4629	0
4629	
4173;0;0;56;54;50.0
4656	0
4656	
4197;0;0;56;54;39.0
4680	0
4680	
4221;0;0;56;54;51.0
4704	0
4704	
4245;0;0;56;54;54.0
4728	0
4728	
4272;0;0;56;54;54.0
4753	0
4753	
4297;0;0;56;54;51.0
4785	0
4785	
4326;0;0;56;54;54.0
4807	0
4807	
4350;0;0;56;54;46.0
4833	0
4833	
4374;0;0;56;54;67.0
4857	0
4857	
4399;0;0;56;54;56.0
4882	0
4882	
4426;0;0;56;54;53.0
4906	0
4906	
4450;0;0;56;54;53.0
4930	0
4930	
4474;0;0;56;54;55.0
4954	0
4954	
4498;0;0;56;54;54.0
4989	0
4989	
4522;0;0;56;54;58.0
5009	0
5009	
4546;0;0;56;54;55.0
5029	0
5029	
4570;0;0;56;54;53.0
5053	0
5053	
4597;0;0;56;54;51.0
5079	0
5079	
4623;0;0;56;54;44.0
5103	0
5103	
4647;0;0;56;54;51.0
5127	0
5127	
4671;0;0;56;54;51.0
5154	0
5154	
4695;0;0;56;54;55.0
5178	0
5178	
4719;0;0;56;54;50.0
5212	0
5212	
4754;0;0;56;54;69.0
5234	0
5234	
4778;0;0;56;54;54.0
5258	0
5258	
4802;0;0;56;54;51.0
5282	0
5282	
4826;0;0;56;54;50.0
5307	0
5307	
4850;0;0;56;54;67.0
5333	0
5333	
4874;0;0;56;54;55.0
5357	0
5357	
4898;0;0;56;54;53.0
5381	0
5381	
4923;0;0;56;54;43.0
5406	0
5406	
4950;0;0;56;54;50.0
5433	0
5433	
4977;0;0;56;54;54.0
5457	0
5457	
5001;0;0;56;54;55.0
5481	0
5481	
5025;0;0;56;54;51.0
5506	0
5506	
5049;0;0;56;54;58.0
5532	0
5532	
5073;0;0;56;54;59.0
5556	0
5556	
5097;0;0;56;54;51.0
5580	0
5580	
5122;0;0;56;54;54.0
5605	0
5605	
5149;0;0;56;54;55.0
5641	0
5641	
5173;0;0;56;54;51.0
5657	0
5657	
5197;0;0;56;54;55.0
5677	0
5677	
5221;0;0;56;54;51.0
5701	0
5701	
5245;0;0;56;54;47.0
5728	0
5728	
5269;0;0;56;54;54.0
5752	0
5752	
5293;0;0;56;54;50.0
5776	0
5776	
5317;0;0;56;54;54.0
5800	0
5800	
5344;0;0;56;54;54.0
5825	0
5825	
5369;0;0;56;54;67.0
5861	0
5861	
5398;0;0;56;54;67.0
5881	0
5881	
5422;0;0;56;54;51.0
5905	0
5905	
5446;0;0;56;54;50.0
5929	0
5929	
5470;0;0;56;54;31.0
5953	0
5953	
5497;0;0;56;54;62.0
5978	0
5978	
5522;0;0;56;54;40.0
6002	0
6002	
5546;0;0;56;54;54.0
6026	0
6026	
5570;0;0;56;54;54.0
6058	0
6058	
5594;0;0;56;54;45.0
6080	0
6080	
5619;0;0;56;54;48.0
6102	0
6102	
5644;0;0;56;54;51.0
6127	0
6127	
5669;0;0;56;54;52.0
6153	0
6153	
5697;0;0;56;54;68.0
6177	0
6177	
5721;0;0;56;54;67.0
6201	0
6201	
5745;0;0;56;54;54.0
6225	0
6225	
5769;0;0;56;54;67.0
6252	0
6252	
5793;0;0;56;54;51.0
6284	0
6284	
5817;0;0;56;54;54.0
6304	0
6304	
5842;0;0;56;54;54.0
6325	0
6325	
5867;0;0;56;54;55.0
6350	0
6350	
5894;0;0;56;54;44.0
6374	0
6374	
5918;0;0;56;54;61.0
6398	0
6398	
5943;0;0;56;54;55.0
6423	0
6423	
5967;0;0;56;54;54.0
6450	0
6450	
5991;0;0;56;54;54.0
6474	0
6474	
6015;0;0;56;54;54.0
6507	0
6507	
6039;0;0;56;54;51.0
6527	0
6527	
6067;0;0;56;54;51.0
6548	0
6548	
6092;0;0;56;54;51.0
6572	0
6572	
6116;0;0;56;54;41.0
6596	0
6596	
6140;0;0;56;54;54.0
6621	0
6621	
6164;0;0;56;54;42.0
6647	0
6647	
6188;0;0;56;54;67.0
6671	0
6671	
6212;0;0;56;54;53.0
6695	0
6695	
6237;0;0;56;54;51.0
6723	0
6723	
6267;0;0;56;54;46.0
6747	0
6747	
6291;0;0;56;54;55.0
6771	0
6771	
6315;0;0;56;54;63.0
6795	0
6795	
6339;0;0;56;54;65.0
6822	0
6822	
6363;0;0;56;54;68.0
6846	0
6846	
6387;0;0;56;54;53.0
6870	0
6870	
6411;0;0;56;54;54.0
6895	0
6895	
6438;0;0;56;54;69.0
6924	0
6924	
6463;0;0;56;54;54.0
6946	0
6946	
6488;0;0;56;54;51.0
6968	0
6968	
6512;0;0;56;54;54.0
6992	0
6992	
6536;0;0;56;54;43.0
7019	0
7019	
6560;0;0;56;54;65.0
7043	0
7043	
6584;0;0;56;54;68.0
7067	0
7067	
6608;0;0;56;54;53.0
7091	0
7091	
6635;0;0;56;54;54.0
7116	0
7116	
6660;0;0;56;54;53.0
7152	0
7152	
6689;0;0;56;54;67.0
7172	0
7172	
6713;0;0;56;54;54.0
7196	0
7196	
6737;0;0;56;54;51.0
7220	0
7220	
6761;0;0;56;54;45.0
7244	0
7244	
6788;0;0;56;54;46.0
7269	0
7269	
6813;0;0;56;54;50.0
7293	0
7293	
6837;0;0;56;54;48.0
7317	0
7317	
6861;0;0;56;54;39.0
7341	0
7341	
6885;0;0;56;54;54.0
7377	0
7377	
6921;0;0;56;54;52.0
7403	0
7403	
6947;0;0;56;54;55.0
7427	0
7427	
6971;0;0;56;54;47.0
7451	0
7451	
6995;0;0;56;54;47.0
7476	0
7476	
7019;0;0;56;54;52.0
7503	0
7503	
7044;0;0;56;54;66.0
7527	0
7527	
7069;0;0;56;54;51.0
7552	0
7552	
7096;0;0;56;54;67.0
7581	0
7581	
7120;0;0;56;54;54.0
7604	0
7604	
7144;0;0;56;54;53.0
7625	0
7625	
7169;0;0;56;54;58.0
7649	0
7649	
7193;0;0;56;54;47.0
7674	0
7674	
7217;0;0;56;54;89.0
7700	0
7700	
7241;0;0;56;54;54.0
7724	0
7724	
7265;0;0;56;54;54.0
7748	0
7748	
7290;0;0;56;54;53.0
7773	0
7773	
7317;0;0;56;54;43.0
7814	0
7814	
7341;0;0;56;54;54.0
7825	0
7825	
7365;0;0;56;54;52.0
7845	0
7845	
7389;0;0;56;54;54.0
7869	0
7869	
7413;0;0;56;54;51.0
7896	0
7896	
7437;0;0;56;54;53.0
7920	0
7920	
7461;0;0;56;54;56.0
7944	0
7944	
7485;0;0;56;54;50.0
7968	0
7968	
7512;0;0;56;54;55.0
7994	0
7994	
7538;0;0;56;54;51.0
8023	0
8023	
7567;0;0;56;54;54.0
8048	0
8048	
7591;0;0;56;54;51.0
8072	0
8072	
7615;0;0;56;54;54.0
8098	0
8098	
7639;0;0;56;54;55.0
8122	0
8122	
7664;0;0;56;54;54.0
8147	0
8147	
7691;0;0;56;54;67.0
8171	0
8171	
7715;0;0;56;54;54.0
8195	0
8195	
7739;0;0;56;54;54.0
8225	0
8225	
7763;0;0;56;54;55.0
8249	0
8249	
7789;0;0;56;54;50.0
8272	0
8272	
7813;0;0;56;54;53.0
8296	0
8296	
7838;0;0;56;54;55.0
8321	0
8321	
7865;0;0;56;54;54.0
8345	0
8345	
7889;0;0;56;54;51.0
8370	0
8370	
7914;0;0;56;54;52.0
8394	0
8394	
7938;0;0;56;54;54.0
8421	0
8421	
7962;0;0;56;54;54.0
8452	0
8452	
7986;0;0;56;54;53.0
8473	0
8473	
8011;0;0;56;54;67.0
8495	0
8495	
8039;0;0;56;54;39.0
8519	0
8519	
8063;0;0;56;54;39.0
8543	0
8543	
8087;0;0;56;54;43.0
8567	0
8567	
8111;0;0;56;54;53.0
8592	0
8592	
8135;0;0;56;54;54.0
8619	0
8619	
8160;0;0;56;54;49.0
8643	0
8643	
8185;0;0;56;54;55.0
8671	0
8671	
8215;0;0;56;54;51.0
8695	0
8695	
8239;0;0;56;54;67.0
8719	0
8719	
8263;0;0;56;54;45.0
8743	0
8743	
8287;0;0;56;54;50.0
8768	0
8768	
8311;0;0;56;54;42.0
8794	0
8794	
8335;0;0;56;54;55.0
8818	0
8818	
8359;0;0;56;54;51.0
8842	0
8842	
8384;0;0;56;54;67.0
8872	0
8872	
8411;0;0;56;54;39.0
8895	0
8895	
8435;0;0;56;54;55.0
8915	0
8915	
8459;0;0;56;54;44.0
8939	0
8939	
8483;0;0;56;54;51.0
8963	0
8963	
8507;0;0;56;54;59.0
8990	0
8990	
8531;0;0;56;54;55.0
9014	0
9014	
8556;0;0;56;54;55.0
9039	0
9039	
8583;0;0;56;54;50.0
9064	0
9064	
8608;0;0;56;54;44.0
9101	0
9101	
8632;0;0;56;54;43.0
9118	0
9118	
8657;0;0;56;54;54.0
9137	0
9137	
8681;0;0;56;54;53.0
9162	0
9162	
8705;0;0;56;54;48.0
9188	0
9188	
8729;0;0;56;54;63.0
9212	0
9212	
8754;0;0;56;54;63.0
9237	0
9237	
8781;0;0;56;54;51.0
9261	0
9261	
8805;0;0;56;54;55.0
9285	0
9285	
8829;0;0;56;54;53.0
9322	0
9322	
8858;0;0;56;54;71.0
9342	0
9342	
8883;0;0;56;54;55.0
9366	0
9366	
8908;0;0;56;54;54.0
9391	0
9391	
8935;0;0;56;54;55.0
9415	0
9415	
8959;0;0;56;54;68.0
9439	0
9439	
8983;0;0;56;54;54.0
9467	0
9467	
9008;0;0;56;54;55.0
9491	0
9491	
9032;0;0;56;54;55.0
9519	0
9519	
9057;0;0;56;54;42.0
9543	0
9543	
9086;0;0;56;54;51.0
9566	0
9566	
9110;0;0;56;54;53.0
9590	0
9590	
9134;0;0;56;54;47.0
9616	0
9616	
9159;0;0;56;54;47.0
9640	0
9640	
9183;0;0;56;54;67.0
9666	0
9666	
9207;0;0;56;54;54.0
9690	0
9690	
9232;0;0;56;54;53.0
9715	0
9715	
9259;0;0;56;54;54.0
9751	0
9751	
9283;0;0;56;54;51.0
9769	0
9769	
9307;0;0;56;54;55.0
9787	0
9787	
9331;0;0;56;54;43.0
9815	0
9815	
9356;0;0;56;54;47.0
9839	0
9839	
9380;0;0;56;54;44.0
9863	0
9863	
9405;0;0;56;54;60.0
9888	0
9888	
9432;0;0;56;54;54.0
9912	0
9912	
9456;0;0;56;54;53.0
9946	0
9946	
9481;0;0;56;54;54.0
9968	0
9968	
9505;0;0;56;54;51.0
9987	0
9987	
9530;0;0;56;54;51.0
10013	0
10013	
9554;0;0;56;54;51.0
10037	0
10037	
9578;0;0;56;54;51.0
10061	0
10061	
9603;0;0;56;54;62.0
10086	0
10086	
9630;0;0;56;54;54.0
10110	0
10110	
9654;0;0;56;54;54.0
10134	0
10134	
9678;0;0;56;54;39.0
10168	0
10168	
9702;0;0;56;54;47.0
10190	0
10190	
9727;0;0;56;54;54.0
10210	0
10210	
9751;0;0;56;54;67.0
10234	0
10234	
9776;0;0;56;54;51.0
10259	0
10259	
9803;0;0;56;54;51.0
10283	0
10283	
9827;0;0;56;54;69.0
10308	0
10308	
9852;0;0;56;54;54.0
10332	0
10332	
9876;0;0;56;54;54.0
10359	0
10359	
9900;0;0;56;54;54.0
10391	0
10391	
9924;0;0;56;54;54.0
10411	0
10411	
9948;0;0;56;54;65.0
10431	0
10431	
9973;0;0;56;54;55.0
10456	0
10456	
10000;0;0;56;54;47.0
10480	0
10480	
10024;0;0;56;54;51.0
10504	0
10504	
10048;0;0;56;54;55.0
10528	0
10528	
10072;0;0;56;54;41.0
10555	0
10555	
10096;0;0;56;54;67.0
10583	0
10583	
10120;0;0;56;54;51.0
10606	0
10606	
10148;0;0;56;54;50.0
10630	0
10630	
10174;0;0;56;54;54.0
10654	0
10654	
10198;0;0;56;54;51.0
10678	0
10678	
10222;0;0;56;54;48.0
10703	0
10703	
10246;0;0;56;54;58.0
10729	0
10729	
10270;0;0;56;54;55.0
10753	0
10753	
10294;0;0;56;54;54.0
10777	0
10777	
10319;0;0;56;54;48.0
10811	0
10811	
10352;0;0;56;54;49.0
10832	0
10832	
10376;0;0;56;54;54.0
10857	0
10857	
10400;0;0;56;54;52.0
10882	0
10882	
10424;0;0;56;54;43.0
10905	0
10905	
10448;0;0;56;54;47.0
10931	0
10931	
10473;0;0;56;54;57.0
10956	0
10956	
10498;0;0;56;54;54.0
10979	0
10979	
10523;0;0;56;54;39.0
11012	0
11012	
10548;0;0;56;54;55.0
11036	0
11036	
10573;0;0;56;54;55.0
11055	0
11055	
10598;0;0;56;54;53.0
11079	0
11079	
10622;0;0;56;54;53.0
11103	0
11103	
10647;0;0;56;54;55.0
11130	0
11130	
10672;0;0;56;54;53.0
11153	0
11153	
10696;0;0;56;54;59.0
11177	0
11177	
10721;0;0;56;54;54.0
11202	0
11202	
10746;0;0;56;54;54.0
11238	0
11238	
10774;0;0;56;54;51.0
11258	0
11258	
10799;0;0;56;54;53.0
11282	0
11282	
10824;0;0;56;54;54.0
11305	0
11305	
10849;0;0;56;54;67.0
11330	0
11330	
10874;0;0;56;54;50.0
11354	0
11354	
10898;0;0;56;54;52.0
11379	0
11379	
10922;0;0;56;54;55.0
11406	0
11406	
10947;0;0;56;54;51.0
11437	0
11437	
10972;0;0;56;54;54.0
11458	0
11458	
10997;0;0;56;54;51.0
11478	0
11478	
11021;0;0;56;54;41.0
11502	0
11502	
11046;0;0;56;54;55.0
11528	0
11528	
11072;0;0;56;54;54.0
11553	0
11553	
11096;0;0;56;54;45.0
11577	0
11577	
11120;0;0;56;54;55.0
11603	0
11603	
11144;0;0;56;54;53.0
11627	0
11627	
11170;0;0;56;54;67.0
11659	0
11659	
11203;0;0;56;54;54.0
11683	0
11683	
11227;0;0;56;54;51.0
11708	0
11708	
11251;0;0;56;54;51.0
11732	0
11732	
11275;0;0;56;54;54.0
11758	0
11758	
11299;0;0;56;54;67.0
11783	0
11783	
11325;0;0;56;54;55.0
11806	0
11806	
11350;0;0;56;54;51.0
11831	0
11831	
11375;0;0;56;54;52.0
11867	0
11867	
11399;0;0;56;54;54.0
11884	0
11884	
11424;0;0;56;54;51.0
11905	0
11905	
11448;0;0;56;54;48.0
11931	0
11931	
11473;0;0;56;54;54.0
11956	0
11956	
11498;0;0;56;54;51.0
11979	0
11979	
11523;0;0;56;54;54.0
12004	0
12004	
11548;0;0;56;54;43.0
12030	0
12030	
11573;0;0;56;54;51.0
12065	0
12065	
11597;0;0;56;54;55.0
12084	0
12084	
11623;0;0;56;54;51.0
12106	0
12106	
11648;0;0;56;54;54.0
12129	0
12129	
11673;0;0;56;54;55.0
12154	0
12154	
11698;0;0;56;54;54.0
12178	0
12178	
11722;0;0;56;54;58.0
12203	0
12203	
11746;0;0;56;54;50.0
12229	0
12229	
11771;0;0;56;54;54.0
12255	0
12255	
11797;0;0;56;54;53.0
12289	0
12289	
11829;0;0;56;54;54.0
12311	0
12311	
11853;0;0;56;54;54.0
12334	0
12334	
11877;0;0;56;54;43.0
12358	0
12358	
11902;0;0;56;54;54.0
12385	0
12385	
11927;0;0;56;54;54.0
12408	0
12408	
11951;0;0;56;54;47.0
12432	0
12432	
11975;0;0;56;54;76.0
12456	0
12456	
12000;0;0;56;54;58.0
12489	0
12489	
12026;0;0;56;54;44.0
12511	0
12511	
12051;0;0;56;54;54.0
12532	0
12532	
12076;0;0;56;54;53.0
12559	0
12559	
12101;0;0;56;54;51.0
12582	0
12582	
12125;0;0;56;54;51.0
12606	0
12606	
12149;0;0;56;54;51.0
12630	0
12630	
12174;0;0;56;54;45.0
12657	0
12657	
12199;0;0;56;54;57.0
12680	0
12680	
12223;0;0;56;54;54.0
12715	0
12715	
12253;0;0;56;54;42.0
12735	0
12735	
12277;0;0;56;54;54.0
12759	0
12759	
12303;0;0;56;54;53.0
12784	0
12784	
12328;0;0;56;54;37.0
12809	0
12809	
12352;0;0;56;54;63.0
12833	0
12833	
12376;0;0;56;54;53.0
12857	0
12857	
12400;0;0;56;54;46.0
12884	0
12884	
12426;0;0;56;54;39.0
12913	0
12913	
12450;0;0;56;54;51.0
12935	0
12935	
12475;0;0;56;54;51.0
12956	0
12956	
12500;0;0;56;54;51.0
12980	0
12980	
12524;0;0;56;54;67.0
13004	0
13004	
12548;0;0;56;54;54.0
13031	0
13031	
12573;0;0;56;54;51.0
13056	0
13056	
12597;0;0;56;54;38.0
13080	0
13080	
12622;0;0;56;54;47.0
13105	0
13105	
12649;0;0;56;54;51.0
13135	0
13135	
12679;0;0;56;54;54.0
13159	0
13159	
12703;0;0;56;54;54.0
13184	0
13184	
12727;0;0;56;54;67.0
13208	0
13208	
12751;0;0;56;54;55.0
13235	0
13235	
12775;0;0;56;54;54.0
13259	0
13259	
12801;0;0;56;54;47.0
13282	0
13282	
12826;0;0;56;54;41.0
13307	0
13307	
12851;0;0;56;54;86.0
13343	0
13343	
12875;0;0;56;54;56.0
13362	0
13362	
12899;0;0;56;54;51.0
13380	0
13380	
12923;0;0;56;54;50.0
13406	0
13406	
12947;0;0;56;54;52.0
13430	0
13430	
12973;0;0;56;54;54.0
13455	0
13455	
12999;0;0;56;54;51.0
13479	0
13479	
13023;0;0;56;54;47.0
13504	0
13504	
13048;0;0;56;54;41.0
13538	0
13538	
13073;0;0;56;54;69.0
13559	0
13559	
13097;0;0;56;54;53.0
13580	0
13580	
13122;0;0;56;54;55.0
13605	0
13605	
13149;0;0;56;54;54.0
13630	0
13630	
13174;0;0;56;54;43.0
13654	0
13654	
13198;0;0;56;54;51.0
13678	0
13678	
13222;0;0;56;54;54.0
13703	0
13703	
13246;0;0;56;54;51.0
13729	0
13729	
13270;0;0;56;54;44.0
13758	0
13758	
13302;0;0;56;54;53.0
13783	0
13783	
13327;0;0;56;54;54.0
13807	0
13807	
13351;0;0;56;54;55.0
13833	0
13833	
13376;0;0;56;54;52.0
13857	0
13857	
13400;0;0;56;54;55.0
13883	0
13883	
13424;0;0;56;54;41.0
13907	0
13907	
13449;0;0;56;54;53.0
13932	0
13932	
13476;0;0;56;54;51.0
13968	0
13968	
13500;0;0;56;54;68.0
13984	0
13984	
13524;0;0;56;54;54.0
14004	0
14004	
13548;0;0;56;54;48.0
14028	0
14028	
13572;0;0;56;54;58.0
14055	0
14055	
13596;0;0;56;54;53.0
14079	0
14079	
13620;0;0;56;54;54.0
14103	0
14103	
13644;0;0;56;54;39.0
14127	0
14127	
13671;0;0;56;54;51.0
14157	0
14157	
13696;0;0;56;54;45.0
14180	0
14180	
13721;0;0;56;54;48.0
14201	0
14201	
13745;0;0;56;54;54.0
14225	0
14225	
13769;0;0;56;54;45.0
14253	0
14253	
13794;0;0;56;54;39.0
14277	0
14277	
13818;0;0;56;54;51.0
14301	0
14301	
13843;0;0;56;54;54.0
14326	0
14326	
13870;0;0;56;54;54.0
14350	0
14350	
13894;0;0;56;54;67.0
14384	0
14384	
13923;0;0;56;54;51.0
14406	0
14406	
13947;0;0;56;54;63.0
14430	0
14430	
13974;0;0;56;54;53.0
14455	0
14455	
13999;0;0;56;54;54.0
14479	0
14479	
14023;0;0;56;54;53.0
14503	0
14503	
14047;0;0;56;54;54.0
14530	0
14530	
14071;0;0;56;54;55.0
14554	0
14554	
14095;0;0;56;54;51.0
14585	0
14585	
14119;0;0;56;54;51.0
14606	0
14606	
14145;0;0;56;54;67.0
14627	0
14627	
14171;0;0;56;54;55.0
14652	0
14652	
14196;0;0;56;54;51.0
14676	0
14676	
14220;0;0;56;54;54.0
14701	0
14701	
14244;0;0;56;54;54.0
14725	0
14725	
14268;0;0;56;54;55.0
14751	0
14751	
14292;0;0;56;54;53.0
14780	0
14780	
14317;0;0;56;54;54.0
14802	0
14802	
14345;0;0;56;54;51.0
14825	0
14825	
14369;0;0;56;54;58.0
14849	0
14849	
14393;0;0;56;54;54.0
14873	0
14873	
14417;0;0;56;54;55.0
14898	0
14898	
14441;0;0;56;54;54.0
14924	0
14924	
14465;0;0;56;54;71.0
14948	0
14948	
14489;0;0;56;54;53.0
14972	0
14972	
14514;0;0;56;54;66.0
15007	0
15007	
14548;0;0;56;54;54.0
15028	0
15028	
14572;0;0;56;54;39.0
15053	0
15053	
14596;0;0;56;54;55.0
15077	0
15077	
14620;0;0;56;54;54.0
15101	0
15101	
14644;0;0;56;54;53.0
15127	0
15127	
14669;0;0;56;54;51.0
15152	0
15152	
14694;0;0;56;54;51.0
15175	0
15175	
14719;0;0;56;54;54.0
15212	0
15212	
14744;0;0;56;54;56.0
15233	0
15233	
14768;0;0;56;54;53.0
15249	0
15249	
14792;0;0;56;54;51.0
15273	0
15273	
14816;0;0;56;54;51.0
15299	0
15299	
14840;0;0;56;54;54.0
15323	0
15323	
14865;0;0;56;54;54.0
15348	0
15348	
14892;0;0;56;54;54.0
15373	0
15373	
14917;0;0;56;54;54.0
15408	0
15408	
14941;0;0;56;54;58.0
15426	0
15426	
14965;0;0;56;54;55.0
15445	0
15445	
14989;0;0;56;54;50.0
15470	0
15470	
15013;0;0;56;54;53.0
15497	0
15497	
15038;0;0;56;54;42.0
15521	0
15521	
15063;0;0;56;54;54.0
15546	0
15546	
15090;0;0;56;54;39.0
15570	0
15570	
15114;0;0;56;54;43.0
15594	0
15594	
15138;0;0;56;54;54.0
15629	0
15629	
15172;0;0;56;54;54.0
15655	0
15655	
15199;0;0;56;54;65.0
15679	0
15679	
15223;0;0;56;54;41.0
15703	0
15703	
15247;0;0;56;54;43.0
15727	0
15727	
15271;0;0;56;54;53.0
15754	0
15754	
15295;0;0;56;54;51.0
15778	0
15778	
15319;0;0;56;54;45.0
15802	0
15802	
15343;0;0;56;54;52.0
15833	0
15833	
15370;0;0;56;54;54.0
15855	0
15855	
15395;0;0;56;54;53.0
15875	0
15875	
15419;0;0;56;54;47.0
15899	0
15899	
15443;0;0;56;54;48.0
15923	0
15923	
15467;0;0;56;54;46.0
15950	0
15950	
15491;0;0;56;54;54.0
15974	0
15974	
15515;0;0;56;54;55.0
15998	0
15998	
15539;0;0;56;54;53.0
16027	0
16027	
15566;0;0;56;54;43.0
16051	0
16051	
15592;0;0;56;54;54.0
16072	0
16072	
15616;0;0;56;54;51.0
16096	0
16096	
15640;0;0;56;54;51.0
16121	0
16121	
15664;0;0;56;54;53.0
16147	0
16147	
15689;0;0;56;54;69.0
16172	0
16172	
15714;0;0;56;54;50.0
16197	0
16197	
15741;0;0;56;54;49.0
16221	0
16221	
15765;0;0;56;54;55.0
16252	0
16252	
15795;0;0;56;54;54.0
16276	0
16276	
15819;0;0;56;54;53.0
16300	0
16300	
15844;0;0;56;54;55.0
16327	0
16327	
15869;0;0;56;54;55.0
16350	0
16350	
15893;0;0;56;54;56.0
16374	0
16374	
15918;0;0;56;54;52.0
16402	0
16402	
15943;0;0;56;54;58.0
16424	0
16424	
15967;0;0;56;54;43.0
16458	0
16458	
15991;0;0;56;54;58.0
16478	0
16478	
16015;0;0;56;54;50.0
16498	0
16498	
16040;0;0;56;54;50.0
16523	0
16523	
16065;0;0;56;54;47.0
16547	0
16547	
16091;0;0;56;54;63.0
16571	0
16571	
16115;0;0;56;54;51.0
16595	0
16595	
16139;0;0;56;54;54.0
16621	0
16621	
16164;0;0;56;54;54.0
16652	0
16652	
16189;0;0;56;54;52.0
16675	0
16675	
16218;0;0;56;54;54.0
16698	0
16698	
16242;0;0;56;54;43.0
16722	0
16722	
16266;0;0;56;54;52.0
16748	0
16748	
16291;0;0;56;54;41.0
16774	0
16774	
16315;0;0;56;54;54.0
16798	0
16798	
16339;0;0;56;54;66.0
16822	0
16822	
16364;0;0;56;54;55.0
16847	0
16847	
16391;0;0;56;54;53.0
16880	0
16880	
16422;0;0;56;54;67.0
16903	0
16903	
16446;0;0;56;54;55.0
16927	0
16927	
16470;0;0;56;54;42.0
16953	0
16953	
16495;0;0;56;54;55.0
16978	0
16978	
16520;0;0;56;54;46.0
17002	0
17002	
16546;0;0;56;54;54.0
17026	0
17026	
16570;0;0;56;54;51.0
17050	0
17050	
16594;0;0;56;54;51.0
17084	0
17084	
16618;0;0;56;54;54.0
17104	0
17104	
16643;0;0;56;54;54.0
17127	0
17127	
16668;0;0;56;54;59.0
17151	0
17151	
16693;0;0;56;54;54.0
17176	0
17176	
16720;0;0;56;54;38.0
17200	0
17200	
16744;0;0;56;54;87.0
17225	0
17225	
16768;0;0;56;54;53.0
17248	0
17248	
16792;0;0;56;54;53.0
17281	0
17281	
16816;0;0;56;54;53.0
17303	0
17303	
16841;0;0;56;54;54.0
17324	0
17324	
16866;0;0;56;54;54.0
17349	0
17349	
16892;0;0;56;54;41.0
17373	0
17373	
16917;0;0;56;54;67.0
17398	0
17398	
16942;0;0;56;54;50.0
17422	0
17422	
16966;0;0;56;54;51.0
17448	0
17448	
16991;0;0;56;54;80.0
17475	0
17475	
17017;0;0;56;54;55.0
17509	0
17509	
17053;0;0;56;54;53.0
17533	0
17533	
17077;0;0;56;54;55.0
17558	0
17558	
17101;0;0;56;54;54.0
17582	0
17582	
17125;0;0;56;54;43.0
17608	0
17608	
17149;0;0;56;54;51.0
17632	0
17632	
17174;0;0;56;54;44.0
17657	0
17657	
17201;0;0;56;54;55.0
17681	0
17681	
17225;0;0;56;54;51.0
17719	0
17719	
17250;0;0;56;54;56.0
17738	0
17738	
17275;0;0;56;54;55.0
17758	0
17758	
17299;0;0;56;54;43.0
17782	0
17782	
17323;0;0;56;54;53.0
17806	0
17806	
17348;0;0;56;54;51.0
17831	0
17831	
17375;0;0;56;54;58.0
17856	0
17856	
17400;0;0;56;54;80.0
17880	0
17880	
17424;0;0;56;54;53.0
17913	0
17913	
17448;0;0;56;54;54.0
17934	0
17934	
17473;0;0;56;54;55.0
17956	0
17956	
17497;0;0;56;54;53.0
17981	0
17981	
17525;0;0;56;54;54.0
18005	0
18005	
17549;0;0;56;54;54.0
18029	0
18029	
17573;0;0;56;54;53.0
18053	0
18053	
17597;0;0;56;54;60.0
18078	0
18078	
17621;0;0;56;54;48.0
18105	0
18105	
17646;0;0;56;54;51.0
18138	0
18138	
17682;0;0;56;54;54.0
18162	0
