milliseconds	Werte
482	0
482	
25;0;0;56;54;59.0
507	0
507	
49;0;0;56;54;59.0
532	0
532	
73;0;0;56;54;58.0
558	0
558	
98;0;0;56;54;58.0
583	0
583	
124;0;0;56;54;63.0
608	0
608	
150;0;0;56;54;63.0
632	0
632	
174;0;0;56;54;63.0
662	0
662	
202;0;0;56;54;76.0
685	0
685	
226;0;0;56;54;76.0
711	0
711	
251;0;0;56;54;62.0
736	0
736	
276;0;0;56;54;56.0
760	0
760	
302;0;0;56;54;61.0
785	0
785	
327;0;0;56;54;62.0
809	0
809	
351;0;0;56;54;63.0
834	0
834	
375;0;0;56;54;61.0
869	0
869	
400;0;0;56;54;51.0
889	0
889	
427;0;0;56;54;58.0
911	0
911	
453;0;0;56;54;57.0
935	0
935	
477;0;0;56;54;56.0
959	0
959	
502;0;0;56;54;59.0
985	0
985	
526;0;0;56;54;61.0
1011	0
1011	
550;0;0;56;54;67.0
1035	0
1035	
574;0;0;56;54;62.0
1059	0
1059	
600;0;0;56;54;61.0
1094	0
1094	
635;0;0;56;54;58.0
1118	0
1118	
659;0;0;56;54;62.0
1142	0
1142	
683;0;0;56;54;46.0
1168	0
1168	
708;0;0;56;54;62.0
1193	0
1193	
733;0;0;56;54;56.0
1216	0
1216	
758;0;0;56;54;68.0
1241	0
1241	
783;0;0;56;54;65.0
1265	0
1265	
807;0;0;56;54;67.0
1299	0
1299	
831;0;0;56;54;58.0
1319	0
1319	
856;0;0;56;54;67.0
1341	0
1341	
881;0;0;56;54;77.0
1366	0
1366	
906;0;0;56;54;59.0
1389	0
1389	
931;0;0;56;54;65.0
1414	0
1414	
956;0;0;56;54;62.0
1438	0
1438	
980;0;0;56;54;83.0
1464	0
1464	
1005;0;0;56;54;71.0
1490	0
1490	
1029;0;0;56;54;50.0
1523	0
1523	
1054;0;0;56;54;67.0
1542	0
1542	
1079;0;0;56;54;58.0
1563	0
1563	
1104;0;0;56;54;63.0
1587	0
1587	
1129;0;0;56;54;54.0
1611	0
1611	
1153;0;0;56;54;37.0
1636	0
1636	
1177;0;0;56;54;59.0
1661	0
1661	
1202;0;0;56;54;90.0
1687	0
1687	
1227;0;0;56;54;67.0
1712	0
1712	
1252;0;0;56;54;59.0
1747	0
1747	
1283;0;0;56;54;46.0
1767	0
1767	
1307;0;0;56;54;56.0
1790	0
1790	
1331;0;0;56;54;63.0
1816	0
1816	
1355;0;0;56;54;61.0
1840	0
1840	
1380;0;0;56;54;39.0
1865	0
1865	
1407;0;0;56;54;93.0
1889	0
1889	
1431;0;0;56;54;68.0
1913	0
1913	
1455;0;0;56;54;57.0
1937	0
1937	
1479;0;0;56;54;59.0
1968	0
1968	
1507;0;0;56;54;55.0
1992	0
1992	
1532;0;0;56;54;58.0
2017	0
2017	
1559;0;0;56;54;63.0
2041	0
2041	
1583;0;0;56;54;43.0
2065	0
2065	
1608;0;0;56;54;41.0
2090	0
2090	
1632;0;0;56;54;68.0
2117	0
2117	
1656;0;0;56;54;62.0
2141	0
2141	
1680;0;0;56;54;63.0
2171	0
2171	
1705;0;0;56;54;59.0
2193	0
2193	
1733;0;0;56;54;57.0
2215	0
2215	
1757;0;0;56;54;63.0
2239	0
2239	
1781;0;0;56;54;58.0
2266	0
2266	
1806;0;0;56;54;46.0
2291	0
2291	
1830;0;0;56;54;38.0
2315	0
2315	
1854;0;0;56;54;84.0
2339	0
2339	
1881;0;0;56;54;58.0
2364	0
2364	
1906;0;0;56;54;58.0
2400	0
2400	
1934;0;0;56;54;63.0
2419	0
2419	
1958;0;0;56;54;76.0
2443	0
2443	
1982;0;0;56;54;62.0
2467	0
2467	
2007;0;0;56;54;46.0
2492	0
2492	
2034;0;0;56;54;84.0
2516	0
2516	
2058;0;0;56;54;98.0
2540	0
2540	
2082;0;0;56;54;46.0
2569	0
2569	
2108;0;0;56;54;59.0
2597	0
2597	
2132;0;0;56;54;63.0
2620	0
2620	
2161;0;0;56;54;63.0
2643	0
2643	
2185;0;0;56;54;59.0
2667	0
2667	
2210;0;0;56;54;53.0
2692	0
2692	
2234;0;0;56;54;89.0
2719	0
2719	
2258;0;0;56;54;78.0
2743	0
2743	
2282;0;0;56;54;109.0
2767	0
2767	
2306;0;0;56;54;61.0
2791	0
2791	
2333;0;0;56;54;58.0
2822	0
2822	
2358;0;0;56;54;57.0
2843	0
2843	
2383;0;0;56;54;61.0
2865	0
2865	
2407;0;0;56;54;58.0
2889	0
2889	
2431;0;0;56;54;63.0
2916	0
2916	
2455;0;0;56;54;41.0
2940	0
2940	
2479;0;0;56;54;58.0
2964	0
2964	
2503;0;0;56;54;105.0
2988	0
2988	
2530;0;0;56;54;62.0
3013	0
3013	
2555;0;0;56;54;59.0
3049	0
3049	
2587;0;0;56;54;57.0
3072	0
3072	
2614;0;0;56;54;58.0
3097	0
3097	
2639;0;0;56;54;59.0
3121	0
3121	
2663;0;0;56;54;44.0
3145	0
3145	
2687;0;0;56;54;50.0
3172	0
3172	
2712;0;0;56;54;102.0
3197	0
3197	
2736;0;0;56;54;63.0
3221	0
3221	
2761;0;0;56;54;58.0
3246	0
3246	
2788;0;0;56;54;63.0
3274	0
3274	
2816;0;0;56;54;46.0
3298	0
3298	
2840;0;0;56;54;49.0
3323	0
3323	
2864;0;0;56;54;63.0
3347	0
3347	
2888;0;0;56;54;50.0
3373	0
3373	
2912;0;0;56;54;47.0
3397	0
3397	
2937;0;0;56;54;84.0
3422	0
3422	
2964;0;0;56;54;58.0
3446	0
3446	
2988;0;0;56;54;59.0
3481	0
3481	
3012;0;0;56;54;67.0
3501	0
3501	
3036;0;0;56;54;62.0
3520	0
3520	
3061;0;0;56;54;59.0
3546	0
3546	
3085;0;0;56;54;51.0
3570	0
3570	
3109;0;0;56;54;39.0
3594	0
3594	
3134;0;0;56;54;49.0
3619	0
3619	
3161;0;0;56;54;39.0
3643	0
3643	
3185;0;0;56;54;63.0
3667	0
3667	
3209;0;0;56;54;63.0
3703	0
3703	
3233;0;0;56;54;58.0
3722	0
3722	
3257;0;0;56;54;54.0
3742	0
3742	
3281;0;0;56;54;59.0
3766	0
3766	
3305;0;0;56;54;60.0
3790	0
3790	
3330;0;0;56;54;55.0
3815	0
3815	
3357;0;0;56;54;89.0
3839	0
3839	
3381;0;0;56;54;63.0
3863	0
3863	
3405;0;0;56;54;58.0
3887	0
3887	
3429;0;0;56;54;67.0
3918	0
3918	
3457;0;0;56;54;58.0
3942	0
3942	
3484;0;0;56;54;63.0
3967	0
3967	
3509;0;0;56;54;63.0
3991	0
3991	
3533;0;0;56;54;58.0
4015	0
4015	
3557;0;0;56;54;63.0
4040	0
4040	
3581;0;0;56;54;68.0
4066	0
4066	
3605;0;0;56;54;59.0
4090	0
4090	
3629;0;0;56;54;61.0
4114	0
4114	
3654;0;0;56;54;59.0
4148	0
4148	
3690;0;0;56;54;58.0
4172	0
4172	
3714;0;0;56;54;59.0
4197	0
4197	
3738;0;0;56;54;62.0
4221	0
4221	
3762;0;0;56;54;58.0
4247	0
4247	
3786;0;0;56;54;63.0
4271	0
4271	
3811;0;0;56;54;67.0
4296	0
4296	
3838;0;0;56;54;49.0
4320	0
4320	
3862;0;0;56;54;49.0
4355	0
4355	
3886;0;0;56;54;50.0
4375	0
4375	
3910;0;0;56;54;63.0
4393	0
4393	
3934;0;0;56;54;60.0
4419	0
4419	
3958;0;0;56;54;58.0
4443	0
4443	
3982;0;0;56;54;59.0
4467	0
4467	
4007;0;0;56;54;66.0
4492	0
4492	
4034;0;0;56;54;67.0
4516	0
4516	
4058;0;0;56;54;80.0
4540	0
4540	
4082;0;0;56;54;59.0
4582	0
4582	
4106;0;0;56;54;63.0
4596	0
4596	
4131;0;0;56;54;51.0
4616	0
4616	
4155;0;0;56;54;51.0
4640	0
4640	
4179;0;0;56;54;57.0
4664	0
4664	
4204;0;0;56;54;57.0
4689	0
4689	
4231;0;0;56;54;58.0
4713	0
4713	
4255;0;0;56;54;62.0
4737	0
4737	
4279;0;0;56;54;58.0
4761	0
4761	
4303;0;0;56;54;58.0
4793	0
4793	
4331;0;0;56;54;63.0
4816	0
4816	
4358;0;0;56;54;63.0
4841	0
4841	
4383;0;0;56;54;50.0
4865	0
4865	
4407;0;0;56;54;54.0
4889	0
4889	
4431;0;0;56;54;61.0
4917	0
4917	
4456;0;0;56;54;63.0
4941	0
4941	
4480;0;0;56;54;55.0
4965	0
4965	
4504;0;0;56;54;56.0
4989	0
4989	
4531;0;0;56;54;59.0
5026	0
5026	
4563;0;0;56;54;53.0
5049	0
5049	
4588;0;0;56;54;60.0
5073	0
5073	
4612;0;0;56;54;47.0
5097	0
5097	
4639;0;0;56;54;48.0
5122	0
5122	
4664;0;0;56;54;63.0
5146	0
5146	
4688;0;0;56;54;61.0
5170	0
5170	
4712;0;0;56;54;65.0
5194	0
5194	
4736;0;0;56;54;58.0
5228	0
5228	
4760;0;0;56;54;59.0
5248	0
5248	
4785;0;0;56;54;61.0
5270	0
5270	
4809;0;0;56;54;62.0
5294	0
5294	
4834;0;0;56;54;44.0
5319	0
5319	
4861;0;0;56;54;59.0
5343	0
5343	
4885;0;0;56;54;57.0
5367	0
5367	
4909;0;0;56;54;55.0
5393	0
5393	
4934;0;0;56;54;59.0
5419	0
5419	
4958;0;0;56;54;58.0
5452	0
5452	
4982;0;0;56;54;59.0
5471	0
5471	
5008;0;0;56;54;62.0
5493	0
5493	
5035;0;0;56;54;47.0
5519	0
5519	
5061;0;0;56;54;93.0
5543	0
5543	
5085;0;0;56;54;73.0
5567	0
5567	
5109;0;0;56;54;39.0
5594	0
5594	
5133;0;0;56;54;61.0
5618	0
5618	
5157;0;0;56;54;58.0
5646	0
5646	
5181;0;0;56;54;57.0
5669	0
5669	
5210;0;0;56;54;63.0
5692	0
5692	
5234;0;0;56;54;63.0
5716	0
5716	
5258;0;0;56;54;48.0
5744	0
5744	
5282;0;0;56;54;90.0
5767	0
5767	
5306;0;0;56;54;90.0
5791	0
5791	
5330;0;0;56;54;53.0
5815	0
5815	
5354;0;0;56;54;67.0
5839	0
5839	
5381;0;0;56;54;65.0
5866	0
5866	
5406;0;0;56;54;46.0
5893	0
5893	
5432;0;0;56;54;48.0
5914	0
5914	
5456;0;0;56;54;51.0
5938	0
5938	
5480;0;0;56;54;37.0
5963	0
5963	
5504;0;0;56;54;72.0
5989	0
5989	
5528;0;0;56;54;58.0
6013	0
6013	
5552;0;0;56;54;62.0
6037	0
6037	
5577;0;0;56;54;61.0
6062	0
6062	
5604;0;0;56;54;57.0
6098	0
6098	
5628;0;0;56;54;74.0
6117	0
6117	
5652;0;0;56;54;63.0
6135	0
6135	
5677;0;0;56;54;53.0
6160	0
6160	
5701;0;0;56;54;37.0
6186	0
6186	
5726;0;0;56;54;111.0
6211	0
6211	
5751;0;0;56;54;74.0
6236	0
6236	
5778;0;0;56;54;57.0
6261	0
6261	
5803;0;0;56;54;51.0
6286	0
6286	
5828;0;0;56;54;80.0
6322	0
6322	
5857;0;0;56;54;58.0
6342	0
6342	
5881;0;0;56;54;59.0
6366	0
6366	
5906;0;0;56;54;45.0
6391	0
6391	
5933;0;0;56;54;117.0
6415	0
6415	
5957;0;0;56;54;89.0
6439	0
6439	
5981;0;0;56;54;59.0
6463	0
6463	
6005;0;0;56;54;51.0
6490	0
6490	
6030;0;0;56;54;67.0
6520	0
6520	
6054;0;0;56;54;63.0
6542	0
6542	
6083;0;0;56;54;49.0
6565	0
6565	
6107;0;0;56;54;46.0
6589	0
6589	
6131;0;0;56;54;54.0
6613	0
6613	
6155;0;0;56;54;76.0
6640	0
6640	
6179;0;0;56;54;61.0
6664	0
6664	
6203;0;0;56;54;63.0
6688	0
6688	
6228;0;0;56;54;55.0
6713	0
6713	
6255;0;0;56;54;57.0
6749	0
6749	
6283;0;0;56;54;62.0
6765	0
6765	
6307;0;0;56;54;59.0
6792	0
6792	
6331;0;0;56;54;50.0
6816	0
6816	
6355;0;0;56;54;47.0
6840	0
6840	
6379;0;0;56;54;84.0
6864	0
6864	
6406;0;0;56;54;62.0
6889	0
6889	
6431;0;0;56;54;59.0
6914	0
6914	
6455;0;0;56;54;58.0
6938	0
6938	
6480;0;0;56;54;58.0
6969	0
6969	
6508;0;0;56;54;59.0
6993	0
6993	
6533;0;0;56;54;58.0
7018	0
7018	
6560;0;0;56;54;51.0
7042	0
7042	
6584;0;0;56;54;73.0
7066	0
7066	
6608;0;0;56;54;62.0
7090	0
7090	
6632;0;0;56;54;58.0
7117	0
7117	
6656;0;0;56;54;63.0
7141	0
7141	
6680;0;0;56;54;76.0
7165	0
7165	
6704;0;0;56;54;57.0
7193	0
7193	
6735;0;0;56;54;60.0
7218	0
7218	
6760;0;0;56;54;57.0
7242	0
7242	
6784;0;0;56;54;98.0
7266	0
7266	
6808;0;0;56;54;76.0
7293	0
7293	
6833;0;0;56;54;63.0
7319	0
7319	
6859;0;0;56;54;63.0
7344	0
7344	
6886;0;0;56;54;62.0
7368	0
7368	
6910;0;0;56;54;58.0
7405	0
7405	
6935;0;0;56;54;55.0
7423	0
7423	
6959;0;0;56;54;67.0
7445	0
7445	
6984;0;0;56;54;46.0
7469	0
7469	
7008;0;0;56;54;57.0
7493	0
7493	
7034;0;0;56;54;66.0
7518	0
7518	
7060;0;0;56;54;62.0
7542	0
7542	
7084;0;0;56;54;58.0
7566	0
7566	
7108;0;0;56;54;61.0
7593	0
7593	
7133;0;0;56;54;65.0
7627	0
7627	
7167;0;0;56;54;51.0
7650	0
7650	
7192;0;0;56;54;55.0
7674	0
7674	
7216;0;0;56;54;57.0
7699	0
7699	
7240;0;0;56;54;95.0
7723	0
7723	
7264;0;0;56;54;46.0
7749	0
7749	
7288;0;0;56;54;67.0
7773	0
7773	
7313;0;0;56;54;67.0
7798	0
7798	
7340;0;0;56;54;67.0
7826	0
7826	
7364;0;0;56;54;63.0
7852	0
7852	
7389;0;0;56;54;63.0
7871	0
7871	
7413;0;0;56;54;54.0
7899	0
7899	
7438;0;0;56;54;62.0
7923	0
7923	
7462;0;0;56;54;68.0
7947	0
7947	
7487;0;0;56;54;50.0
7972	0
7972	
7514;0;0;56;54;63.0
7996	0
7996	
7538;0;0;56;54;58.0
8020	0
8020	
7562;0;0;56;54;63.0
8056	0
8056	
7586;0;0;56;54;63.0
8075	0
8075	
7611;0;0;56;54;66.0
8096	0
8096	
7635;0;0;56;54;54.0
8120	0
8120	
7659;0;0;56;54;58.0
8144	0
8144	
7684;0;0;56;54;63.0
8169	0
8169	
7711;0;0;56;54;51.0
8193	0
8193	
7735;0;0;56;54;51.0
8217	0
8217	
7759;0;0;56;54;62.0
8241	0
8241	
7783;0;0;56;54;59.0
8272	0
8272	
7811;0;0;56;54;46.0
8296	0
8296	
7838;0;0;56;54;51.0
8320	0
8320	
7862;0;0;56;54;55.0
8344	0
8344	
7886;0;0;56;54;65.0
8368	0
8368	
7910;0;0;56;54;58.0
8395	0
8395	
7935;0;0;56;54;67.0
8420	0
8420	
7959;0;0;56;54;77.0
8444	0
8444	
7986;0;0;56;54;77.0
8469	0
8469	
8011;0;0;56;54;60.0
8501	0
8501	
8041;0;0;56;54;67.0
8524	0
8524	
8065;0;0;56;54;51.0
8548	0
8548	
8090;0;0;56;54;51.0
8575	0
8575	
8115;0;0;56;54;63.0
8598	0
8598	
8139;0;0;56;54;58.0
8622	0
8622	
8164;0;0;56;54;63.0
8647	0
8647	
8189;0;0;56;54;61.0
8672	0
8672	
8213;0;0;56;54;63.0
8703	0
8703	
8237;0;0;56;54;61.0
8726	0
8726	
8264;0;0;56;54;62.0
8748	0
8748	
8288;0;0;56;54;54.0
8771	0
8771	
8313;0;0;56;54;78.0
8796	0
8796	
8338;0;0;56;54;59.0
8821	0
8821	
8362;0;0;56;54;68.0
8845	0
8845	
8386;0;0;56;54;62.0
8872	0
8872	
8412;0;0;56;54;60.0
8897	0
8897	
8437;0;0;56;54;63.0
8932	0
8932	
8462;0;0;56;54;74.0
8951	0
8951	
8488;0;0;56;54;39.0
8970	0
8970	
8512;0;0;56;54;71.0
8995	0
8995	
8536;0;0;56;54;102.0
9019	0
9019	
8560;0;0;56;54;51.0
9045	0
9045	
8584;0;0;56;54;58.0
9069	0
9069	
8609;0;0;56;54;68.0
9094	0
9094	
8636;0;0;56;54;58.0
9121	0
9121	
8660;0;0;56;54;67.0
9146	0
9146	
8685;0;0;56;54;67.0
9167	0
9167	
8709;0;0;56;54;38.0
9193	0
9193	
8734;0;0;56;54;67.0
9220	0
9220	
8759;0;0;56;54;117.0
9244	0
9244	
8784;0;0;56;54;57.0
9269	0
9269	
8811;0;0;56;54;72.0
9294	0
9294	
8836;0;0;56;54;73.0
9318	0
9318	
8860;0;0;56;54;59.0
9354	0
9354	
8884;0;0;56;54;43.0
9372	0
9372	
8909;0;0;56;54;67.0
9394	0
9394	
8934;0;0;56;54;39.0
9419	0
9419	
8959;0;0;56;54;62.0
9445	0
9445	
8987;0;0;56;54;78.0
9469	0
9469	
9011;0;0;56;54;59.0
9493	0
9493	
9036;0;0;56;54;57.0
9518	0
9518	
9060;0;0;56;54;58.0
9545	0
9545	
9084;0;0;56;54;62.0
9578	0
9578	
9120;0;0;56;54;63.0
9603	0
9603	
9145;0;0;56;54;41.0
9627	0
9627	
9169;0;0;56;54;117.0
9652	0
9652	
9193;0;0;56;54;63.0
9676	0
9676	
9217;0;0;56;54;63.0
9702	0
9702	
9241;0;0;56;54;63.0
9726	0
9726	
9266;0;0;56;54;63.0
9751	0
9751	
9293;0;0;56;54;63.0
9780	0
9780	
9317;0;0;56;54;57.0
9804	0
9804	
9341;0;0;56;54;74.0
9824	0
9824	
9366;0;0;56;54;51.0
9848	0
9848	
9390;0;0;56;54;98.0
9873	0
9873	
9414;0;0;56;54;73.0
9899	0
9899	
9438;0;0;56;54;49.0
9923	0
9923	
9462;0;0;56;54;62.0
9948	0
9948	
9490;0;0;56;54;62.0
9972	0
9972	
9514;0;0;56;54;74.0
10008	0
10008	
9538;0;0;56;54;59.0
10027	0
10027	
9562;0;0;56;54;51.0
10044	0
10044	
9586;0;0;56;54;41.0
10072	0
10072	
9611;0;0;56;54;72.0
10097	0
10097	
9636;0;0;56;54;59.0
10121	0
10121	
9663;0;0;56;54;62.0
10145	0
10145	
9687;0;0;56;54;62.0
10169	0
10169	
9711;0;0;56;54;62.0
10196	0
10196	
9736;0;0;56;54;43.0
10225	0
10225	
9766;0;0;56;54;81.0
10249	0
10249	
9791;0;0;56;54;44.0
10273	0
10273	
9815;0;0;56;54;63.0
10297	0
10297	
9839;0;0;56;54;58.0
10322	0
10322	
9863;0;0;56;54;62.0
10348	0
10348	
9887;0;0;56;54;78.0
10372	0
10372	
9911;0;0;56;54;51.0
10396	0
10396	
9937;0;0;56;54;59.0
10426	0
10426	
9963;0;0;56;54;78.0
10448	0
10448	
9988;0;0;56;54;63.0
10470	0
10470	
10012;0;0;56;54;39.0
10497	0
10497	
10037;0;0;56;54;58.0
10522	0
10522	
10061;0;0;56;54;57.0
10546	0
10546	
10086;0;0;56;54;78.0
10571	0
10571	
10113;0;0;56;54;62.0
10595	0
10595	
10138;0;0;56;54;58.0
10620	0
10620	
10162;0;0;56;54;63.0
10653	0
10653	
10191;0;0;56;54;58.0
10676	0
10676	
10218;0;0;56;54;58.0
10701	0
10701	
10243;0;0;56;54;73.0
10725	0
10725	
10267;0;0;56;54;57.0
10749	0
10749	
10291;0;0;56;54;63.0
10774	0
10774	
10315;0;0;56;54;68.0
10800	0
10800	
10340;0;0;56;54;51.0
10825	0
10825	
10365;0;0;56;54;62.0
10854	0
10854	
10392;0;0;56;54;67.0
10877	0
10877	
10417;0;0;56;54;58.0
10900	0
10900	
10442;0;0;56;54;74.0
10929	0
10929	
10467;0;0;56;54;68.0
10952	0
10952	
10491;0;0;56;54;62.0
10976	0
10976	
10515;0;0;56;54;63.0
11000	0
11000	
10540;0;0;56;54;67.0
11025	0
11025	
10567;0;0;56;54;63.0
11049	0
11049	
10591;0;0;56;54;45.0
11085	0
11085	
10622;0;0;56;54;61.0
11107	0
11107	
10647;0;0;56;54;62.0
11132	0
11132	
10674;0;0;56;54;77.0
11156	0
11156	
10698;0;0;56;54;57.0
11180	0
11180	
10722;0;0;56;54;63.0
11204	0
11204	
10746;0;0;56;54;51.0
11231	0
11231	
10770;0;0;56;54;61.0
11255	0
11255	
10794;0;0;56;54;63.0
11286	0
11286	
10818;0;0;56;54;51.0
11308	0
11308	
10848;0;0;56;54;46.0
11330	0
11330	
10872;0;0;56;54;57.0
11354	0
11354	
10896;0;0;56;54;66.0
11378	0
11378	
10920;0;0;56;54;57.0
11405	0
11405	
10945;0;0;56;54;63.0
11430	0
11430	
10969;0;0;56;54;62.0
11454	0
11454	
10994;0;0;56;54;45.0
11484	0
11484	
11021;0;0;56;54;63.0
11507	0
11507	
11046;0;0;56;54;49.0
11528	0
11528	
11070;0;0;56;54;58.0
11552	0
11552	
11094;0;0;56;54;51.0
11580	0
11580	
11119;0;0;56;54;72.0
11604	0
11604	
11144;0;0;56;54;58.0
11629	0
11629	
11171;0;0;56;54;59.0
11654	0
11654	
11196;0;0;56;54;58.0
11678	0
11678	
11220;0;0;56;54;63.0
11712	0
11712	
11250;0;0;56;54;55.0
11735	0
11735	
11277;0;0;56;54;65.0
11760	0
11760	
11302;0;0;56;54;54.0
11784	0
11784	
11326;0;0;56;54;73.0
11808	0
11808	
11350;0;0;56;54;50.0
11833	0
11833	
11374;0;0;56;54;62.0
11859	0
11859	
11398;0;0;56;54;63.0
11883	0
11883	
11422;0;0;56;54;62.0
11911	0
11911	
11448;0;0;56;54;58.0
11935	0
11935	
11476;0;0;56;54;58.0
11958	0
11958	
11500;0;0;56;54;58.0
11982	0
11982	
11524;0;0;56;54;60.0
12006	0
12006	
11549;0;0;56;54;95.0
12034	0
12034	
11573;0;0;56;54;58.0
12058	0
12058	
11597;0;0;56;54;59.0
12082	0
12082	
11621;0;0;56;54;54.0
12107	0
12107	
11648;0;0;56;54;63.0
12143	0
12143	
11678;0;0;56;54;63.0
12161	0
12161	
11702;0;0;56;54;63.0
12187	0
12187	
11726;0;0;56;54;61.0
12211	0
12211	
11750;0;0;56;54;43.0
12235	0
12235	
11775;0;0;56;54;102.0
12260	0
12260	
11802;0;0;56;54;58.0
12284	0
12284	
11826;0;0;56;54;43.0
12308	0
12308	
11850;0;0;56;54;65.0
12344	0
12344	
11874;0;0;56;54;57.0
12363	0
12363	
11898;0;0;56;54;58.0
12383	0
12383	
11922;0;0;56;54;67.0
12407	0
12407	
11947;0;0;56;54;63.0
12432	0
12432	
11974;0;0;56;54;104.0
12456	0
12456	
11998;0;0;56;54;63.0
12480	0
12480	
12022;0;0;56;54;62.0
12506	0
12506	
12047;0;0;56;54;58.0
12537	0
12537	
12072;0;0;56;54;67.0
12560	0
12560	
12100;0;0;56;54;58.0
12583	0
12583	
12125;0;0;56;54;55.0
12607	0
12607	
12150;0;0;56;54;63.0
12632	0
12632	
12174;0;0;56;54;44.0
12659	0
12659	
12198;0;0;56;54;104.0
12683	0
12683	
12222;0;0;56;54;61.0
12707	0
12707	
12246;0;0;56;54;59.0
12731	0
12731	
12273;0;0;56;54;57.0
12762	0
12762	
12298;0;0;56;54;59.0
12784	0
12784	
12323;0;0;56;54;58.0
12806	0
12806	
12348;0;0;56;54;72.0
12830	0
12830	
12372;0;0;56;54;41.0
12857	0
12857	
12396;0;0;56;54;26.0
12881	0
12881	
12420;0;0;56;54;90.0
12905	0
12905	
12444;0;0;56;54;63.0
12929	0
12929	
12471;0;0;56;54;67.0
12958	0
12958	
12496;0;0;56;54;63.0
12981	0
12981	
12521;0;0;56;54;57.0
13003	0
13003	
12545;0;0;56;54;59.0
13027	0
13027	
12569;0;0;56;54;57.0
13052	0
13052	
12593;0;0;56;54;46.0
13078	0
13078	
12617;0;0;56;54;39.0
13102	0
13102	
12641;0;0;56;54;76.0
13126	0
13126	
12666;0;0;56;54;46.0
13151	0
13151	
12693;0;0;56;54;67.0
13187	0
13187	
12722;0;0;56;54;63.0
13207	0
13207	
12746;0;0;56;54;56.0
13231	0
13231	
12770;0;0;56;54;63.0
13255	0
13255	
12794;0;0;56;54;59.0
13280	0
13280	
12821;0;0;56;54;65.0
13304	0
13304	
12846;0;0;56;54;77.0
13328	0
13328	
12870;0;0;56;54;63.0
13352	0
13352	
12894;0;0;56;54;58.0
13383	0
13383	
12918;0;0;56;54;56.0
13408	0
13408	
12944;0;0;56;54;61.0
13430	0
13430	
12972;0;0;56;54;58.0
13454	0
13454	
12996;0;0;56;54;58.0
13478	0
13478	
13020;0;0;56;54;59.0
13502	0
13502	
13044;0;0;56;54;67.0
13527	0
13527	
13068;0;0;56;54;117.0
13553	0
13553	
13092;0;0;56;54;63.0
13577	0
13577	
13116;0;0;56;54;61.0
13610	0
13610	
13141;0;0;56;54;81.0
13629	0
13629	
13167;0;0;56;54;59.0
13650	0
13650	
13192;0;0;56;54;62.0
13675	0
13675	
13217;0;0;56;54;58.0
13699	0
13699	
13241;0;0;56;54;47.0
13723	0
13723	
13265;0;0;56;54;68.0
13748	0
13748	
13289;0;0;56;54;90.0
13774	0
13774	
13313;0;0;56;54;65.0
13803	0
13803	
13337;0;0;56;54;62.0
13826	0
13826	
13365;0;0;56;54;73.0
13848	0
13848	
13390;0;0;56;54;83.0
13872	0
13872	
13414;0;0;56;54;62.0
13898	0
13898	
13439;0;0;56;54;56.0
13924	0
13924	
13463;0;0;56;54;41.0
13948	0
13948	
13487;0;0;56;54;53.0
13972	0
13972	
13512;0;0;56;54;58.0
13997	0
13997	
13539;0;0;56;54;39.0
14031	0
14031	
13571;0;0;56;54;59.0
14054	0
14054	
13595;0;0;56;54;57.0
14080	0
14080	
13620;0;0;56;54;48.0
14106	0
14106	
13645;0;0;56;54;63.0
14128	0
14128	
13670;0;0;56;54;46.0
14153	0
14153	
13695;0;0;56;54;54.0
14177	0
14177	
13719;0;0;56;54;62.0
14202	0
14202	
13743;0;0;56;54;61.0
14233	0
14233	
13767;0;0;56;54;77.0
14256	0
14256	
13794;0;0;56;54;58.0
14279	0
14279	
13821;0;0;56;54;58.0
14303	0
14303	
13845;0;0;56;54;58.0
14327	0
14327	
13869;0;0;56;54;59.0
14351	0
14351	
13893;0;0;56;54;67.0
14376	0
14376	
13917;0;0;56;54;80.0
14402	0
14402	
13941;0;0;56;54;57.0
14430	0
14430	
13965;0;0;56;54;59.0
14453	0
14453	
13994;0;0;56;54;59.0
14476	0
14476	
14018;0;0;56;54;62.0
14500	0
14500	
14042;0;0;56;54;63.0
14524	0
14524	
14066;0;0;56;54;63.0
14549	0
14549	
14090;0;0;56;54;63.0
14575	0
14575	
14114;0;0;56;54;59.0
14599	0
14599	
14138;0;0;56;54;62.0
14623	0
14623	
14163;0;0;56;54;67.0
14657	0
14657	
14194;0;0;56;54;48.0
14676	0
14676	
14218;0;0;56;54;57.0
14700	0
14700	
14242;0;0;56;54;55.0
14727	0
14727	
14266;0;0;56;54;59.0
14751	0
14751	
14290;0;0;56;54;59.0
14775	0
14775	
14314;0;0;56;54;67.0
14799	0
14799	
14341;0;0;56;54;54.0
14824	0
14824	
14366;0;0;56;54;61.0
14859	0
14859	
14390;0;0;56;54;62.0
14880	0
14880	
14414;0;0;56;54;59.0
14896	0
14896	
14438;0;0;56;54;59.0
14921	0
14921	
14462;0;0;56;54;61.0
14947	0
14947	
14486;0;0;56;54;63.0
14971	0
14971	
14510;0;0;56;54;62.0
14995	0
14995	
14535;0;0;56;54;57.0
15020	0
15020	
14562;0;0;56;54;72.0
15045	0
15045	
14587;0;0;56;54;62.0
15081	0
15081	
14611;0;0;56;54;63.0
15101	0
15101	
14635;0;0;56;54;63.0
15120	0
15120	
14661;0;0;56;54;63.0
15146	0
15146	
14685;0;0;56;54;57.0
15170	0
15170	
14710;0;0;56;54;51.0
15195	0
15195	
14737;0;0;56;54;67.0
15220	0
15220	
14762;0;0;56;54;62.0
15244	0
15244	
14786;0;0;56;54;76.0
15281	0
15281	
14810;0;0;56;54;62.0
15299	0
15299	
14835;0;0;56;54;58.0
15320	0
15320	
14860;0;0;56;54;67.0
15345	0
15345	
14887;0;0;56;54;45.0
15369	0
15369	
14911;0;0;56;54;67.0
15393	0
15393	
14935;0;0;56;54;54.0
15419	0
15419	
14960;0;0;56;54;42.0
15445	0
15445	
14984;0;0;56;54;61.0
15469	0
15469	
15008;0;0;56;54;90.0
15497	0
15497	
15039;0;0;56;54;61.0
15522	0
15522	
15064;0;0;56;54;63.0
15546	0
15546	
15088;0;0;56;54;53.0
15570	0
15570	
15112;0;0;56;54;63.0
15595	0
15595	
15136;0;0;56;54;63.0
15621	0
15621	
15161;0;0;56;54;50.0
15646	0
15646	
15186;0;0;56;54;44.0
15671	0
15671	
15213;0;0;56;54;90.0
15700	0
15700	
15237;0;0;56;54;57.0
15723	0
