milliseconds	Werte
463	0
463	
6;0;0;56;54;0.0
488	0
488	
30;0;0;56;54;59.0
514	0
514	
54;0;0;56;54;80.0
539	0
539	
78;0;0;56;54;58.0
563	0
563	
102;0;0;56;54;42.0
587	0
587	
129;0;0;56;54;90.0
612	0
612	
154;0;0;56;54;67.0
648	0
648	
184;0;0;56;54;53.0
669	0
669	
208;0;0;56;54;62.0
693	0
693	
233;0;0;56;54;54.0
718	0
718	
260;0;0;56;54;63.0
742	0
742	
285;0;0;56;54;59.0
767	0
767	
309;0;0;56;54;51.0
791	0
791	
333;0;0;56;54;109.0
819	0
819	
358;0;0;56;54;63.0
852	0
852	
382;0;0;56;54;61.0
871	0
871	
407;0;0;56;54;59.0
892	0
892	
434;0;0;56;54;62.0
916	0
916	
458;0;0;56;54;62.0
941	0
941	
482;0;0;56;54;68.0
964	0
964	
506;0;0;56;54;59.0
989	0
989	
530;0;0;56;54;58.0
1015	0
1015	
554;0;0;56;54;111.0
1039	0
1039	
578;0;0;56;54;59.0
1072	0
1072	
610;0;0;56;54;67.0
1093	0
1093	
635;0;0;56;54;49.0
1117	0
1117	
659;0;0;56;54;63.0
1141	0
1141	
683;0;0;56;54;58.0
1166	0
1166	
707;0;0;56;54;62.0
1190	0
1190	
731;0;0;56;54;35.0
1216	0
1216	
755;0;0;56;54;43.0
1240	0
1240	
780;0;0;56;54;111.0
1265	0
1265	
807;0;0;56;54;72.0
1295	0
1295	
837;0;0;56;54;63.0
1320	0
1320	
861;0;0;56;54;62.0
1346	0
1346	
886;0;0;56;54;63.0
1371	0
1371	
911;0;0;56;54;61.0
1396	0
1396	
938;0;0;56;54;35.0
1420	0
1420	
962;0;0;56;54;38.0
1444	0
1444	
987;0;0;56;54;59.0
1469	0
1469	
1011;0;0;56;54;62.0
1501	0
1501	
1035;0;0;56;54;62.0
1523	0
1523	
1061;0;0;56;54;63.0
1546	0
1546	
1085;0;0;56;54;61.0
1570	0
1570	
1110;0;0;56;54;66.0
1595	0
1595	
1137;0;0;56;54;61.0
1619	0
1619	
1161;0;0;56;54;39.0
1645	0
1645	
1186;0;0;56;54;113.0
1668	0
1668	
1210;0;0;56;54;105.0
1695	0
1695	
1234;0;0;56;54;45.0
1728	0
1728	
1265;0;0;56;54;68.0
1750	0
1750	
1292;0;0;56;54;54.0
1774	0
1774	
1316;0;0;56;54;61.0
1798	0
1798	
1340;0;0;56;54;51.0
1822	0
1822	
1364;0;0;56;54;63.0
1849	0
1849	
1389;0;0;56;54;39.0
1874	0
1874	
1413;0;0;56;54;109.0
1898	0
1898	
1438;0;0;56;54;117.0
1928	0
1928	
1465;0;0;56;54;54.0
1951	0
1951	
1490;0;0;56;54;52.0
1972	0
1972	
1514;0;0;56;54;68.0
1996	0
1996	
1538;0;0;56;54;62.0
2020	0
2020	
1562;0;0;56;54;57.0
2047	0
2047	
1586;0;0;56;54;54.0
2071	0
2071	
1610;0;0;56;54;39.0
2095	0
2095	
1634;0;0;56;54;84.0
2119	0
2119	
1661;0;0;56;54;57.0
2156	0
2156	
1691;0;0;56;54;62.0
2176	0
2176	
1715;0;0;56;54;68.0
2200	0
2200	
1739;0;0;56;54;62.0
2224	0
2224	
1763;0;0;56;54;51.0
2248	0
2248	
1790;0;0;56;54;62.0
2273	0
2273	
1815;0;0;56;54;39.0
2297	0
2297	
1839;0;0;56;54;111.0
2321	0
2321	
1863;0;0;56;54;46.0
2356	0
2356	
1887;0;0;56;54;59.0
2376	0
2376	
1912;0;0;56;54;63.0
2397	0
2397	
1936;0;0;56;54;45.0
2421	0
2421	
1960;0;0;56;54;68.0
2446	0
2446	
1988;0;0;56;54;65.0
2470	0
2470	
2012;0;0;56;54;63.0
2494	0
2494	
2036;0;0;56;54;39.0
2518	0
2518	
2060;0;0;56;54;111.0
2543	0
2543	
2084;0;0;56;54;68.0
2579	0
2579	
2121;0;0;56;54;67.0
2604	0
2604	
2146;0;0;56;54;62.0
2628	0
2628	
2170;0;0;56;54;62.0
2654	0
2654	
2195;0;0;56;54;51.0
2680	0
2680	
2219;0;0;56;54;58.0
2704	0
2704	
2243;0;0;56;54;47.0
2728	0
2728	
2268;0;0;56;54;46.0
2753	0
2753	
2295;0;0;56;54;68.0
2777	0
2777	
2319;0;0;56;54;45.0
2807	0
2807	
2348;0;0;56;54;59.0
2831	0
2831	
2372;0;0;56;54;62.0
2857	0
2857	
2397;0;0;56;54;62.0
2882	0
2882	
2422;0;0;56;54;63.0
2906	0
2906	
2446;0;0;56;54;55.0
2929	0
2929	
2471;0;0;56;54;48.0
2956	0
2956	
2497;0;0;56;54;84.0
2980	0
2980	
2521;0;0;56;54;57.0
3013	0
3013	
2545;0;0;56;54;67.0
3035	0
3035	
2571;0;0;56;54;58.0
3055	0
3055	
2596;0;0;56;54;62.0
3079	0
3079	
2620;0;0;56;54;55.0
3103	0
3103	
2645;0;0;56;54;68.0
3130	0
3130	
2670;0;0;56;54;52.0
3154	0
3154	
2694;0;0;56;54;54.0
3178	0
3178	
2720;0;0;56;54;66.0
3208	0
3208	
2744;0;0;56;54;58.0
3231	0
3231	
2769;0;0;56;54;76.0
3253	0
3253	
2794;0;0;56;54;57.0
3279	0
3279	
2819;0;0;56;54;67.0
3302	0
3302	
2843;0;0;56;54;63.0
3326	0
3326	
2867;0;0;56;54;68.0
3352	0
3352	
2892;0;0;56;54;63.0
3377	0
3377	
2917;0;0;56;54;60.0
3400	0
3400	
2941;0;0;56;54;68.0
3434	0
3434	
2966;0;0;56;54;65.0
3454	0
3454	
2992;0;0;56;54;66.0
3475	0
3475	
3016;0;0;56;54;62.0
3499	0
3499	
3040;0;0;56;54;59.0
3526	0
3526	
3066;0;0;56;54;67.0
3551	0
3551	
3091;0;0;56;54;58.0
3574	0
3574	
3116;0;0;56;54;68.0
3599	0
3599	
3141;0;0;56;54;61.0
3623	0
3623	
3165;0;0;56;54;59.0
3664	0
3664	
3189;0;0;56;54;66.0
3679	0
3679	
3213;0;0;56;54;51.0
3698	0
3698	
3237;0;0;56;54;63.0
3722	0
3722	
3262;0;0;56;54;60.0
3747	0
3747	
3289;0;0;56;54;63.0
3771	0
3771	
3313;0;0;56;54;58.0
3795	0
3795	
3337;0;0;56;54;71.0
3819	0
3819	
3361;0;0;56;54;90.0
3844	0
3844	
3385;0;0;56;54;68.0
3879	0
3879	
3410;0;0;56;54;62.0
3900	0
3900	
3436;0;0;56;54;67.0
3920	0
3920	
3460;0;0;56;54;63.0
3943	0
3943	
3485;0;0;56;54;58.0
3968	0
3968	
3510;0;0;56;54;61.0
3993	0
3993	
3534;0;0;56;54;43.0
4017	0
4017	
3558;0;0;56;54;62.0
4041	0
4041	
3582;0;0;56;54;97.0
4068	0
4068	
3607;0;0;56;54;58.0
4097	0
4097	
3632;0;0;56;54;67.0
4120	0
4120	
3659;0;0;56;54;63.0
4141	0
4141	
3683;0;0;56;54;51.0
4165	0
4165	
3707;0;0;56;54;45.0
4190	0
4190	
3731;0;0;56;54;89.0
4216	0
4216	
3755;0;0;56;54;39.0
4240	0
4240	
3779;0;0;56;54;57.0
4264	0
4264	
3805;0;0;56;54;92.0
4289	0
4289	
3831;0;0;56;54;51.0
4325	0
4325	
3855;0;0;56;54;51.0
4343	0
4343	
3880;0;0;56;54;57.0
4364	0
4364	
3905;0;0;56;54;39.0
4390	0
4390	
3929;0;0;56;54;67.0
4414	0
4414	
3953;0;0;56;54;63.0
4438	0
4438	
3978;0;0;56;54;39.0
4463	0
4463	
4005;0;0;56;54;58.0
4487	0
4487	
4029;0;0;56;54;80.0
4511	0
4511	
4053;0;0;56;54;68.0
4547	0
4547	
4077;0;0;56;54;62.0
4566	0
4566	
4101;0;0;56;54;66.0
4586	0
4586	
4125;0;0;56;54;50.0
4610	0
4610	
4149;0;0;56;54;63.0
4634	0
4634	
4174;0;0;56;54;58.0
4659	0
4659	
4201;0;0;56;54;113.0
4683	0
4683	
4225;0;0;56;54;102.0
4707	0
4707	
4249;0;0;56;54;81.0
4731	0
4731	
4273;0;0;56;54;67.0
4768	0
4768	
4297;0;0;56;54;63.0
4787	0
4787	
4322;0;0;56;54;58.0
4807	0
4807	
4346;0;0;56;54;62.0
4831	0
4831	
4371;0;0;56;54;62.0
4856	0
4856	
4398;0;0;56;54;31.0
4880	0
4880	
4422;0;0;56;54;111.0
4904	0
4904	
4446;0;0;56;54;102.0
4928	0
4928	
4470;0;0;56;54;67.0
4955	0
4955	
4494;0;0;56;54;63.0
4988	0
4988	
4518;0;0;56;54;69.0
5008	0
5008	
4542;0;0;56;54;61.0
5027	0
5027	
4568;0;0;56;54;68.0
5052	0
5052	
4594;0;0;56;54;45.0
5076	0
5076	
4618;0;0;56;54;27.0
5100	0
5100	
4642;0;0;56;54;100.0
5125	0
5125	
4666;0;0;56;54;111.0
5151	0
5151	
4690;0;0;56;54;67.0
5175	0
5175	
4714;0;0;56;54;67.0
5208	0
5208	
4746;0;0;56;54;67.0
5230	0
5230	
4771;0;0;56;54;51.0
5253	0
5253	
4795;0;0;56;54;62.0
5277	0
5277	
4819;0;0;56;54;51.0
5302	0
5302	
4843;0;0;56;54;31.0
5326	0
5326	
4867;0;0;56;54;78.0
5352	0
5352	
4891;0;0;56;54;57.0
5376	0
5376	
4916;0;0;56;54;53.0
5405	0
5405	
4943;0;0;56;54;62.0
5428	0
5428	
4969;0;0;56;54;45.0
5451	0
5451	
4993;0;0;56;54;63.0
5475	0
5475	
5017;0;0;56;54;67.0
5499	0
5499	
5041;0;0;56;54;55.0
5524	0
5524	
5065;0;0;56;54;84.0
5550	0
5550	
5089;0;0;56;54;102.0
5574	0
5574	
5113;0;0;56;54;73.0
5598	0
5598	
5138;0;0;56;54;62.0
5628	0
5628	
5165;0;0;56;54;67.0
5650	0
5650	
5190;0;0;56;54;68.0
5672	0
5672	
5214;0;0;56;54;67.0
5696	0
5696	
5238;0;0;56;54;63.0
5720	0
5720	
5262;0;0;56;54;39.0
5747	0
5747	
5286;0;0;56;54;68.0
5771	0
5771	
5311;0;0;56;54;111.0
5796	0
5796	
5338;0;0;56;54;61.0
5821	0
5821	
5363;0;0;56;54;67.0
5857	0
5857	
5387;0;0;56;54;62.0
5875	0
5875	
5413;0;0;56;54;61.0
5896	0
5896	
5437;0;0;56;54;50.0
5922	0
5922	
5461;0;0;56;54;58.0
5946	0
5946	
5485;0;0;56;54;44.0
5970	0
5970	
5511;0;0;56;54;51.0
5995	0
5995	
5537;0;0;56;54;80.0
6019	0
6019	
5561;0;0;56;54;62.0
6044	0
6044	
5585;0;0;56;54;61.0
6080	0
6080	
5610;0;0;56;54;66.0
6100	0
6100	
5635;0;0;56;54;62.0
6120	0
6120	
5660;0;0;56;54;58.0
6145	0
6145	
5687;0;0;56;54;47.0
6169	0
6169	
5712;0;0;56;54;84.0
6194	0
6194	
5736;0;0;56;54;68.0
6222	0
6222	
5761;0;0;56;54;68.0
6246	0
6246	
5785;0;0;56;54;62.0
6270	0
6270	
5809;0;0;56;54;59.0
6302	0
6302	
5836;0;0;56;54;61.0
6322	0
6322	
5862;0;0;56;54;61.0
6344	0
6344	
5886;0;0;56;54;66.0
6368	0
6368	
5910;0;0;56;54;54.0
6392	0
6392	
5934;0;0;56;54;84.0
6419	0
6419	
5958;0;0;56;54;57.0
6443	0
6443	
5982;0;0;56;54;63.0
6467	0
6467	
6006;0;0;56;54;57.0
6491	0
6491	
6033;0;0;56;54;67.0
6528	0
6528	
6063;0;0;56;54;51.0
6548	0
6548	
6087;0;0;56;54;67.0
6572	0
6572	
6111;0;0;56;54;61.0
6596	0
6596	
6135;0;0;56;54;51.0
6620	0
6620	
6162;0;0;56;54;61.0
6645	0
6645	
6187;0;0;56;54;62.0
6669	0
6669	
6211;0;0;56;54;52.0
6693	0
6693	
6235;0;0;56;54;46.0
6724	0
6724	
6259;0;0;56;54;63.0
6747	0
6747	
6284;0;0;56;54;61.0
6769	0
6769	
6308;0;0;56;54;74.0
6793	0
6793	
6333;0;0;56;54;65.0
6818	0
6818	
6360;0;0;56;54;74.0
6842	0
6842	
6384;0;0;56;54;61.0
6866	0
6866	
6408;0;0;56;54;61.0
6890	0
6890	
6432;0;0;56;54;55.0
6917	0
6917	
6456;0;0;56;54;60.0
6946	0
6946	
6480;0;0;56;54;68.0
6969	0
6969	
6509;0;0;56;54;62.0
6991	0
6991	
6533;0;0;56;54;81.0
7015	0
7015	
6557;0;0;56;54;58.0
7039	0
7039	
6581;0;0;56;54;72.0
7064	0
7064	
6605;0;0;56;54;65.0
7090	0
7090	
6629;0;0;56;54;66.0
7114	0
7114	
6653;0;0;56;54;62.0
7138	0
7138	
6678;0;0;56;54;59.0
7170	0
7170	
6705;0;0;56;54;68.0
7191	0
7191	
6729;0;0;56;54;67.0
7212	0
7212	
6753;0;0;56;54;62.0
7235	0
7235	
6777;0;0;56;54;47.0
7259	0
7259	
6801;0;0;56;54;87.0
7286	0
7286	
6825;0;0;56;54;58.0
7310	0
7310	
6849;0;0;56;54;62.0
7334	0
7334	
6873;0;0;56;54;78.0
7358	0
7358	
6900;0;0;56;54;62.0
7394	0
7394	
6926;0;0;56;54;67.0
7415	0
7415	
6950;0;0;56;54;63.0
7432	0
7432	
6974;0;0;56;54;63.0
7456	0
7456	
6998;0;0;56;54;60.0
7483	0
7483	
7023;0;0;56;54;104.0
7508	0
7508	
7047;0;0;56;54;63.0
7532	0
7532	
7072;0;0;56;54;62.0
7557	0
7557	
7099;0;0;56;54;63.0
7581	0
7581	
7124;0;0;56;54;51.0
7618	0
7618	
7148;0;0;56;54;81.0
7637	0
7637	
7172;0;0;56;54;62.0
7655	0
7655	
7196;0;0;56;54;57.0
7681	0
7681	
7220;0;0;56;54;58.0
7705	0
7705	
7244;0;0;56;54;111.0
7729	0
7729	
7269;0;0;56;54;58.0
7754	0
7754	
7296;0;0;56;54;62.0
7778	0
7778	
7320;0;0;56;54;63.0
7802	0
7802	
7344;0;0;56;54;62.0
7838	0
7838	
7375;0;0;56;54;67.0
7860	0
7860	
7402;0;0;56;54;63.0
7885	0
7885	
7427;0;0;56;54;51.0
7909	0
7909	
7451;0;0;56;54;78.0
7933	0
7933	
7475;0;0;56;54;62.0
7957	0
7957	
7499;0;0;56;54;61.0
7984	0
7984	
7523;0;0;56;54;58.0
8008	0
8008	
7547;0;0;56;54;62.0
8036	0
8036	
7571;0;0;56;54;83.0
8059	0
8059	
7600;0;0;56;54;63.0
8082	0
8082	
7624;0;0;56;54;39.0
8106	0
8106	
7648;0;0;56;54;31.0
8130	0
8130	
7672;0;0;56;54;68.0
8157	0
8157	
7696;0;0;56;54;63.0
8181	0
8181	
7720;0;0;56;54;67.0
8205	0
8205	
7744;0;0;56;54;67.0
8229	0
8229	
7771;0;0;56;54;55.0
8258	0
8258	
7796;0;0;56;54;68.0
8283	0
8283	
7821;0;0;56;54;63.0
8304	0
8304	
7846;0;0;56;54;39.0
8328	0
8328	
7870;0;0;56;54;111.0
8353	0
8353	
7894;0;0;56;54;95.0
8380	0
8380	
7918;0;0;56;54;59.0
8403	0
8403	
7942;0;0;56;54;61.0
8428	0
8428	
7970;0;0;56;54;59.0
8452	0
8452	
7994;0;0;56;54;63.0
8493	0
8493	
8018;0;0;56;54;68.0
8507	0
8507	
8042;0;0;56;54;62.0
8524	0
8524	
8066;0;0;56;54;24.0
8548	0
8548	
8090;0;0;56;54;111.0
8573	0
8573	
8114;0;0;56;54;117.0
8599	0
8599	
8138;0;0;56;54;63.0
8623	0
8623	
8162;0;0;56;54;78.0
8647	0
8647	
8187;0;0;56;54;61.0
8672	0
8672	
8214;0;0;56;54;51.0
8708	0
8708	
8242;0;0;56;54;59.0
8724	0
8724	
8266;0;0;56;54;53.0
8751	0
8751	
8290;0;0;56;54;30.0
8775	0
8775	
8314;0;0;56;54;90.0
8799	0
8799	
8338;0;0;56;54;51.0
8823	0
8823	
8365;0;0;56;54;68.0
8848	0
8848	
8390;0;0;56;54;68.0
8872	0
8872	
8414;0;0;56;54;51.0
8906	0
8906	
8438;0;0;56;54;53.0
8927	0
8927	
8463;0;0;56;54;58.0
8948	0
8948	
8487;0;0;56;54;58.0
8972	0
8972	
8511;0;0;56;54;38.0
8997	0
8997	
8539;0;0;56;54;53.0
9021	0
9021	
8563;0;0;56;54;58.0
9045	0
9045	
8587;0;0;56;54;67.0
9069	0
9069	
8611;0;0;56;54;63.0
9096	0
9096	
8635;0;0;56;54;59.0
9128	0
9128	
8660;0;0;56;54;66.0
9149	0
9149	
8688;0;0;56;54;57.0
9170	0
9170	
8712;0;0;56;54;31.0
9195	0
9195	
8736;0;0;56;54;111.0
9218	0
9218	
8760;0;0;56;54;46.0
9245	0
9245	
8784;0;0;56;54;62.0
9269	0
9269	
8808;0;0;56;54;63.0
9293	0
9293	
8833;0;0;56;54;60.0
9318	0
9318	
8860;0;0;56;54;68.0
9354	0
9354	
8884;0;0;56;54;60.0
9373	0
9373	
8908;0;0;56;54;77.0
9391	0
9391	
8933;0;0;56;54;41.0
9416	0
9416	
8957;0;0;56;54;117.0
9442	0
9442	
8981;0;0;56;54;59.0
9466	0
9466	
9005;0;0;56;54;67.0
9490	0
9490	
9031;0;0;56;54;57.0
9515	0
9515	
9057;0;0;56;54;61.0
9539	0
9539	
9081;0;0;56;54;63.0
9575	0
9575	
9109;0;0;56;54;67.0
9594	0
9594	
9134;0;0;56;54;68.0
9619	0
9619	
9158;0;0;56;54;47.0
9643	0
9643	
9185;0;0;56;54;104.0
9668	0
9668	
9210;0;0;56;54;69.0
9692	0
9692	
9235;0;0;56;54;62.0
9717	0
9717	
9259;0;0;56;54;62.0
9744	0
9744	
9283;0;0;56;54;59.0
9772	0
9772	
9307;0;0;56;54;62.0
9796	0
9796	
9335;0;0;56;54;67.0
9820	0
9820	
9362;0;0;56;54;51.0
9844	0
9844	
9386;0;0;56;54;73.0
9868	0
9868	
9410;0;0;56;54;58.0
9895	0
9895	
9435;0;0;56;54;61.0
9920	0
9920	
9459;0;0;56;54;69.0
9944	0
9944	
9483;0;0;56;54;59.0
9968	0
9968	
9510;0;0;56;54;62.0
10000	0
10000	
9535;0;0;56;54;49.0
10022	0
10022	
9559;0;0;56;54;58.0
10041	0
10041	
9583;0;0;56;54;51.0
10065	0
10065	
9607;0;0;56;54;67.0
10091	0
10091	
9631;0;0;56;54;63.0
10114	0
10114	
9655;0;0;56;54;67.0
10140	0
10140	
9679;0;0;56;54;56.0
10164	0
10164	
9704;0;0;56;54;80.0
10190	0
10190	
9732;0;0;56;54;61.0
10226	0
10226	
9756;0;0;56;54;61.0
10244	0
10244	
9781;0;0;56;54;62.0
10263	0
10263	
9805;0;0;56;54;62.0
10290	0
10290	
9829;0;0;56;54;60.0
10314	0
10314	
9853;0;0;56;54;57.0
10338	0
10338	
9877;0;0;56;54;63.0
10362	0
10362	
9902;0;0;56;54;67.0
10387	0
10387	
9929;0;0;56;54;63.0
10412	0
10412	
9954;0;0;56;54;62.0
10441	0
10441	
9982;0;0;56;54;51.0
10465	0
10465	
10006;0;0;56;54;54.0
10491	0
10491	
10030;0;0;56;54;62.0
10515	0
10515	
10054;0;0;56;54;67.0
10539	0
10539	
10079;0;0;56;54;59.0
10564	0
10564	
10106;0;0;56;54;80.0
10588	0
10588	
10130;0;0;56;54;65.0
10612	0
10612	
10154;0;0;56;54;80.0
10647	0
10647	
10178;0;0;56;54;67.0
10666	0
10666	
10202;0;0;56;54;53.0
10688	0
10688	
10227;0;0;56;54;48.0
10712	0
10712	
10252;0;0;56;54;72.0
10737	0
10737	
10279;0;0;56;54;66.0
10761	0
10761	
10303;0;0;56;54;51.0
10785	0
10785	
10327;0;0;56;54;62.0
10809	0
10809	
10351;0;0;56;54;62.0
10836	0
10836	
10375;0;0;56;54;65.0
10869	0
10869	
10411;0;0;56;54;68.0
10895	0
10895	
10436;0;0;56;54;47.0
10918	0
10918	
10460;0;0;56;54;58.0
10942	0
10942	
10484;0;0;56;54;51.0
10967	0
10967	
10508;0;0;56;54;68.0
10993	0
10993	
10532;0;0;56;54;50.0
11017	0
11017	
10556;0;0;56;54;68.0
11041	0
11041	
10581;0;0;56;54;63.0
11072	0
11072	
10608;0;0;56;54;62.0
11095	0
11095	
10633;0;0;56;54;63.0
11115	0
11115	
10657;0;0;56;54;51.0
11140	0
11140	
10682;0;0;56;54;109.0
11167	0
11167	
10706;0;0;56;54;68.0
11191	0
11191	
10730;0;0;56;54;62.0
11215	0
11215	
10754;0;0;56;54;68.0
11239	0
11239	
10781;0;0;56;54;48.0
11265	0
11265	
10807;0;0;56;54;58.0
11297	0
11297	
10837;0;0;56;54;51.0
11320	0
11320	
10861;0;0;56;54;58.0
11344	0
11344	
10885;0;0;56;54;41.0
11370	0
11370	
10909;0;0;56;54;107.0
11394	0
11394	
10934;0;0;56;54;63.0
11419	0
11419	
10961;0;0;56;54;62.0
11443	0
11443	
10985;0;0;56;54;61.0
11467	0
11467	
11009;0;0;56;54;62.0
11502	0
11502	
11033;0;0;56;54;63.0
11523	0
11523	
11058;0;0;56;54;51.0
11544	0
11544	
11082;0;0;56;54;47.0
11567	0
11567	
11107;0;0;56;54;35.0
11592	0
11592	
11134;0;0;56;54;61.0
11616	0
11616	
11158;0;0;56;54;62.0
11641	0
11641	
11183;0;0;56;54;61.0
11665	0
11665	
11207;0;0;56;54;67.0
11692	0
11692	
11231;0;0;56;54;51.0
11725	0
11725	
11255;0;0;56;54;63.0
11743	0
11743	
11281;0;0;56;54;58.0
11767	0
11767	
11309;0;0;56;54;25.0
11791	0
11791	
11333;0;0;56;54;111.0
11815	0
11815	
11357;0;0;56;54;58.0
11839	0
11839	
11381;0;0;56;54;63.0
11864	0
11864	
11405;0;0;56;54;63.0
11890	0
11890	
11429;0;0;56;54;68.0
11920	0
11920	
11453;0;0;56;54;58.0
11941	0
11941	
11479;0;0;56;54;81.0
11963	0
11963	
11505;0;0;56;54;54.0
11987	0
11987	
11529;0;0;56;54;66.0
12011	0
12011	
11553;0;0;56;54;117.0
12035	0
12035	
11577;0;0;56;54;51.0
12062	0
12062	
11601;0;0;56;54;63.0
12086	0
12086	
11625;0;0;56;54;46.0
12110	0
12110	
11650;0;0;56;54;62.0
12145	0
12145	
11684;0;0;56;54;60.0
12166	0
12166	
11708;0;0;56;54;63.0
12191	0
12191	
11732;0;0;56;54;29.0
12215	0
12215	
11756;0;0;56;54;39.0
12239	0
12239	
11780;0;0;56;54;113.0
12265	0
12265	
11805;0;0;56;54;63.0
12290	0
12290	
11830;0;0;56;54;61.0
12313	0
12313	
11855;0;0;56;54;58.0
12350	0
12350	
11880;0;0;56;54;67.0
12369	0
12369	
11905;0;0;56;54;66.0
12388	0
12388	
11929;0;0;56;54;63.0
12412	0
12412	
11953;0;0;56;54;38.0
12438	0
12438	
11977;0;0;56;54;31.0
12462	0
12462	
12002;0;0;56;54;63.0
12487	0
12487	
12029;0;0;56;54;62.0
12512	0
12512	
12054;0;0;56;54;68.0
12536	0
12536	
12078;0;0;56;54;46.0
12572	0
12572	
12107;0;0;56;54;63.0
12592	0
12592	
12131;0;0;56;54;62.0
12616	0
12616	
12156;0;0;56;54;72.0
12641	0
12641	
12183;0;0;56;54;113.0
12665	0
12665	
12207;0;0;56;54;72.0
12689	0
12689	
12231;0;0;56;54;53.0
12713	0
12713	
12255;0;0;56;54;62.0
12740	0
12740	
12279;0;0;56;54;61.0
12771	0
12771	
12303;0;0;56;54;61.0
12792	0
12792	
12329;0;0;56;54;62.0
12814	0
12814	
12354;0;0;56;54;62.0
12837	0
12837	
12379;0;0;56;54;39.0
12862	0
12862	
12404;0;0;56;54;87.0
12886	0
12886	
12428;0;0;56;54;100.0
12912	0
12912	
12453;0;0;56;54;61.0
12938	0
12938	
12477;0;0;56;54;49.0
12962	0
12962	
12502;0;0;56;54;65.0
12994	0
12994	
12536;0;0;56;54;61.0
13018	0
13018	
12560;0;0;56;54;58.0
13042	0
13042	
12584;0;0;56;54;54.0
13067	0
13067	
12608;0;0;56;54;55.0
13093	0
13093	
12632;0;0;56;54;117.0
13117	0
13117	
12656;0;0;56;54;62.0
13141	0
13141	
12681;0;0;56;54;61.0
13166	0
13166	
12708;0;0;56;54;83.0
13195	0
13195	
12732;0;0;56;54;67.0
13218	0
13218	
12757;0;0;56;54;63.0
13240	0
13240	
12782;0;0;56;54;63.0
13264	0
13264	
12806;0;0;56;54;63.0
13291	0
13291	
12830;0;0;56;54;68.0
13315	0
13315	
12854;0;0;56;54;117.0
13339	0
13339	
12878;0;0;56;54;58.0
13363	0
13363	
12905;0;0;56;54;63.0
13388	0
13388	
12930;0;0;56;54;87.0
13424	0
13424	
12959;0;0;56;54;58.0
13444	0
13444	
12983;0;0;56;54;62.0
13468	0
13468	
13007;0;0;56;54;60.0
13492	0
13492	
13031;0;0;56;54;59.0
13516	0
13516	
13058;0;0;56;54;58.0
13542	0
13542	
13083;0;0;56;54;62.0
13565	0
13565	
13107;0;0;56;54;59.0
13589	0
13589	
13131;0;0;56;54;63.0
13622	0
13622	
13155;0;0;56;54;59.0
13644	0
13644	
13180;0;0;56;54;57.0
13665	0
13665	
13205;0;0;56;54;62.0
13690	0
13690	
13232;0;0;56;54;62.0
13714	0
13714	
13256;0;0;56;54;50.0
13738	0
13738	
13280;0;0;56;54;62.0
13762	0
13762	
13304;0;0;56;54;63.0
13787	0
13787	
13328;0;0;56;54;62.0
13813	0
13813	
13353;0;0;56;54;63.0
13847	0
13847	
13389;0;0;56;54;59.0
13871	0
13871	
13413;0;0;56;54;65.0
13895	0
13895	
13437;0;0;56;54;61.0
13920	0
13920	
13461;0;0;56;54;57.0
13946	0
13946	
13485;0;0;56;54;58.0
13970	0
13970	
13509;0;0;56;54;62.0
13994	0
13994	
13534;0;0;56;54;62.0
14019	0
14019	
13561;0;0;56;54;67.0
14047	0
14047	
13585;0;0;56;54;61.0
14071	0
14071	
13610;0;0;56;54;80.0
14093	0
14093	
13635;0;0;56;54;83.0
14118	0
14118	
13659;0;0;56;54;49.0
14144	0
14144	
13683;0;0;56;54;37.0
14168	0
14168	
13707;0;0;56;54;87.0
14192	0
14192	
13732;0;0;56;54;45.0
14218	0
14218	
13760;0;0;56;54;62.0
14242	0
14242	
13784;0;0;56;54;45.0
14278	0
14278	
13813;0;0;56;54;63.0
14298	0
14298	
13837;0;0;56;54;62.0
14322	0
14322	
13861;0;0;56;54;62.0
14346	0
14346	
13888;0;0;56;54;81.0
14371	0
14371	
13913;0;0;56;54;113.0
14395	0
14395	
13937;0;0;56;54;97.0
14419	0
14419	
13961;0;0;56;54;59.0
14444	0
14444	
13985;0;0;56;54;68.0
14479	0
14479	
14009;0;0;56;54;63.0
14498	0
14498	
14034;0;0;56;54;81.0
14519	0
14519	
14059;0;0;56;54;62.0
14544	0
14544	
14086;0;0;56;54;51.0
14570	0
14570	
14112;0;0;56;54;41.0
14594	0
14594	
14136;0;0;56;54;115.0
14618	0
14618	
14160;0;0;56;54;80.0
14645	0
14645	
14184;0;0;56;54;63.0
14669	0
14669	
14208;0;0;56;54;57.0
14698	0
14698	
14240;0;0;56;54;60.0
14723	0
14723	
14264;0;0;56;54;63.0
14746	0
14746	
14288;0;0;56;54;58.0
14770	0
14770	
14312;0;0;56;54;61.0
14795	0
14795	
14336;0;0;56;54;36.0
14821	0
14821	
14360;0;0;56;54;111.0
14845	0
14845	
14384;0;0;56;54;58.0
14869	0
14869	
14409;0;0;56;54;62.0
14900	0
14900	
14436;0;0;56;54;62.0
14922	0
14922	
14460;0;0;56;54;51.0
14942	0
14942	
14484;0;0;56;54;62.0
14966	0
14966	
14508;0;0;56;54;57.0
14990	0
14990	
14532;0;0;56;54;58.0
15015	0
15015	
14556;0;0;56;54;58.0
15041	0
15041	
14580;0;0;56;54;111.0
15065	0
15065	
14604;0;0;56;54;58.0
15089	0
15089	
14629;0;0;56;54;55.0
15123	0
15123	
14665;0;0;56;54;65.0
15147	0
15147	
14689;0;0;56;54;50.0
15171	0
15171	
14713;0;0;56;54;63.0
15196	0
15196	
14737;0;0;56;54;61.0
15222	0
15222	
14761;0;0;56;54;33.0
15246	0
15246	
14785;0;0;56;54;42.0
15270	0
15270	
14810;0;0;56;54;63.0
15295	0
15295	
14837;0;0;56;54;57.0
15325	0
15325	
14861;0;0;56;54;58.0
15347	0
15347	
14886;0;0;56;54;61.0
15368	0
15368	
14910;0;0;56;54;63.0
15392	0
15392	
14934;0;0;56;54;63.0
15420	0
15420	
14959;0;0;56;54;61.0
15444	0
15444	
14983;0;0;56;54;32.0
15468	0
15468	
15008;0;0;56;54;111.0
15493	0
15493	
15035;0;0;56;54;86.0
15517	0
15517	
15059;0;0;56;54;58.0
15553	0
15553	
15090;0;0;56;54;59.0
15575	0
15575	
15117;0;0;56;54;47.0
15600	0
15600	
15142;0;0;56;54;58.0
15624	0
15624	
15166;0;0;56;54;49.0
15648	0
15648	
15190;0;0;56;54;32.0
15673	0
15673	
15214;0;0;56;54;111.0
15699	0
15699	
15238;0;0;56;54;100.0
15723	0
15723	
15262;0;0;56;54;81.0
15752	0
15752	
15287;0;0;56;54;63.0
15774	0
15774	
15314;0;0;56;54;68.0
15796	0
15796	
15338;0;0;56;54;80.0
15820	0
15820	
15362;0;0;56;54;63.0
15844	0
15844	
15386;0;0;56;54;67.0
15871	0
15871	
15410;0;0;56;54;33.0
15895	0
15895	
15434;0;0;56;54;78.0
15919	0
15919	
15459;0;0;56;54;117.0
15944	0
15944	
15486;0;0;56;54;66.0
15977	0
15977	
15517;0;0;56;54;63.0
16000	0
16000	
15541;0;0;56;54;68.0
16026	0
16026	
15565;0;0;56;54;59.0
16050	0
16050	
15590;0;0;56;54;62.0
16075	0
16075	
15617;0;0;56;54;38.0
16099	0
16099	
15641;0;0;56;54;67.0
16123	0
16123	
15665;0;0;56;54;59.0
16147	0
16147	
15689;0;0;56;54;80.0
16183	0
16183	
15713;0;0;56;54;67.0
16202	0
16202	
15738;0;0;56;54;68.0
16223	0
16223	
15763;0;0;56;54;55.0
16248	0
16248	
15790;0;0;56;54;63.0
16274	0
16274	
15816;0;0;56;54;62.0
16298	0
16298	
15840;0;0;56;54;43.0
16322	0
16322	
15864;0;0;56;54;51.0
16349	0
16349	
15888;0;0;56;54;58.0
16373	0
16373	
15912;0;0;56;54;68.0
16402	0
16402	
15944;0;0;56;54;68.0
16427	0
16427	
15969;0;0;56;54;60.0
16451	0
16451	
15993;0;0;56;54;58.0
16475	0
16475	
16017;0;0;56;54;46.0
16500	0
16500	
16041;0;0;56;54;50.0
16527	0
16527	
16066;0;0;56;54;46.0
16551	0
16551	
16091;0;0;56;54;102.0
16576	0
16576	
16118;0;0;56;54;62.0
16605	0
16605	
16142;0;0;56;54;50.0
16629	0
16629	
16166;0;0;56;54;53.0
16649	0
16649	
16191;0;0;56;54;62.0
16673	0
16673	
16215;0;0;56;54;63.0
16698	0
16698	
16239;0;0;56;54;49.0
16725	0
16725	
16263;0;0;56;54;65.0
16748	0
16748	
16287;0;0;56;54;50.0
16772	0
16772	
16312;0;0;56;54;78.0
16797	0
16797	
16339;0;0;56;54;58.0
16833	0
16833	
16370;0;0;56;54;61.0
16855	0
16855	
16394;0;0;56;54;62.0
16879	0
16879	
16418;0;0;56;54;50.0
16903	0
16903	
16445;0;0;56;54;80.0
16928	0
16928	
16470;0;0;56;54;56.0
16952	0
16952	
16494;0;0;56;54;58.0
16976	0
16976	
16518;0;0;56;54;65.0
17000	0
17000	
16542;0;0;56;54;60.0
17035	0
17035	
16566;0;0;56;54;93.0
17054	0
17054	
16590;0;0;56;54;80.0
17075	0
17075	
16614;0;0;56;54;62.0
17099	0
17099	
16639;0;0;56;54;57.0
17124	0
17124	
16666;0;0;56;54;62.0
17148	0
17148	
16690;0;0;56;54;67.0
17172	0
17172	
16714;0;0;56;54;63.0
17196	0
17196	
16738;0;0;56;54;68.0
17223	0
17223	
16763;0;0;56;54;68.0
17257	0
17257	
16799;0;0;56;54;59.0
17281	0
17281	
16823;0;0;56;54;62.0
17305	0
17305	
16847;0;0;56;54;67.0
17329	0
17329	
16871;0;0;56;54;67.0
17354	0
17354	
16895;0;0;56;54;67.0
17381	0
17381	
16920;0;0;56;54;68.0
17405	0
17405	
16945;0;0;56;54;68.0
17430	0
17430	
16972;0;0;56;54;63.0
17466	0
17466	
16996;0;0;56;54;77.0
17482	0
17482	
17020;0;0;56;54;66.0
17502	0
17502	
17044;0;0;56;54;61.0
17526	0
17526	
17068;0;0;56;54;61.0
17553	0
17553	
17092;0;0;56;54;62.0
17577	0
17577	
17116;0;0;56;54;57.0
17601	0
17601	
17140;0;0;56;54;51.0
17625	0
17625	
17167;0;0;56;54;68.0
17652	0
17652	
17192;0;0;56;54;68.0
17678	0
17678	
17217;0;0;56;54;62.0
17699	0
17699	
17241;0;0;56;54;62.0
17723	0
17723	
17265;0;0;56;54;62.0
17749	0
17749	
17290;0;0;56;54;67.0
17775	0
17775	
17314;0;0;56;54;50.0
17799	0
17799	
17339;0;0;56;54;52.0
17824	0
17824	
17366;0;0;56;54;57.0
17848	0
17848	
17390;0;0;56;54;57.0
17884	0
17884	
17421;0;0;56;54;68.0
17907	0
17907	
17446;0;0;56;54;62.0
17931	0
17931	
17473;0;0;56;54;62.0
17955	0
17955	
17497;0;0;56;54;86.0
17979	0
17979	
17521;0;0;56;54;74.0
18003	0
18003	
17545;0;0;56;54;62.0
18030	0
18030	
17569;0;0;56;54;39.0
18054	0
18054	
17593;0;0;56;54;52.0
18084	0
18084	
17617;0;0;56;54;63.0
18105	0
18105	
17644;0;0;56;54;57.0
18127	0
18127	
17669;0;0;56;54;63.0
18151	0
18151	
17693;0;0;56;54;58.0
18175	0
18175	
17717;0;0;56;54;62.0
18200	0
18200	
17741;0;0;56;54;58.0
18226	0
18226	
17765;0;0;56;54;65.0
18250	0
18250	
17789;0;0;56;54;44.0
18274	0
18274	
17814;0;0;56;54;117.0
18308	0
18308	
17845;0;0;56;54;66.0
18327	0
18327	
17869;0;0;56;54;60.0
18351	0
18351	
17893;0;0;56;54;63.0
18378	0
18378	
17917;0;0;56;54;58.0
18402	0
18402	
17941;0;0;56;54;62.0
18426	0
18426	
17966;0;0;56;54;63.0
18451	0
18451	
17993;0;0;56;54;36.0
18476	0
18476	
18018;0;0;56;54;107.0
18511	0
18511	
18042;0;0;56;54;117.0
18531	0
18531	
18067;0;0;56;54;81.0
18550	0
18550	
18091;0;0;56;54;62.0
18576	0
18576	
18115;0;0;56;54;61.0
18600	0
18600	
18139;0;0;56;54;62.0
18624	0
18624	
18165;0;0;56;54;59.0
18649	0
18649	
18191;0;0;56;54;51.0
18673	0
18673	
18215;0;0;56;54;30.0
18697	0
18697	
18239;0;0;56;54;104.0
18736	0
18736	
18265;0;0;56;54;62.0
18756	0
18756	
18291;0;0;56;54;63.0
18776	0
18776	
18316;0;0;56;54;63.0
18799	0
18799	
18341;0;0;56;54;63.0
18825	0
18825	
18367;0;0;56;54;61.0
18849	0
18849	
18391;0;0;56;54;61.0
18874	0
18874	
18415;0;0;56;54;54.0
18898	0
18898	
18439;0;0;56;54;30.0
18924	0
18924	
18463;0;0;56;54;72.0
18957	0
18957	
18488;0;0;56;54;68.0
18976	0
18976	
18513;0;0;56;54;62.0
18997	0
18997	
18539;0;0;56;54;62.0
19023	0
19023	
18564;0;0;56;54;67.0
19046	0
19046	
18588;0;0;56;54;67.0
19071	0
19071	
18612;0;0;56;54;62.0
19095	0
19095	
18636;0;0;56;54;62.0
19121	0
19121	
18660;0;0;56;54;34.0
19147	0
19147	
18685;0;0;56;54;104.0
19172	0
19172	
18714;0;0;56;54;65.0
19196	0
19196	
18738;0;0;56;54;62.0
19220	0
19220	
18762;0;0;56;54;66.0
19244	0
19244	
18786;0;0;56;54;39.0
19269	0
19269	
18810;0;0;56;54;63.0
19295	0
19295	
18834;0;0;56;54;67.0
19319	0
19319	
18858;0;0;56;54;48.0
19343	0
19343	
18883;0;0;56;54;38.0
19375	0
19375	
18910;0;0;56;54;68.0
19395	0
19395	
18934;0;0;56;54;61.0
19416	0
19416	
18958;0;0;56;54;62.0
19440	0
19440	
18982;0;0;56;54;63.0
19464	0
19464	
19006;0;0;56;54;49.0
19489	0
19489	
19030;0;0;56;54;63.0
19515	0
19515	
19054;0;0;56;54;67.0
19539	0
19539	
19078;0;0;56;54;47.0
19563	0
19563	
19103;0;0;56;54;36.0
19601	0
19601	
19131;0;0;56;54;60.0
19617	0
19617	
19156;0;0;56;54;68.0
19638	0
19638	
19180;0;0;56;54;67.0
19662	0
19662	
19204;0;0;56;54;67.0
19689	0
19689	
19228;0;0;56;54;63.0
19713	0
19713	
19252;0;0;56;54;68.0
19737	0
19737	
19276;0;0;56;54;50.0
19761	0
19761	
19303;0;0;56;54;67.0
19786	0
19786	
19328;0;0;56;54;117.0
19823	0
19823	
19359;0;0;56;54;68.0
19844	0
19844	
19383;0;0;56;54;62.0
19868	0
19868	
19410;0;0;56;54;66.0
19894	0
19894	
19435;0;0;56;54;65.0
19917	0
19917	
19459;0;0;56;54;58.0
19941	0
19941	
19483;0;0;56;54;60.0
19965	0
19965	
19507;0;0;56;54;59.0
19992	0
19992	
19531;0;0;56;54;72.0
20023	0
20023	
19555;0;0;56;54;117.0
20044	0
20044	
19583;0;0;56;54;63.0
20066	0
20066	
19608;0;0;56;54;63.0
20091	0
20091	
19633;0;0;56;54;62.0
20115	0
20115	
19657;0;0;56;54;58.0
20142	0
20142	
19681;0;0;56;54;66.0
20166	0
20166	
19705;0;0;56;54;62.0
20190	0
20190	
19729;0;0;56;54;62.0
20214	0
20214	
19756;0;0;56;54;57.0
20251	0
20251	
19788;0;0;56;54;58.0
20273	0
20273	
19812;0;0;56;54;54.0
20297	0
20297	
19836;0;0;56;54;62.0
20321	0
20321	
19863;0;0;56;54;61.0
20346	0
20346	
19888;0;0;56;54;45.0
20370	0
20370	
19912;0;0;56;54;62.0
20394	0
20394	
19936;0;0;56;54;58.0
20419	0
20419	
19960;0;0;56;54;61.0
20452	0
20452	
19984;0;0;56;54;71.0
20473	0
20473	
20010;0;0;56;54;61.0
20495	0
20495	
20035;0;0;56;54;66.0
20518	0
20518	
20060;0;0;56;54;59.0
20544	0
20544	
20086;0;0;56;54;63.0
20568	0
20568	
20110;0;0;56;54;57.0
20593	0
20593	
20134;0;0;56;54;67.0
20619	0
20619	
20158;0;0;56;54;74.0
20643	0
20643	
20182;0;0;56;54;51.0
20676	0
20676	
20217;0;0;56;54;66.0
20699	0
20699	
20241;0;0;56;54;89.0
20723	0
20723	
20265;0;0;56;54;60.0
20748	0
20748	
20289;0;0;56;54;58.0
20774	0
20774	
20313;0;0;56;54;68.0
20799	0
20799	
20339;0;0;56;54;57.0
20824	0
20824	
20366;0;0;56;54;58.0
20848	0
20848	
20390;0;0;56;54;77.0
20883	0
20883	
20414;0;0;56;54;59.0
20901	0
20901	
20438;0;0;56;54;63.0
20922	0
20922	
20463;0;0;56;54;63.0
20948	0
20948	
20487;0;0;56;54;62.0
20972	0
20972	
20511;0;0;56;54;61.0
20996	0
20996	
20536;0;0;56;54;63.0
21021	0
21021	
20563;0;0;56;54;81.0
21047	0
21047	
20589;0;0;56;54;51.0
21072	0
21072	
20613;0;0;56;54;78.0
21107	0
21107	
20642;0;0;56;54;84.0
21127	0
21127	
20666;0;0;56;54;67.0
21152	0
21152	
20694;0;0;56;54;63.0
21176	0
21176	
20718;0;0;56;54;58.0
21200	0
21200	
20742;0;0;56;54;80.0
21224	0
21224	
20766;0;0;56;54;66.0
21249	0
21249	
20790;0;0;56;54;62.0
21276	0
21276	
20815;0;0;56;54;46.0
21307	0
21307	
20840;0;0;56;54;78.0
21329	0
21329	
20867;0;0;56;54;57.0
21349	0
21349	
20891;0;0;56;54;67.0
21373	0
21373	
20915;0;0;56;54;67.0
21397	0
21397	
20939;0;0;56;54;66.0
21424	0
21424	
20963;0;0;56;54;57.0
21448	0
21448	
20987;0;0;56;54;58.0
21472	0
21472	
21011;0;0;56;54;57.0
21496	0
21496	
21038;0;0;56;54;41.0
21526	0
21526	
21068;0;0;56;54;62.0
21550	0
21550	
21092;0;0;56;54;63.0
21574	0
21574	
21116;0;0;56;54;62.0
21599	0
21599	
21140;0;0;56;54;63.0
21625	0
21625	
21164;0;0;56;54;65.0
21650	0
21650	
21190;0;0;56;54;62.0
21675	0
21675	
21217;0;0;56;54;58.0
21699	0
21699	
21241;0;0;56;54;35.0
21740	0
21740	
21265;0;0;56;54;107.0
21753	0
21753	
21289;0;0;56;54;58.0
