milliseconds	Werte
462	0
462	
6;0;0;56;54;0.0
487	0
487	
30;0;0;56;54;56.0
513	0
513	
54;0;0;56;54;56.0
538	0
538	
78;0;0;56;54;63.0
562	0
562	
102;0;0;56;54;50.0
586	0
586	
129;0;0;56;54;57.0
611	0
611	
154;0;0;56;54;63.0
647	0
647	
183;0;0;56;54;61.0
667	0
667	
207;0;0;56;54;73.0
691	0
691	
231;0;0;56;54;36.0
715	0
715	
258;0;0;56;54;50.0
740	0
740	
283;0;0;56;54;67.0
764	0
764	
307;0;0;56;54;65.0
788	0
788	
331;0;0;56;54;83.0
815	0
815	
355;0;0;56;54;68.0
848	0
848	
379;0;0;56;54;63.0
868	0
868	
403;0;0;56;54;61.0
887	0
887	
427;0;0;56;54;51.0
911	0
911	
452;0;0;56;54;38.0
937	0
937	
480;0;0;56;54;111.0
961	0
961	
504;0;0;56;54;63.0
985	0
985	
528;0;0;56;54;68.0
1009	0
1009	
552;0;0;56;54;61.0
1036	0
1036	
576;0;0;56;54;61.0
1068	0
1068	
600;0;0;56;54;61.0
1088	0
1088	
624;0;0;56;54;62.0
1108	0
1108	
650;0;0;56;54;67.0
1133	0
1133	
676;0;0;56;54;111.0
1157	0
1157	
700;0;0;56;54;111.0
1181	0
1181	
724;0;0;56;54;48.0
1206	0
1206	
748;0;0;56;54;63.0
1232	0
1232	
772;0;0;56;54;58.0
1256	0
1256	
796;0;0;56;54;62.0
1287	0
1287	
821;0;0;56;54;63.0
1307	0
1307	
848;0;0;56;54;62.0
1330	0
1330	
873;0;0;56;54;22.0
1354	0
1354	
897;0;0;56;54;117.0
1378	0
1378	
921;0;0;56;54;107.0
1405	0
1405	
945;0;0;56;54;59.0
1429	0
1429	
969;0;0;56;54;65.0
1453	0
1453	
994;0;0;56;54;59.0
1478	0
1478	
1021;0;0;56;54;65.0
1514	0
1514	
1049;0;0;56;54;60.0
1530	0
1530	
1073;0;0;56;54;63.0
1557	0
1557	
1097;0;0;56;54;26.0
1581	0
1581	
1121;0;0;56;54;68.0
1605	0
1605	
1145;0;0;56;54;111.0
1629	0
1629	
1172;0;0;56;54;58.0
1654	0
1654	
1197;0;0;56;54;62.0
1679	0
1679	
1222;0;0;56;54;59.0
1711	0
1711	
1246;0;0;56;54;57.0
1733	0
1733	
1271;0;0;56;54;83.0
1755	0
1755	
1296;0;0;56;54;63.0
1780	0
1780	
1321;0;0;56;54;31.0
1805	0
1805	
1348;0;0;56;54;63.0
1829	0
1829	
1372;0;0;56;54;39.0
1853	0
1853	
1396;0;0;56;54;62.0
1877	0
1877	
1420;0;0;56;54;58.0
1902	0
1902	
1444;0;0;56;54;58.0
1935	0
1935	
1468;0;0;56;54;58.0
1959	0
1959	
1497;0;0;56;54;63.0
1979	0
1979	
1521;0;0;56;54;34.0
2003	0
2003	
1546;0;0;56;54;111.0
2030	0
2030	
1571;0;0;56;54;72.0
2055	0
2055	
1596;0;0;56;54;72.0
2079	0
2079	
1622;0;0;56;54;48.0
2104	0
2104	
1646;0;0;56;54;61.0
2128	0
2128	
1670;0;0;56;54;62.0
2163	0
2163	
1695;0;0;56;54;58.0
2183	0
2183	
1720;0;0;56;54;62.0
2203	0
2203	
1744;0;0;56;54;44.0
2226	0
2226	
1768;0;0;56;54;113.0
2251	0
2251	
1793;0;0;56;54;97.0
2277	0
2277	
1818;0;0;56;54;58.0
2300	0
2300	
1842;0;0;56;54;67.0
2325	0
2325	
1868;0;0;56;54;54.0
2352	0
2352	
1893;0;0;56;54;57.0
2386	0
2386	
1923;0;0;56;54;50.0
2407	0
2407	
1948;0;0;56;54;51.0
2430	0
2430	
1972;0;0;56;54;97.0
2455	0
2455	
1998;0;0;56;54;107.0
2479	0
2479	
2022;0;0;56;54;58.0
2504	0
2504	
2046;0;0;56;54;60.0
2528	0
2528	
2070;0;0;56;54;62.0
2554	0
2554	
2094;0;0;56;54;68.0
2582	0
2582	
2119;0;0;56;54;59.0
2605	0
2605	
2146;0;0;56;54;46.0
2628	0
2628	
2171;0;0;56;54;45.0
2652	0
2652	
2195;0;0;56;54;63.0
2678	0
2678	
2220;0;0;56;54;105.0
2702	0
2702	
2244;0;0;56;54;62.0
2728	0
2728	
2268;0;0;56;54;63.0
2752	0
2752	
2293;0;0;56;54;62.0
2777	0
2777	
2320;0;0;56;54;61.0
2814	0
2814	
2344;0;0;56;54;54.0
2831	0
2831	
2369;0;0;56;54;57.0
2850	0
2850	
2393;0;0;56;54;52.0
2875	0
2875	
2417;0;0;56;54;77.0
2901	0
2901	
2441;0;0;56;54;57.0
2925	0
2925	
2465;0;0;56;54;62.0
2949	0
2949	
2490;0;0;56;54;61.0
2974	0
2974	
2517;0;0;56;54;58.0
2998	0
2998	
2541;0;0;56;54;61.0
3034	0
3034	
2565;0;0;56;54;63.0
3055	0
3055	
2590;0;0;56;54;53.0
3073	0
3073	
2615;0;0;56;54;63.0
3099	0
3099	
2639;0;0;56;54;63.0
3123	0
3123	
2663;0;0;56;54;61.0
3147	0
3147	
2688;0;0;56;54;59.0
3172	0
3172	
2715;0;0;56;54;67.0
3197	0
3197	
2740;0;0;56;54;63.0
3222	0
3222	
2764;0;0;56;54;60.0
3258	0
3258	
2788;0;0;56;54;63.0
3276	0
3276	
2813;0;0;56;54;81.0
3297	0
3297	
2837;0;0;56;54;81.0
3321	0
3321	
2861;0;0;56;54;84.0
3345	0
3345	
2886;0;0;56;54;58.0
3370	0
3370	
2913;0;0;56;54;59.0
3394	0
3394	
2937;0;0;56;54;52.0
3418	0
3418	
2961;0;0;56;54;52.0
3442	0
3442	
2985;0;0;56;54;68.0
3472	0
3472	
3012;0;0;56;54;58.0
3494	0
3494	
3037;0;0;56;54;39.0
3521	0
3521	
3062;0;0;56;54;105.0
3545	0
3545	
3086;0;0;56;54;62.0
3568	0
3568	
3111;0;0;56;54;63.0
3593	0
3593	
3136;0;0;56;54;58.0
3618	0
3618	
3160;0;0;56;54;74.0
3642	0
3642	
3184;0;0;56;54;62.0
3675	0
3675	
3208;0;0;56;54;63.0
3696	0
3696	
3234;0;0;56;54;43.0
3716	0
3716	
3258;0;0;56;54;51.0
3740	0
3740	
3283;0;0;56;54;111.0
3765	0
3765	
3308;0;0;56;54;61.0
3790	0
3790	
3332;0;0;56;54;62.0
3814	0
3814	
3356;0;0;56;54;62.0
3838	0
3838	
3380;0;0;56;54;63.0
3864	0
3864	
3406;0;0;56;54;62.0
3894	0
3894	
3430;0;0;56;54;47.0
3917	0
3917	
3457;0;0;56;54;44.0
3938	0
3938	
3481;0;0;56;54;38.0
3964	0
3964	
3506;0;0;56;54;92.0
3988	0
3988	
3530;0;0;56;54;63.0
4014	0
4014	
3554;0;0;56;54;67.0
4038	0
4038	
3579;0;0;56;54;57.0
4064	0
4064	
3607;0;0;56;54;43.0
4088	0
4088	
3631;0;0;56;54;62.0
4124	0
4124	
3655;0;0;56;54;50.0
4142	0
4142	
3680;0;0;56;54;67.0
4163	0
4163	
3705;0;0;56;54;117.0
4189	0
4189	
3729;0;0;56;54;117.0
4213	0
4213	
3753;0;0;56;54;62.0
4237	0
4237	
3778;0;0;56;54;68.0
4262	0
4262	
3805;0;0;56;54;63.0
4286	0
4286	
3829;0;0;56;54;68.0
4320	0
4320	
3853;0;0;56;54;62.0
4339	0
4339	
3878;0;0;56;54;62.0
4362	0
4362	
3902;0;0;56;54;28.0
4387	0
4387	
3926;0;0;56;54;109.0
4410	0
4410	
3950;0;0;56;54;111.0
4434	0
4434	
3975;0;0;56;54;63.0
4459	0
4459	
4002;0;0;56;54;71.0
4483	0
4483	
4026;0;0;56;54;68.0
4507	0
4507	
4050;0;0;56;54;67.0
4543	0
4543	
4074;0;0;56;54;43.0
4564	0
4564	
4099;0;0;56;54;51.0
4583	0
4583	
4123;0;0;56;54;26.0
4607	0
4607	
4147;0;0;56;54;54.0
4631	0
4631	
4172;0;0;56;54;59.0
4656	0
4656	
4199;0;0;56;54;76.0
4681	0
4681	
4224;0;0;56;54;62.0
4705	0
4705	
4248;0;0;56;54;50.0
4738	0
4738	
4272;0;0;56;54;60.0
4761	0
4761	
4297;0;0;56;54;62.0
4781	0
4781	
4321;0;0;56;54;63.0
4806	0
4806	
4347;0;0;56;54;25.0
4831	0
4831	
4374;0;0;56;54;58.0
4855	0
4855	
4398;0;0;56;54;61.0
4879	0
4879	
4422;0;0;56;54;59.0
4903	0
4903	
4446;0;0;56;54;86.0
4930	0
4930	
4470;0;0;56;54;63.0
4963	0
4963	
4494;0;0;56;54;66.0
4983	0
4983	
4518;0;0;56;54;63.0
5002	0
5002	
4543;0;0;56;54;59.0
5027	0
5027	
4570;0;0;56;54;111.0
5052	0
5052	
4595;0;0;56;54;78.0
5076	0
5076	
4619;0;0;56;54;63.0
5101	0
5101	
4643;0;0;56;54;58.0
5127	0
5127	
4667;0;0;56;54;61.0
5151	0
5151	
4691;0;0;56;54;46.0
5184	0
5184	
4716;0;0;56;54;63.0
5203	0
5203	
4741;0;0;56;54;63.0
5223	0
5223	
4766;0;0;56;54;27.0
5248	0
5248	
4791;0;0;56;54;104.0
5274	0
5274	
4816;0;0;56;54;113.0
5298	0
5298	
4840;0;0;56;54;58.0
5322	0
5322	
4864;0;0;56;54;62.0
5348	0
5348	
4889;0;0;56;54;81.0
5373	0
5373	
4914;0;0;56;54;58.0
5410	0
5410	
4940;0;0;56;54;58.0
5428	0
5428	
4965;0;0;56;54;45.0
5446	0
5446	
4989;0;0;56;54;31.0
5472	0
5472	
5014;0;0;56;54;102.0
5498	0
5498	
5038;0;0;56;54;58.0
5522	0
5522	
5062;0;0;56;54;78.0
5546	0
5546	
5087;0;0;56;54;59.0
5571	0
5571	
5114;0;0;56;54;50.0
5596	0
5596	
5139;0;0;56;54;68.0
5632	0
5632	
5163;0;0;56;54;63.0
5651	0
5651	
5187;0;0;56;54;62.0
5672	0
5672	
5213;0;0;56;54;29.0
5697	0
5697	
5237;0;0;56;54;113.0
5721	0
5721	
5262;0;0;56;54;67.0
5746	0
5746	
5289;0;0;56;54;61.0
5770	0
5770	
5314;0;0;56;54;76.0
5795	0
5795	
5338;0;0;56;54;61.0
5819	0
5819	
5362;0;0;56;54;62.0
5855	0
5855	
5386;0;0;56;54;58.0
5875	0
5875	
5410;0;0;56;54;63.0
5894	0
5894	
5434;0;0;56;54;51.0
5918	0
5918	
5459;0;0;56;54;111.0
5943	0
5943	
5486;0;0;56;54;74.0
5967	0
5967	
5510;0;0;56;54;67.0
5991	0
5991	
5534;0;0;56;54;59.0
6019	0
6019	
5559;0;0;56;54;66.0
6043	0
6043	
5583;0;0;56;54;58.0
6081	0
6081	
5607;0;0;56;54;68.0
6095	0
6095	
5631;0;0;56;54;47.0
6115	0
6115	
5656;0;0;56;54;54.0
6141	0
6141	
5684;0;0;56;54;62.0
6165	0
6165	
5708;0;0;56;54;57.0
6189	0
6189	
5732;0;0;56;54;71.0
6213	0
6213	
5756;0;0;56;54;63.0
6240	0
6240	
5780;0;0;56;54;58.0
6265	0
6265	
5805;0;0;56;54;61.0
6298	0
6298	
5832;0;0;56;54;69.0
6317	0
6317	
5857;0;0;56;54;53.0
6338	0
6338	
5881;0;0;56;54;66.0
6363	0
6363	
5905;0;0;56;54;68.0
6387	0
6387	
5929;0;0;56;54;62.0
6413	0
6413	
5953;0;0;56;54;62.0
6437	0
6437	
5977;0;0;56;54;83.0
6461	0
6461	
6002;0;0;56;54;61.0
6486	0
6486	
6029;0;0;56;54;58.0
6522	0
6522	
6057;0;0;56;54;55.0
6538	0
6538	
6081;0;0;56;54;61.0
6565	0
6565	
6105;0;0;56;54;60.0
6589	0
6589	
6129;0;0;56;54;67.0
6613	0
6613	
6153;0;0;56;54;68.0
6637	0
6637	
6180;0;0;56;54;58.0
6662	0
6662	
6205;0;0;56;54;63.0
6686	0
6686	
6229;0;0;56;54;62.0
6711	0
6711	
6254;0;0;56;54;58.0
6747	0
6747	
6290;0;0;56;54;59.0
6773	0
6773	
6316;0;0;56;54;68.0
6797	0
6797	
6340;0;0;56;54;45.0
6821	0
6821	
6364;0;0;56;54;67.0
6848	0
6848	
6388;0;0;56;54;63.0
6872	0
6872	
6412;0;0;56;54;53.0
6896	0
6896	
6436;0;0;56;54;58.0
6920	0
6920	
6463;0;0;56;54;68.0
6945	0
6945	
6488;0;0;56;54;47.0
6980	0
6980	
6518;0;0;56;54;89.0
7002	0
7002	
6542;0;0;56;54;97.0
7026	0
7026	
6566;0;0;56;54;67.0
7050	0
7050	
6593;0;0;56;54;57.0
7075	0
7075	
6618;0;0;56;54;51.0
7100	0
7100	
6643;0;0;56;54;63.0
7124	0
7124	
6667;0;0;56;54;50.0
7151	0
7151	
6691;0;0;56;54;63.0
7175	0
7175	
6715;0;0;56;54;41.0
7208	0
7208	
6739;0;0;56;54;71.0
7227	0
7227	
6763;0;0;56;54;62.0
7247	0
7247	
6788;0;0;56;54;63.0
7272	0
7272	
6815;0;0;56;54;65.0
7296	0
7296	
6839;0;0;56;54;59.0
7320	0
7320	
6863;0;0;56;54;61.0
7344	0
7344	
6887;0;0;56;54;56.0
7371	0
7371	
6911;0;0;56;54;59.0
7395	0
7395	
6935;0;0;56;54;38.0
7428	0
7428	
6959;0;0;56;54;111.0
7447	0
7447	
6985;0;0;56;54;51.0
7469	0
7469	
7012;0;0;56;54;62.0
7493	0
7493	
7036;0;0;56;54;58.0
7517	0
7517	
7060;0;0;56;54;58.0
7545	0
7545	
7084;0;0;56;54;76.0
7568	0
7568	
7108;0;0;56;54;66.0
7593	0
7593	
7133;0;0;56;54;66.0
7617	0
7617	
7160;0;0;56;54;46.0
7654	0
7654	
7192;0;0;56;54;51.0
7676	0
7676	
7216;0;0;56;54;87.0
7700	0
7700	
7240;0;0;56;54;62.0
7724	0
7724	
7267;0;0;56;54;51.0
7749	0
7749	
7292;0;0;56;54;63.0
7773	0
7773	
7316;0;0;56;54;62.0
7797	0
7797	
7340;0;0;56;54;66.0
7821	0
7821	
7364;0;0;56;54;31.0
7853	0
7853	
7388;0;0;56;54;117.0
7876	0
7876	
7414;0;0;56;54;71.0
7898	0
7898	
7438;0;0;56;54;61.0
7922	0
7922	
7463;0;0;56;54;51.0
7948	0
7948	
7491;0;0;56;54;58.0
7972	0
7972	
7515;0;0;56;54;60.0
7996	0
7996	
7539;0;0;56;54;51.0
8020	0
8020	
7563;0;0;56;54;39.0
8047	0
8047	
7587;0;0;56;54;26.0
8078	0
8078	
7611;0;0;56;54;117.0
8099	0
8099	
7638;0;0;56;54;63.0
8121	0
8121	
7662;0;0;56;54;61.0
8144	0
8144	
7687;0;0;56;54;58.0
8172	0
8172	
7713;0;0;56;54;62.0
8195	0
8195	
7737;0;0;56;54;57.0
8219	0
8219	
7761;0;0;56;54;63.0
8243	0
8243	
7785;0;0;56;54;41.0
8269	0
8269	
7810;0;0;56;54;26.0
8300	0
8300	
7835;0;0;56;54;58.0
8323	0
8323	
7862;0;0;56;54;67.0
8343	0
8343	
7886;0;0;56;54;63.0
8368	0
8368	
7910;0;0;56;54;77.0
8392	0
8392	
7934;0;0;56;54;57.0
8418	0
8418	
7958;0;0;56;54;58.0
8442	0
8442	
7982;0;0;56;54;63.0
8466	0
8466	
8007;0;0;56;54;45.0
8491	0
8491	
8034;0;0;56;54;113.0
8527	0
8527	
8058;0;0;56;54;69.0
8543	0
8543	
8083;0;0;56;54;58.0
8565	0
8565	
8108;0;0;56;54;68.0
8590	0
8590	
8132;0;0;56;54;61.0
8616	0
8616	
8156;0;0;56;54;63.0
8640	0
8640	
8180;0;0;56;54;63.0
8664	0
8664	
8205;0;0;56;54;51.0
8689	0
8689	
8232;0;0;56;54;62.0
8713	0
8713	
8256;0;0;56;54;111.0
8749	0
8749	
8280;0;0;56;54;61.0
8768	0
8768	
8304;0;0;56;54;50.0
8785	0
8785	
8328;0;0;56;54;62.0
8813	0
8813	
8353;0;0;56;54;61.0
8837	0
8837	
8377;0;0;56;54;61.0
8861	0
8861	
8404;0;0;56;54;62.0
8886	0
8886	
8429;0;0;56;54;33.0
8910	0
8910	
8453;0;0;56;54;40.0
8942	0
8942	
8477;0;0;56;54;58.0
8965	0
8965	
8502;0;0;56;54;62.0
8986	0
8986	
8526;0;0;56;54;46.0
9010	0
9010	
8550;0;0;56;54;63.0
9034	0
9034	
8575;0;0;56;54;63.0
9059	0
9059	
8602;0;0;56;54;80.0
9083	0
9083	
8626;0;0;56;54;54.0
9107	0
9107	
8650;0;0;56;54;62.0
9131	0
9131	
8674;0;0;56;54;38.0
9163	0
9163	
8698;0;0;56;54;81.0
9188	0
9188	
8724;0;0;56;54;67.0
9209	0
9209	
8750;0;0;56;54;67.0
9234	0
9234	
8777;0;0;56;54;61.0
9258	0
9258	
8801;0;0;56;54;68.0
9282	0
9282	
8826;0;0;56;54;61.0
9311	0
9311	
8851;0;0;56;54;65.0
9335	0
9335	
8875;0;0;56;54;51.0
9359	0
9359	
8899;0;0;56;54;107.0
9388	0
9388	
8926;0;0;56;54;117.0
9411	0
9411	
8952;0;0;56;54;57.0
9433	0
9433	
8976;0;0;56;54;60.0
9457	0
9457	
9000;0;0;56;54;62.0
9484	0
9484	
9025;0;0;56;54;62.0
9509	0
9509	
9049;0;0;56;54;62.0
9533	0
9533	
9073;0;0;56;54;63.0
9557	0
9557	
9100;0;0;56;54;47.0
9582	0
9582	
9125;0;0;56;54;107.0
9618	0
9618	
9153;0;0;56;54;65.0
9637	0
9637	
9177;0;0;56;54;67.0
9661	0
9661	
9201;0;0;56;54;62.0
9685	0
9685	
9226;0;0;56;54;50.0
9710	0
9710	
9253;0;0;56;54;58.0
9734	0
9734	
9277;0;0;56;54;58.0
9759	0
9759	
9302;0;0;56;54;54.0
9786	0
9786	
9327;0;0;56;54;61.0
9815	0
9815	
9351;0;0;56;54;84.0
9838	0
9838	
9380;0;0;56;54;63.0
9862	0
9862	
9405;0;0;56;54;63.0
9887	0
9887	
9431;0;0;56;54;78.0
9915	0
9915	
9455;0;0;56;54;50.0
9939	0
9939	
9479;0;0;56;54;59.0
9963	0
9963	
9503;0;0;56;54;61.0
9987	0
9987	
9530;0;0;56;54;58.0
10012	0
10012	
9555;0;0;56;54;63.0
10048	0
10048	
9579;0;0;56;54;61.0
10066	0
10066	
9604;0;0;56;54;62.0
10087	0
10087	
9629;0;0;56;54;61.0
10114	0
10114	
9654;0;0;56;54;63.0
10138	0
10138	
9679;0;0;56;54;59.0
10163	0
10163	
9706;0;0;56;54;80.0
10187	0
10187	
9731;0;0;56;54;41.0
10212	0
10212	
9755;0;0;56;54;72.0
10236	0
10236	
9779;0;0;56;54;58.0
10272	0
10272	
9807;0;0;56;54;59.0
10291	0
10291	
9832;0;0;56;54;81.0
10316	0
10316	
9859;0;0;56;54;80.0
10341	0
10341	
9884;0;0;56;54;62.0
10365	0
10365	
9908;0;0;56;54;62.0
10389	0
10389	
9932;0;0;56;54;63.0
10416	0
10416	
9956;0;0;56;54;83.0
10440	0
10440	
9980;0;0;56;54;105.0
10468	0
10468	
10004;0;0;56;54;69.0
10493	0
10493	
10033;0;0;56;54;62.0
10514	0
10514	
10057;0;0;56;54;53.0
10538	0
10538	
10081;0;0;56;54;63.0
10564	0
10564	
10106;0;0;56;54;63.0
10590	0
10590	
10131;0;0;56;54;61.0
10615	0
10615	
10156;0;0;56;54;68.0
10640	0
10640	
10183;0;0;56;54;111.0
10664	0
10664	
10207;0;0;56;54;55.0
10701	0
10701	
10236;0;0;56;54;63.0
10721	0
10721	
10260;0;0;56;54;68.0
10744	0
10744	
10284;0;0;56;54;68.0
10768	0
10768	
10309;0;0;56;54;62.0
10793	0
10793	
10336;0;0;56;54;68.0
10817	0
10817	
10360;0;0;56;54;68.0
10841	0
10841	
10384;0;0;56;54;39.0
10865	0
10865	
10408;0;0;56;54;113.0
10895	0
10895	
10432;0;0;56;54;102.0
10920	0
10920	
10458;0;0;56;54;63.0
10944	0
10944	
10487;0;0;56;54;60.0
10968	0
10968	
10511;0;0;56;54;61.0
10992	0
10992	
10535;0;0;56;54;63.0
11017	0
11017	
10559;0;0;56;54;76.0
11043	0
11043	
10583;0;0;56;54;58.0
11067	0
11067	
10607;0;0;56;54;34.0
11091	0
11091	
10633;0;0;56;54;111.0
11128	0
11128	
10659;0;0;56;54;63.0
11143	0
11143	
10683;0;0;56;54;65.0
11165	0
11165	
10708;0;0;56;54;68.0
11189	0
11189	
10732;0;0;56;54;63.0
11216	0
11216	
10756;0;0;56;54;63.0
11240	0
11240	
10780;0;0;56;54;59.0
11264	0
11264	
10804;0;0;56;54;51.0
11289	0
11289	
10832;0;0;56;54;107.0
11318	0
11318	
10857;0;0;56;54;58.0
11344	0
11344	
10882;0;0;56;54;62.0
11363	0
11363	
10906;0;0;56;54;60.0
11390	0
11390	
10931;0;0;56;54;58.0
11415	0
11415	
10955;0;0;56;54;62.0
11439	0
11439	
10980;0;0;56;54;45.0
11464	0
11464	
11007;0;0;56;54;47.0
11489	0
11489	
11032;0;0;56;54;22.0
11513	0
11513	
11056;0;0;56;54;111.0
11550	0
11550	
11084;0;0;56;54;53.0
11568	0
11568	
11108;0;0;56;54;67.0
11592	0
11592	
11134;0;0;56;54;63.0
11617	0
11617	
11160;0;0;56;54;80.0
11642	0
11642	
11185;0;0;56;54;58.0
11666	0
11666	
11209;0;0;56;54;62.0
11693	0
11693	
11234;0;0;56;54;45.0
11718	0
11718	
11258;0;0;56;54;23.0
11742	0
11742	
11283;0;0;56;54;111.0
11769	0
11769	
11312;0;0;56;54;67.0
11793	0
11793	
11336;0;0;56;54;58.0
11817	0
11817	
11360;0;0;56;54;51.0
11841	0
11841	
11384;0;0;56;54;74.0
11866	0
11866	
11408;0;0;56;54;63.0
11892	0
11892	
11433;0;0;56;54;59.0
11917	0
11917	
11458;0;0;56;54;63.0
11942	0
11942	
11485;0;0;56;54;111.0
11978	0
11978	
11509;0;0;56;54;69.0
11994	0
11994	
11534;0;0;56;54;81.0
12015	0
12015	
11558;0;0;56;54;59.0
12039	0
12039	
11582;0;0;56;54;59.0
12066	0
12066	
11606;0;0;56;54;61.0
12090	0
12090	
11630;0;0;56;54;77.0
12114	0
12114	
11654;0;0;56;54;63.0
12138	0
12138	
11681;0;0;56;54;40.0
12167	0
12167	
11706;0;0;56;54;113.0
12191	0
12191	
11731;0;0;56;54;67.0
12212	0
12212	
11755;0;0;56;54;61.0
12236	0
12236	
11779;0;0;56;54;63.0
12264	0
12264	
11804;0;0;56;54;51.0
12288	0
12288	
11828;0;0;56;54;66.0
12312	0
12312	
11853;0;0;56;54;58.0
12337	0
12337	
11880;0;0;56;54;54.0
12361	0
12361	
11904;0;0;56;54;71.0
12402	0
12402	
11928;0;0;56;54;113.0
12416	0
12416	
11952;0;0;56;54;59.0
12434	0
12434	
11976;0;0;56;54;62.0
12460	0
12460	
12000;0;0;56;54;63.0
12484	0
12484	
12024;0;0;56;54;63.0
12508	0
12508	
12049;0;0;56;54;58.0
12533	0
12533	
12076;0;0;56;54;55.0
12557	0
12557	
12100;0;0;56;54;63.0
12581	0
12581	
12124;0;0;56;54;51.0
12616	0
12616	
12155;0;0;56;54;111.0
12639	0
12639	
12182;0;0;56;54;53.0
12664	0
12664	
12207;0;0;56;54;57.0
12688	0
12688	
12231;0;0;56;54;57.0
12713	0
12713	
12255;0;0;56;54;59.0
12739	0
12739	
12279;0;0;56;54;67.0
12763	0
12763	
12303;0;0;56;54;58.0
12787	0
12787	
12327;0;0;56;54;68.0
12818	0
12818	
12354;0;0;56;54;46.0
12839	0
12839	
12379;0;0;56;54;48.0
12860	0
12860	
12403;0;0;56;54;62.0
12884	0
12884	
12427;0;0;56;54;62.0
12909	0
12909	
12451;0;0;56;54;58.0
12935	0
12935	
12475;0;0;56;54;67.0
12959	0
12959	
12499;0;0;56;54;63.0
12983	0
12983	
12524;0;0;56;54;63.0
13013	0
13013	
12551;0;0;56;54;51.0
13035	0
13035	
12576;0;0;56;54;97.0
13057	0
13057	
12600;0;0;56;54;53.0
13081	0
13081	
12624;0;0;56;54;67.0
13105	0
13105	
12648;0;0;56;54;58.0
13132	0
13132	
12672;0;0;56;54;62.0
13156	0
13156	
12696;0;0;56;54;63.0
13180	0
13180	
12720;0;0;56;54;63.0
13204	0
13204	
12747;0;0;56;54;62.0
13242	0
13242	
12773;0;0;56;54;55.0
13258	0
13258	
12798;0;0;56;54;109.0
13279	0
13279	
12822;0;0;56;54;57.0
13303	0
13303	
12846;0;0;56;54;63.0
13330	0
13330	
12870;0;0;56;54;56.0
13354	0
13354	
12894;0;0;56;54;63.0
13378	0
13378	
12918;0;0;56;54;67.0
13402	0
13402	
12945;0;0;56;54;62.0
13429	0
13429	
12970;0;0;56;54;58.0
13454	0
13454	
12995;0;0;56;54;51.0
13476	0
13476	
13019;0;0;56;54;63.0
13503	0
13503	
13045;0;0;56;54;67.0
13527	0
13527	
13069;0;0;56;54;67.0
13553	0
13553	
13093;0;0;56;54;51.0
13577	0
13577	
13118;0;0;56;54;63.0
13602	0
13602	
13145;0;0;56;54;56.0
13626	0
13626	
13169;0;0;56;54;62.0
13662	0
13662	
13200;0;0;56;54;58.0
13684	0
13684	
13225;0;0;56;54;90.0
13709	0
13709	
13252;0;0;56;54;63.0
13733	0
13733	
13276;0;0;56;54;63.0
13757	0
13757	
13300;0;0;56;54;67.0
13781	0
13781	
13324;0;0;56;54;63.0
13808	0
13808	
13348;0;0;56;54;62.0
13832	0
13832	
13372;0;0;56;54;62.0
13861	0
13861	
13396;0;0;56;54;56.0
13885	0
13885	
13425;0;0;56;54;78.0
13907	0
13907	
13450;0;0;56;54;62.0
13931	0
13931	
13474;0;0;56;54;66.0
13955	0
13955	
13498;0;0;56;54;58.0
13982	0
13982	
13522;0;0;56;54;61.0
14006	0
14006	
13546;0;0;56;54;63.0
14030	0
14030	
13570;0;0;56;54;62.0
14058	0
14058	
13597;0;0;56;54;67.0
14081	0
14081	
13623;0;0;56;54;40.0
14104	0
14104	
13647;0;0;56;54;109.0
14128	0
14128	
13671;0;0;56;54;58.0
14152	0
14152	
13695;0;0;56;54;39.0
14177	0
14177	
13719;0;0;56;54;63.0
14203	0
14203	
13744;0;0;56;54;63.0
14228	0
14228	
13769;0;0;56;54;65.0
14253	0
14253	
13796;0;0;56;54;63.0
14285	0
14285	
13828;0;0;56;54;54.0
14309	0
14309	
13852;0;0;56;54;39.0
14334	0
14334	
13876;0;0;56;54;113.0
14360	0
14360	
13900;0;0;56;54;69.0
14384	0
14384	
13924;0;0;56;54;61.0
14408	0
14408	
13949;0;0;56;54;63.0
14433	0
14433	
13976;0;0;56;54;67.0
14457	0
14457	
14000;0;0;56;54;63.0
14499	0
14499	
14024;0;0;56;54;68.0
14530	0
14530	
14072;0;0;56;54;36.0
14556	0
14556	
14096;0;0;56;54;113.0
14580	0
14580	
14120;0;0;56;54;58.0
14604	0
14604	
14146;0;0;56;54;58.0
14629	0
14629	
14172;0;0;56;54;80.0
14653	0
14653	
14196;0;0;56;54;59.0
14677	0
14677	
14220;0;0;56;54;58.0
14713	0
14713	
14245;0;0;56;54;52.0
14734	0
14734	
14269;0;0;56;54;51.0
14754	0
14754	
14295;0;0;56;54;111.0
14777	0
14777	
14320;0;0;56;54;59.0
14803	0
14803	
14346;0;0;56;54;69.0
14827	0
14827	
14370;0;0;56;54;67.0
14852	0
14852	
14394;0;0;56;54;59.0
14876	0
14876	
14418;0;0;56;54;58.0
14902	0
14902	
14442;0;0;56;54;62.0
14935	0
14935	
14475;0;0;56;54;47.0
14956	0
14956	
14499;0;0;56;54;26.0
14980	0
14980	
14523;0;0;56;54;113.0
15006	0
15006	
14548;0;0;56;54;52.0
15032	0
15032	
14572;0;0;56;54;68.0
15056	0
15056	
14597;0;0;56;54;59.0
15081	0
15081	
14624;0;0;56;54;67.0
15106	0
15106	
14649;0;0;56;54;58.0
15142	0
15142	
14673;0;0;56;54;63.0
15161	0
15161	
14698;0;0;56;54;51.0
15180	0
15180	
14722;0;0;56;54;65.0
15206	0
15206	
14747;0;0;56;54;113.0
15231	0
15231	
14772;0;0;56;54;51.0
15256	0
15256	
14799;0;0;56;54;68.0
15280	0
15280	
14823;0;0;56;54;45.0
15304	0
15304	
14848;0;0;56;54;62.0
15329	0
15329	
14872;0;0;56;54;59.0
15365	0
15365	
14896;0;0;56;54;58.0
15384	0
15384	
14921;0;0;56;54;29.0
15405	0
15405	
14946;0;0;56;54;48.0
15430	0
15430	
14973;0;0;56;54;47.0
15454	0
15454	
14997;0;0;56;54;65.0
15478	0
15478	
15021;0;0;56;54;68.0
15502	0
15502	
15045;0;0;56;54;63.0
15527	0
15527	
15069;0;0;56;54;63.0
15553	0
15553	
15093;0;0;56;54;61.0
15586	0
15586	
15128;0;0;56;54;32.0
15610	0
15610	
15153;0;0;56;54;39.0
15634	0
15634	
15177;0;0;56;54;117.0
15659	0
15659	
15201;0;0;56;54;62.0
15683	0
15683	
15225;0;0;56;54;61.0
15709	0
15709	
15249;0;0;56;54;63.0
15733	0
15733	
15274;0;0;56;54;50.0
15758	0
15758	
15301;0;0;56;54;67.0
15794	0
15794	
15325;0;0;56;54;47.0
15816	0
15816	
15350;0;0;56;54;41.0
15832	0
15832	
15375;0;0;56;54;31.0
15857	0
15857	
15399;0;0;56;54;102.0
15883	0
15883	
15423;0;0;56;54;62.0
15908	0
15908	
15447;0;0;56;54;63.0
15931	0
15931	
15472;0;0;56;54;57.0
15956	0
15956	
15499;0;0;56;54;59.0
15984	0
15984	
15523;0;0;56;54;58.0
16008	0
16008	
15548;0;0;56;54;49.0
16029	0
16029	
15572;0;0;56;54;36.0
16054	0
16054	
15596;0;0;56;54;83.0
16080	0
16080	
15620;0;0;56;54;111.0
16104	0
16104	
15644;0;0;56;54;63.0
16128	0
16128	
15669;0;0;56;54;69.0
16153	0
16153	
15696;0;0;56;54;63.0
16177	0
16177	
15720;0;0;56;54;57.0
16213	0
16213	
15751;0;0;56;54;62.0
16235	0
16235	
15776;0;0;56;54;51.0
16260	0
16260	
15803;0;0;56;54;58.0
16284	0
16284	
15827;0;0;56;54;111.0
16309	0
16309	
15851;0;0;56;54;58.0
16336	0
16336	
15876;0;0;56;54;63.0
16360	0
16360	
15900;0;0;56;54;62.0
16384	0
16384	
15924;0;0;56;54;81.0
16413	0
16413	
15951;0;0;56;54;67.0
16436	0
16436	
15977;0;0;56;54;63.0
16459	0
16459	
16002;0;0;56;54;43.0
16483	0
16483	
16026;0;0;56;54;51.0
16510	0
16510	
16050;0;0;56;54;109.0
16534	0
16534	
16074;0;0;56;54;58.0
16558	0
16558	
16098;0;0;56;54;62.0
16582	0
16582	
16123;0;0;56;54;59.0
16611	0
16611	
16150;0;0;56;54;55.0
16636	0
16636	
16175;0;0;56;54;51.0
16656	0
16656	
16199;0;0;56;54;63.0
16681	0
16681	
16224;0;0;56;54;43.0
16706	0
16706	
16248;0;0;56;54;83.0
16732	0
16732	
16272;0;0;56;54;67.0
16756	0
16756	
16296;0;0;56;54;74.0
16780	0
16780	
16321;0;0;56;54;60.0
16806	0
16806	
16349;0;0;56;54;63.0
16839	0
16839	
16381;0;0;56;54;68.0
16863	0
16863	
16405;0;0;56;54;63.0
16887	0
16887	
16429;0;0;56;54;67.0
16913	0
16913	
16454;0;0;56;54;62.0
16938	0
16938	
16479;0;0;56;54;59.0
16961	0
16961	
16504;0;0;56;54;57.0
16986	0
16986	
16529;0;0;56;54;80.0
17010	0
17010	
16553;0;0;56;54;62.0
17046	0
17046	
16578;0;0;56;54;68.0
17067	0
17067	
16602;0;0;56;54;62.0
17087	0
17087	
16627;0;0;56;54;62.0
17111	0
17111	
16654;0;0;56;54;54.0
17135	0
17135	
16678;0;0;56;54;62.0
17159	0
17159	
16702;0;0;56;54;63.0
17185	0
17185	
16727;0;0;56;54;67.0
17211	0
17211	
16751;0;0;56;54;63.0
17235	0
17235	
16775;0;0;56;54;67.0
17268	0
17268	
16807;0;0;56;54;51.0
17289	0
17289	
16832;0;0;56;54;63.0
17313	0
17313	
16856;0;0;56;54;51.0
17337	0
17337	
16880;0;0;56;54;47.0
17361	0
17361	
16904;0;0;56;54;95.0
17386	0
17386	
16928;0;0;56;54;62.0
17412	0
17412	
16952;0;0;56;54;53.0
17436	0
17436	
16976;0;0;56;54;63.0
17464	0
17464	
17001;0;0;56;54;58.0
17487	0
17487	
17030;0;0;56;54;58.0
17511	0
17511	
17054;0;0;56;54;63.0
17536	0
17536	
17079;0;0;56;54;51.0
17563	0
17563	
17103;0;0;56;54;90.0
17587	0
17587	
17127;0;0;56;54;113.0
17611	0
17611	
17151;0;0;56;54;54.0
17635	0
17635	
17178;0;0;56;54;58.0
17660	0
17660	
17203;0;0;56;54;62.0
17696	0
17696	
17227;0;0;56;54;67.0
17714	0
17714	
17252;0;0;56;54;68.0
17733	0
17733	
17276;0;0;56;54;83.0
17758	0
17758	
17300;0;0;56;54;35.0
17784	0
17784	
17324;0;0;56;54;58.0
17808	0
17808	
17348;0;0;56;54;81.0
17832	0
17832	
17373;0;0;56;54;63.0
17857	0
17857	
17400;0;0;56;54;45.0
17881	0
17881	
17424;0;0;56;54;58.0
17924	0
17924	
17449;0;0;56;54;59.0
17939	0
17939	
17474;0;0;56;54;55.0
17957	0
17957	
17498;0;0;56;54;51.0
17983	0
17983	
17523;0;0;56;54;38.0
18007	0
18007	
17548;0;0;56;54;38.0
18032	0
18032	
17575;0;0;56;54;58.0
18056	0
18056	
17599;0;0;56;54;54.0
18080	0
18080	
17623;0;0;56;54;54.0
18104	0
18104	
17647;0;0;56;54;81.0
18140	0
18140	
17675;0;0;56;54;81.0
18159	0
18159	
17700;0;0;56;54;62.0
18184	0
18184	
17727;0;0;56;54;34.0
18208	0
18208	
17751;0;0;56;54;113.0
18232	0
18232	
17775;0;0;56;54;84.0
18256	0
18256	
17799;0;0;56;54;69.0
18281	0
18281	
17823;0;0;56;54;57.0
18308	0
18308	
17848;0;0;56;54;63.0
18337	0
18337	
17874;0;0;56;54;62.0
18360	0
18360	
17901;0;0;56;54;62.0
18382	0
18382	
17925;0;0;56;54;62.0
18406	0
18406	
17949;0;0;56;54;39.0
18432	0
18432	
17973;0;0;56;54;111.0
18455	0
18455	
17997;0;0;56;54;111.0
18481	0
18481	
18021;0;0;56;54;59.0
18505	0
18505	
18046;0;0;56;54;63.0
18530	0
18530	
18073;0;0;56;54;62.0
18566	0
18566	
18102;0;0;56;54;41.0
18584	0
18584	
18126;0;0;56;54;63.0
18610	0
18610	
18150;0;0;56;54;62.0
18634	0
18634	
18174;0;0;56;54;25.0
18658	0
18658	
18199;0;0;56;54;117.0
18683	0
18683	
18226;0;0;56;54;73.0
18707	0
18707	
18250;0;0;56;54;61.0
18731	0
18731	
18274;0;0;56;54;61.0
18755	0
18755	
18298;0;0;56;54;54.0
18787	0
18787	
18325;0;0;56;54;54.0
18809	0
18809	
18350;0;0;56;54;51.0
18834	0
18834	
18375;0;0;56;54;26.0
18857	0
18857	
18400;0;0;56;54;65.0
18882	0
18882	
18425;0;0;56;54;113.0
18908	0
18908	
18450;0;0;56;54;63.0
18932	0
18932	
18474;0;0;56;54;60.0
18956	0
18956	
18498;0;0;56;54;67.0
18987	0
18987	
18523;0;0;56;54;62.0
19009	0
19009	
18550;0;0;56;54;35.0
19032	0
19032	
18575;0;0;56;54;62.0
19056	0
19056	
18599;0;0;56;54;31.0
19082	0
19082	
18623;0;0;56;54;38.0
19105	0
19105	
18647;0;0;56;54;63.0
19131	0
19131	
18672;0;0;56;54;60.0
19156	0
19156	
18697;0;0;56;54;62.0
19181	0
19181	
18724;0;0;56;54;59.0
19218	0
19218	
18748;0;0;56;54;67.0
19237	0
19237	
18773;0;0;56;54;62.0
19254	0
19254	
18797;0;0;56;54;63.0
19281	0
19281	
18821;0;0;56;54;39.0
19305	0
19305	
18845;0;0;56;54;111.0
19329	0
19329	
18870;0;0;56;54;111.0
19354	0
19354	
18897;0;0;56;54;63.0
19378	0
19378	
18921;0;0;56;54;62.0
19413	0
19413	
18945;0;0;56;54;62.0
19432	0
19432	
18970;0;0;56;54;63.0
19451	0
19451	
18994;0;0;56;54;63.0
19476	0
19476	
19018;0;0;56;54;63.0
19502	0
19502	
19042;0;0;56;54;39.0
19526	0
19526	
19066;0;0;56;54;109.0
19550	0
19550	
19091;0;0;56;54;113.0
19575	0
19575	
19118;0;0;56;54;59.0
19599	0
19599	
19142;0;0;56;54;59.0
19636	0
19636	
19166;0;0;56;54;61.0
19656	0
19656	
19191;0;0;56;54;67.0
19675	0
19675	
19215;0;0;56;54;63.0
19699	0
19699	
19239;0;0;56;54;56.0
19723	0
19723	
19263;0;0;56;54;38.0
19747	0
19747	
19288;0;0;56;54;73.0
19772	0
19772	
19315;0;0;56;54;57.0
19796	0
19796	
19339;0;0;56;54;67.0
19821	0
19821	
19363;0;0;56;54;57.0
19856	0
19856	
19391;0;0;56;54;61.0
19876	0
19876	
19416;0;0;56;54;58.0
19900	0
19900	
19441;0;0;56;54;58.0
19925	0
19925	
19468;0;0;56;54;48.0
19949	0
19949	
19492;0;0;56;54;113.0
19973	0
19973	
19516;0;0;56;54;58.0
20001	0
20001	
19541;0;0;56;54;62.0
20025	0
20025	
19565;0;0;56;54;63.0
20054	0
20054	
19589;0;0;56;54;59.0
20076	0
20076	
19618;0;0;56;54;59.0
20099	0
20099	
19642;0;0;56;54;61.0
20123	0
