milliseconds	Werte
24018	0
24018	
8;0;0;-1;-1
24145	0
24145	
123;0;0;0;0
24261	0
24261	
248;0;0;0;-1
24379	0
24379	
368;0;0;0;0
24498	0
24498	
483;0;0;-1;-1
24614	0
24614	
602;0;0;0;0
24733	0
24733	
721;0;0;-2;0
24850	0
24850	
837;0;0;4;1
24968	0
24968	
957;0;0;-20;-5
25098	0
25098	
1087;0;0;-32;-28
25219	0
25219	
1207;0;0;-19;-38
25338	0
25338	
1324;0;0;-13;-19
25457	0
25457	
1446;0;0;-8;-9
25577	0
25577	
1562;0;0;-7;-7
25692	0
25692	
1681;0;0;-12;-16
25817	0
25817	
1800;0;0;-26;-21
25942	0
25942	
1930;0;0;-23;-15
26064	0
26064	
2050;0;0;-25;-26
26180	0
26180	
2168;0;0;-2;-2
26299	0
26299	
2287;0;0;15;15
26417	0
26417	
2404;0;0;30;33
26536	0
26536	
2525;0;0;64;51
26662	0
26662	
2645;0;0;65;50
26786	0
26786	
2774;0;0;63;49
26905	0
26905	
2891;0;0;63;49
27023	0
27023	
3012;0;0;63;48
27143	0
27143	
3131;0;0;63;48
27261	0
27261	
3249;0;0;63;49
27380	0
27380	
3369;0;0;63;49
27504	0
27504	
3484;0;0;63;49
27629	0
27629	
3614;0;0;63;49
27745	0
27745	
3733;0;0;64;50
27865	0
27865	
3852;0;0;72;59
27983	0
27983	
3970;0;0;86;87
28101	0
28101	
4090;0;0;84;93
28221	0
28221	
4209;0;0;87;98
28339	0
28339	
4327;0;0;92;104
28468	0
28468	
4456;0;0;92;104
28588	0
28588	
4575;0;0;91;103
28709	0
28709	
4696;0;0;92;105
28826	0
28826	
4814;0;0;92;106
28943	0
28943	
4931;0;0;92;105
29060	0
29060	
5048;0;0;92;105
29179	0
29179	
5168;0;0;92;106
29312	0
29312	
5299;0;0;92;105
29429	0
29429	
5417;0;0;88;106
29546	0
29546	
5534;0;0;88;106
29665	0
29665	
5654;0;0;88;106
29785	0
29785	
5773;0;0;88;106
29905	0
29905	
5892;0;0;88;106
30024	0
30024	
6013;0;0;89;106
30154	0
30154	
6143;0;0;92;105
30273	0
30273	
6261;0;0;92;105
30391	0
30391	
6379;0;0;92;105
30512	0
30512	
6501;0;0;92;105
30631	0
30631	
6619;0;0;92;105
30749	0
30749	
6737;0;0;92;105
30868	0
30868	
6856;0;0;92;105
30999	0
30999	
6987;0;0;92;106
31118	0
31118	
7106;0;0;92;106
31237	0
31237	
7225;0;0;92;106
31357	0
31357	
7345;0;0;92;106
31475	0
31475	
7463;0;0;92;106
31592	0
31592	
7580;0;0;92;106
31711	0
31711	
7698;0;0;92;106
31830	0
31830	
7819;0;0;92;106
31951	0
31951	
7937;0;0;92;106
32067	0
32067	
8056;0;0;92;105
32187	0
32187	
8175;0;0;92;105
32306	0
32306	
8293;0;0;92;106
32423	0
32423	
8412;0;0;92;106
32543	0
32543	
8531;0;0;92;106
32660	0
32660	
8649;0;0;92;105
32782	0
32782	
8771;0;0;92;105
32902	0
32902	
8888;0;0;92;106
33018	0
33018	
9007;0;0;92;106
33140	0
33140	
9129;0;0;92;106
33259	0
33259	
9245;0;0;92;106
33375	0
33375	
9364;0;0;92;106
33495	0
33495	
9481;0;0;92;106
33611	0
33611	
9600;0;0;92;106
33732	0
33732	
9720;0;0;92;106
33850	0
33850	
9838;0;0;92;106
33968	0
33968	
9957;0;0;92;106
34089	0
34089	
10077;0;0;92;106
34208	0
34208	
10195;0;0;92;106
34330	0
34330	
10318;0;0;92;106
34448	0
34448	
10434;0;0;92;106
34564	0
34564	
10553;0;0;92;106
34685	0
34685	
10671;0;0;92;106
34801	0
34801	
10790;0;0;92;106
34922	0
34922	
10911;0;0;92;106
35045	0
35045	
11027;0;0;92;106
35171	0
35171	
11157;0;0;92;106
35291	0
35291	
11277;0;0;92;106
35407	0
35407	
11396;0;0;92;106
35526	0
35526	
11512;0;0;92;106
35642	0
35642	
11631;0;0;92;106
35765	0
35765	
11753;0;0;92;106
35893	0
35893	
11881;0;0;92;106
36012	0
36012	
11998;0;0;92;106
36129	0
36129	
12118;0;0;92;106
36249	0
36249	
12238;0;0;92;106
36368	0
36368	
12354;0;0;92;106
36484	0
36484	
12473;0;0;92;106
36605	0
36605	
12591;0;0;92;106
36737	0
36737	
12725;0;0;92;106
36855	0
36855	
12841;0;0;92;106
36971	0
36971	
12960;0;0;92;106
37091	0
37091	
13077;0;0;92;106
37210	0
37210	
13197;0;0;92;106
37328	0
37328	
13317;0;0;92;106
37457	0
37457	
13434;0;0;92;106
37576	0
37576	
13562;0;0;92;106
37692	0
37692	
13681;0;0;92;106
37816	0
37816	
13805;0;0;92;106
37935	0
37935	
13921;0;0;92;106
38051	0
38051	
14040;0;0;92;106
38174	0
38174	
14162;0;0;92;106
38301	0
38301	
14278;0;0;92;106
38423	0
38423	
14409;0;0;92;106
38539	0
38539	
14528;0;0;92;106
38659	0
38659	
14648;0;0;92;106
38778	0
38778	
14764;0;0;92;106
38894	0
38894	
14883;0;0;92;106
39016	0
39016	
15001;0;0;92;106
39144	0
39144	
15121;0;0;92;106
39262	0
39262	
15249;0;0;92;106
39380	0
39380	
15369;0;0;92;106
39501	0
39501	
15487;0;0;92;106
39619	0
39619	
15607;0;0;92;106
39739	0
39739	
15728;0;0;92;106
39859	0
39859	
15847;0;0;92;106
39988	0
39988	
15965;0;0;92;106
40105	0
40105	
16093;0;0;92;106
40225	0
40225	
16214;0;0;92;106
40346	0
40346	
16332;0;0;92;106
40462	0
40462	
16451;0;0;92;106
40582	0
40582	
16571;0;0;92;106
40701	0
40701	
16687;0;0;92;106
40830	0
40830	
16807;0;0;92;106
40947	0
40947	
16936;0;0;92;106
41067	0
41067	
17055;0;0;92;106
41184	0
41184	
17172;0;0;92;106
41302	0
41302	
17291;0;0;92;106
41424	0
41424	
17412;0;0;92;106
41542	0
41542	
17530;0;0;92;106
41672	0
41672	
17649;0;0;92;106
41789	0
41789	
17778;0;0;92;106
41908	0
41908	
17894;0;0;92;106
42025	0
42025	
18014;0;0;92;106
42146	0
42146	
18135;0;0;92;106
42265	0
42265	
18251;0;0;92;106
42381	0
42381	
18370;0;0;92;106
42510	0
42510	
18492;0;0;92;106
42633	0
42633	
18622;0;0;92;106
42752	0
42752	
18738;0;0;92;106
42868	0
42868	
18857;0;0;92;105
42991	0
42991	
18979;0;0;92;106
43109	0
43109	
19095;0;0;92;106
43227	0
43227	
19215;0;0;92;106
43359	0
43359	
19338;0;0;92;106
43478	0
43478	
19467;0;0;92;106
43597	0
43597	
19583;0;0;92;106
43713	0
43713	
19702;0;0;92;106
43837	0
43837	
19824;0;0;92;106
43955	0
43955	
19941;0;0;92;106
44071	0
44071	
20060;0;0;92;106
44203	0
44203	
20182;0;0;92;106
44322	0
44322	
20311;0;0;92;106
44443	0
44443	
20429;0;0;92;106
44561	0
44561	
20549;0;0;92;106
44679	0
44679	
20668;0;0;92;106
44798	0
44798	
20784;0;0;92;106
44914	0
44914	
20903;0;0;92;106
45043	0
45043	
21025;0;0;92;106
45166	0
45166	
21155;0;0;92;106
45287	0
45287	
21273;0;0;92;106
45403	0
45403	
21392;0;0;92;106
45523	0
45523	
21512;0;0;92;106
45643	0
45643	
21629;0;0;92;106
45760	0
45760	
21749;0;0;92;106
45892	0
45892	
21878;0;0;92;106
46009	0
46009	
21998;0;0;92;106
46128	0
46128	
22114;0;0;92;106
46245	0
46245	
22234;0;0;92;106
46366	0
46366	
22355;0;0;92;106
46485	0
46485	
22471;0;0;92;106
46601	0
46601	
22590;0;0;92;106
46722	0
46722	
22707;0;0;92;106
46838	0
46838	
22827;0;0;92;106
46962	0
46962	
22950;0;0;92;106
47080	0
47080	
23066;0;0;92;106
47196	0
47196	
23185;0;0;92;106
47316	0
47316	
23302;0;0;92;106
47434	0
47434	
23422;0;0;92;106
47565	0
47565	
23551;0;0;92;106
47681	0
47681	
23670;0;0;92;106
47801	0
47801	
23787;0;0;92;106
47917	0
47917	
23906;0;0;92;106
48038	0
48038	
24027;0;0;92;106
48158	0
48158	
24144;0;0;92;106
48286	0
48286	
24263;0;0;92;106
48402	0
48402	
24391;0;0;92;106
48523	0
48523	
24510;0;0;92;106
48643	0
48643	
24629;0;0;92;106
48760	0
48760	
24749;0;0;92;106
48880	0
48880	
24866;0;0;92;106
48996	0
48996	
24985;0;0;92;106
49129	0
49129	
25115;0;0;92;106
49247	0
49247	
25236;0;0;92;106
49368	0
49368	
25356;0;0;92;106
49486	0
49486	
25474;0;0;92;106
49605	0
49605	
25593;0;0;92;106
49726	0
49726	
25713;0;0;92;106
49844	0
49844	
25832;0;0;92;106
49976	0
49976	
25963;0;0;92;106
50093	0
50093	
26081;0;0;92;106
50211	0
50211	
26200;0;0;92;106
50332	0
50332	
26320;0;0;92;106
50450	0
50450	
26438;0;0;92;106
50570	0
50570	
26559;0;0;92;106
50695	0
50695	
26678;0;0;92;106
50820	0
50820	
26808;0;0;92;106
50941	0
50941	
26927;0;0;92;106
51057	0
51057	
27046;0;0;92;106
51177	0
51177	
27164;0;0;92;106
51295	0
51295	
27283;0;0;92;106
51413	0
51413	
27402;0;0;92;106
51542	0
51542	
27520;0;0;92;106
51663	0
51663	
27649;0;0;92;106
51779	0
51779	
27768;0;0;92;106
51902	0
51902	
27891;0;0;92;106
52021	0
52021	
28007;0;0;92;106
52138	0
52138	
28127;0;0;92;106
52257	0
52257	
28243;0;0;92;106
52386	0
52386	
28362;0;0;92;106
52502	0
52502	
28491;0;0;92;106
52625	0
52625	
28613;0;0;92;106
52744	0
52744	
28730;0;0;92;106
52860	0
52860	
28849;0;0;92;106
52982	0
52982	
28971;0;0;92;106
53102	0
53102	
29088;0;0;92;106
53231	0
53231	
29207;0;0;92;106
53347	0
53347	
29336;0;0;92;106
53466	0
53466	
29452;0;0;92;106
53582	0
53582	
29571;0;0;92;106
53705	0
53705	
29693;0;0;92;106
53823	0
53823	
29809;0;0;92;106
53940	0
53940	
29929;0;0;92;106
54065	0
54065	
30046;0;0;92;106
54192	0
54192	
30180;0;0;92;106
54311	0
54311	
30297;0;0;92;106
54427	0
54427	
30416;0;0;92;106
54550	0
54550	
30538;0;0;92;106
54668	0
54668	
30654;0;0;92;106
54784	0
54784	
30773;0;0;92;106
54910	0
54910	
30891;0;0;92;106
55036	0
55036	
31025;0;0;92;106
55156	0
55156	
31142;0;0;92;106
55272	0
55272	
31261;0;0;92;106
55395	0
55395	
31383;0;0;92;106
55514	0
55514	
31500;0;0;92;106
55630	0
55630	
31619;0;0;92;106
55758	0
55758	
31741;0;0;92;106
55881	0
55881	
31870;0;0;92;106
56000	0
56000	
31986;0;0;92;106
56117	0
56117	
32106;0;0;92;106
56238	0
56238	
32227;0;0;92;106
56357	0
56357	
32343;0;0;92;106
56473	0
56473	
32462;0;0;92;106
56600	0
56600	
32581;0;0;92;106
56724	0
56724	
32713;0;0;92;106
56846	0
56846	
32832;0;0;92;106
56962	0
56962	
32951;0;0;92;106
57082	0
57082	
33071;0;0;92;106
57201	0
57201	
33187;0;0;92;106
57318	0
57318	
33307;0;0;92;106
57446	0
57446	
33429;0;0;92;106
57569	0
57569	
33558;0;0;92;106
57688	0
57688	
33674;0;0;92;106
57804	0
57804	
33793;0;0;92;106
57927	0
57927	
33916;0;0;92;106
58047	0
58047	
34033;0;0;92;106
58163	0
58163	
34152;0;0;92;106
58294	0
58294	
34283;0;0;92;106
58417	0
58417	
34405;0;0;92;106
58536	0
58536	
34521;0;0;92;106
58652	0
58652	
34641;0;0;92;106
58774	0
58774	
34763;0;0;92;106
58893	0
58893	
34879;0;0;92;106
59009	0
59009	
34998;0;0;92;106
59138	0
59138	
35126;0;0;92;106
59260	0
59260	
35248;0;0;92;106
59378	0
59378	
35366;0;0;92;106
59496	0
59496	
35485;0;0;92;106
59615	0
59615	
35601;0;0;92;106
59731	0
59731	
35720;0;0;92;106
59859	0
59859	
35842;0;0;92;106
59982	0
59982	
35971;0;0;92;106
60101	0
60101	
36087;0;0;92;106
60217	0
60217	
36206;0;0;92;106
60339	0
60339	
36328;0;0;92;106
60459	0
60459	
36445;0;0;92;106
60575	0
60575	
36564;0;0;92;106
60706	0
60706	
36695;0;0;92;106
60826	0
60826	
36814;0;0;92;106
60944	0
60944	
36932;0;0;92;106
61063	0
61063	
37052;0;0;92;106
61182	0
61182	
37170;0;0;92;106
61300	0
61300	
37288;0;0;92;106
61419	0
61419	
37408;0;0;92;106
61551	0
61551	
37539;0;0;92;106
61670	0
61670	
37658;0;0;92;106
61789	0
61789	
37777;0;0;92;106
61907	0
61907	
37896;0;0;92;106
62026	0
62026	
38014;0;0;92;106
62144	0
62144	
38132;0;0;92;106
62271	0
62271	
38254;0;0;92;106
62394	0
62394	
38383;0;0;92;106
62513	0
62513	
38501;0;0;92;106
62631	0
62631	
38619;0;0;92;106
62751	0
62751	
38740;0;0;92;106
62872	0
62872	
38860;0;0;92;106
62990	0
62990	
38978;0;0;92;106
63119	0
63119	
39098;0;0;92;106
63238	0
63238	
39227;0;0;92;106
63359	0
63359	
39347;0;0;92;106
63478	0
63478	
39466;0;0;92;106
63596	0
63596	
39585;0;0;92;106
63716	0
63716	
39704;0;0;92;106
63835	0
63835	
39822;0;0;92;106
63966	0
63966	
39942;0;0;92;106
64083	0
64083	
40072;0;0;92;106
64203	0
64203	
40189;0;0;92;106
64319	0
64319	
40308;0;0;92;106
64439	0
64439	
40428;0;0;92;106
64559	0
64559	
40545;0;0;92;106
64676	0
64676	
40665;0;0;92;106
64803	0
64803	
40784;0;0;92;106
64926	0
64926	
40915;0;0;92;106
65045	0
65045	
41031;0;0;92;106
65162	0
65162	
41151;0;0;92;106
65283	0
65283	
41271;0;0;92;106
65400	0
65400	
41388;0;0;92;106
65518	0
65518	
41507;0;0;92;106
65645	0
65645	
41626;0;0;92;106
65769	0
65769	
41758;0;0;92;106
65889	0
65889	
41875;0;0;92;106
66005	0
66005	
41994;0;0;92;106
66124	0
66124	
42112;0;0;92;106
66243	0
66243	
42230;0;0;92;106
66362	0
66362	
42351;0;0;92;106
66492	0
66492	
42469;0;0;92;106
66614	0
66614	
42603;0;0;92;106
66733	0
66733	
42719;0;0;92;106
66850	0
66850	
42839;0;0;92;106
66970	0
66970	
42956;0;0;92;106
67086	0
67086	
43075;0;0;92;106
67206	0
67206	
43195;0;0;92;106
67331	0
67331	
43312;0;0;92;106
67459	0
67459	
43447;0;0;92;106
67577	0
67577	
43563;0;0;92;106
67693	0
67693	
43682;0;0;92;106
67814	0
67814	
43800;0;0;92;106
67930	0
67930	
43919;0;0;92;106
68051	0
68051	
44040;0;0;92;106
68176	0
68176	
44157;0;0;92;106
68301	0
68301	
44287;0;0;92;106
68421	0
68421	
44407;0;0;92;106
68537	0
68537	
44526;0;0;92;106
68656	0
68656	
44642;0;0;92;106
68772	0
68772	
44761;0;0;92;106
68895	0
68895	
44883;0;0;92;106
69019	0
69019	
45000;0;0;92;106
69144	0
69144	
45130;0;0;92;106
69264	0
69264	
45250;0;0;92;106
69380	0
69380	
45369;0;0;92;106
69499	0
69499	
45485;0;0;92;106
69616	0
69616	
45605;0;0;92;106
69736	0
69736	
45725;0;0;92;106
69862	0
69862	
45842;0;0;92;106
69988	0
69988	
45977;0;0;92;106
70107	0
70107	
46093;0;0;92;106
70224	0
70224	
46213;0;0;92;106
70343	0
70343	
46329;0;0;92;106
70460	0
70460	
46449;0;0;92;106
70580	0
70580	
46569;0;0;92;106
70707	0
70707	
46685;0;0;92;106
70828	0
70828	
46814;0;0;92;106
70945	0
70945	
46933;0;0;92;106
71065	0
71065	
47051;0;0;92;106
71181	0
71181	
47170;0;0;92;106
71301	0
71301	
47290;0;0;92;106
71421	0
71421	
47407;0;0;92;106
71550	0
71550	
47526;0;0;92;106
71666	0
71666	
47655;0;0;92;106
71785	0
71785	
47773;0;0;92;106
71903	0
71903	
47891;0;0;92;106
72023	0
72023	
48012;0;0;92;106
72144	0
72144	
48131;0;0;92;106
72262	0
72262	
48250;0;0;92;106
72389	0
72389	
48369;0;0;92;106
72509	0
72509	
48498;0;0;92;106
72630	0
72630	
48618;0;0;93;106
72749	0
72749	
48736;0;0;92;106
72867	0
72867	
48856;0;0;92;106
72987	0
72987	
48973;0;0;92;106
73103	0
73103	
49092;0;0;92;106
73237	0
73237	
49213;0;0;92;106
73354	0
73354	
49343;0;0;92;106
73476	0
73476	
49465;0;0;92;106
73595	0
73595	
49581;0;0;92;106
73711	0
73711	
49700;0;0;92;106
73831	0
73831	
49816;0;0;92;106
73947	0
73947	
49936;0;0;92;106
74079	0
74079	
50056;0;0;92;106
74196	0
74196	
50185;0;0;92;106
74315	0
74315	
50301;0;0;92;106
74432	0
74432	
50420;0;0;92;106
74553	0
74553	
50542;0;0;92;106
74673	0
74673	
50659;0;0;93;106
74789	0
74789	
50778;0;0;92;106
74921	0
74921	
50900;0;0;92;106
75039	0
75039	
51028;0;0;92;106
75161	0
75161	
51147;0;0;92;106
75277	0
75277	
51266;0;0;92;106
75397	0
75397	
51386;0;0;93;106
75516	0
75516	
51502;0;0;92;106
75632	0
75632	
51621;0;0;92;106
75762	0
75762	
51739;0;0;93;106
75882	0
75882	
51868;0;0;92;106
75998	0
75998	
51987;0;0;92;106
76120	0
76120	
52109;0;0;92;106
76239	0
76239	
52225;0;0;93;106
76357	0
76357	
52346;0;0;92;106
76479	0
76479	
52468;0;0;93;106
76607	0
76607	
52584;0;0;93;106
76725	0
76725	
52712;0;0;92;106
76842	0
76842	
52831;0;0;92;106
76963	0
76963	
52949;0;0;92;106
77079	0
77079	
53068;0;0;92;106
77202	0
77202	
53190;0;0;93;106
77320	0
77320	
53306;0;0;92;106
77448	0
77448	
53425;0;0;92;106
77566	0
77566	
53555;0;0;92;106
77686	0
77686	
53675;0;0;92;106
77805	0
77805	
53791;0;0;93;106
77921	0
77921	
53910;0;0;92;106
78041	0
78041	
54027;0;0;92;106
78159	0
78159	
54147;0;0;92;106
78290	0
78290	
54276;0;0;92;106
78407	0
78407	
54396;0;0;92;106
78527	0
78527	
54513;0;0;92;106
78643	0
78643	
54632;0;0;92;106
78764	0
78764	
54753;0;0;92;106
78883	0
78883	
54869;0;0;92;106
78999	0
78999	
54988;0;0;92;106
79130	0
79130	
55119;0;0;92;106
79253	0
79253	
55241;0;0;92;106
79372	0
79372	
55358;0;0;92;106
79488	0
79488	
55477;0;0;93;106
79611	0
79611	
55599;0;0;92;106
79729	0
79729	
55715;0;0;92;106
79845	0
79845	
55834;0;0;92;106
79968	0
79968	
55956;0;0;92;106
80086	0
80086	
56074;0;0;92;106
80205	0
80205	
56194;0;0;92;106
80326	0
80326	
56312;0;0;93;106
80442	0
80442	
56431;0;0;93;106
80563	0
80563	
56552;0;0;92;106
80683	0
80683	
56669;0;0;92;106
80800	0
80800	
56789;0;0;92;106
80919	0
80919	
56907;0;0;92;106
81037	0
81037	
57025;0;0;93;106
81158	0
81158	
57147;0;0;92;106
81277	0
81277	
57265;0;0;92;106
81395	0
81395	
57383;0;0;92;106
81512	0
81512	
57500;0;0;92;106
81643	0
81643	
57631;0;0;93;106
81764	0
81764	
57751;0;0;92;106
81882	0
81882	
57870;0;0;92;106
82001	0
82001	
57989;0;0;92;106
82119	0
82119	
58108;0;0;92;106
82238	0
82238	
58226;0;0;92;106
82364	0
82364	
58344;0;0;93;106
82487	0
82487	
58475;0;0;92;106
82605	0
82605	
58594;0;0;92;106
82724	0
82724	
58712;0;0;93;106
82842	0
82842	
58830;0;0;93;106
82962	0
82962	
58950;0;0;93;106
83083	0
83083	
59071;0;0;92;106
83211	0
83211	
59189;0;0;92;106
83329	0
83329	
59317;0;0;92;106
83449	0
83449	
59436;0;0;93;106
83569	0
83569	
59557;0;0;93;106
83688	0
83688	
59676;0;0;93;106
83807	0
83807	
59795;0;0;92;106
83925	0
83925	
59914;0;0;92;106
84046	0
84046	
60032;0;0;92;106
84165	0
84165	
60152;0;0;92;106
84284	0
84284	
60273;0;0;92;106
84405	0
84405	
60391;0;0;92;106
84521	0
84521	
60510;0;0;92;106
84641	0
84641	
60630;0;0;92;106
84760	0
84760	
60746;0;0;92;106
84892	0
84892	
60880;0;0;92;106
85010	0
85010	
60998;0;0;93;106
85128	0
85128	
61117;0;0;92;106
85247	0
85247	
61233;0;0;92;106
85364	0
85364	
61353;0;0;92;106
85485	0
85485	
61474;0;0;93;106
85612	0
85612	
61590;0;0;93;106
85732	0
85732	
61718;0;0;92;106
85848	0
85848	
61837;0;0;93;106
85969	0
85969	
61957;0;0;92;106
86090	0
86090	
62076;0;0;93;106
86206	0
86206	
62195;0;0;92;106
86325	0
86325	
62313;0;0;92;106
86442	0
86442	
62431;0;0;92;106
86563	0
86563	
62552;0;0;93;106
86685	0
86685	
62671;0;0;93;106
86801	0
86801	
62790;0;0;93;106
86921	0
86921	
62909;0;0;92;106
87038	0
87038	
63026;0;0;92;106
87156	0
87156	
63145;0;0;92;106
87287	0
87287	
63276;0;0;93;106
87406	0
87406	
63394;0;0;92;106
87524	0
87524	
63512;0;0;93;106
87643	0
87643	
63632;0;0;92;106
87764	0
87764	
63752;0;0;93;106
87883	0
87883	
63871;0;0;92;106
88009	0
88009	
63991;0;0;93;106
88131	0
88131	
64120;0;0;93;106
88250	0
88250	
64238;0;0;92;106
88369	0
88369	
64357;0;0;92;106
88489	0
88489	
64478;0;0;92;106
88608	0
88608	
64596;0;0;93;106
88726	0
88726	
64714;0;0;92;106
88856	0
88856	
64833;0;0;93;106
88974	0
88974	
64962;0;0;93;106
89093	0
89093	
65081;0;0;92;106
89213	0
89213	
65201;0;0;93;106
89331	0
89331	
65319;0;0;93;106
89450	0
89450	
65439;0;0;92;106
89571	0
89571	
65559;0;0;92;106
89690	0
89690	
65677;0;0;93;106
89810	0
89810	
65797;0;0;92;106
89930	0
89930	
65916;0;0;93;106
90046	0
90046	
66035;0;0;93;106
90166	0
90166	
66154;0;0;92;106
90284	0
90284	
66272;0;0;93;106
90403	0
90403	
66392;0;0;92;106
90532	0
90532	
66521;0;0;92;106
90652	0
90652	
66639;0;0;92;106
90770	0
90770	
66758;0;0;92;106
