11795	0
11795	
5475;0;0;5;5
11915	0
11915	
5591;0;0;5;5
12030	0
12030	
5709;0;0;5;5
12150	0
12150	
5828;0;0;5;5
12270	0
12270	
5946;0;0;5;5
12393	0
12393	
6064;0;0;5;5
12513	0
12513	
6193;0;0;5;5
12633	0
12633	
6309;0;0;5;5
12748	0
12748	
6428;0;0;5;5
12869	0
12869	
6547;0;0;5;5
12986	0
12986	
6664;0;0;5;5
13104	0
13104	
6784;0;0;5;5
13224	0
13224	
6900;0;0;5;5
13355	0
13355	
7033;0;0;5;5
13472	0
13472	
7150;0;0;5;5
13590	0
13590	
7270;0;0;5;5
13710	0
13710	
7386;0;0;5;5
13825	0
13825	
7504;0;0;5;5
13944	0
13944	
7623;0;0;5;5
14062	0
14062	
7740;0;0;5;5
14180	0
14180	
7860;0;0;5;5
14299	0
14299	
7976;0;0;5;5
14414	0
14414	
8093;0;0;5;5
14532	0
14532	
8208;0;0;5;5
14647	0
14647	
8326;0;0;5;5
14768	0
14768	
8447;0;0;5;5
14886	0
14886	
8564;0;0;5;5
15016	0
15016	
8684;0;0;5;5
15132	0
15132	
8811;0;0;5;5
15250	0
15250	
8926;0;0;5;5
15366	0
15366	
9045;0;0;5;5
15486	0
15486	
9165;0;0;5;5
15604	0
15604	
9282;0;0;5;5
15722	0
15722	
9402;0;0;5;5
15848	0
15848	
9517;0;0;5;5
15970	0
15970	
9649;0;0;5;5
16087	0
16087	
9766;0;0;5;5
16206	0
16206	
9884;0;0;5;5
16324	0
16324	
10002;0;0;5;5
16442	0
16442	
10122;0;0;5;5
16562	0
16562	
10240;0;0;5;5
16689	0
16689	
10357;0;0;5;5
16807	0
16807	
10485;0;0;5;5
16926	0
16926	
10604;0;0;5;5
17044	0
17044	
10724;0;0;5;5
17165	0
17165	
10843;0;0;5;5
17281	0
17281	
10959;0;0;5;5
17398	0
17398	
11076;0;0;5;5
17523	0
17523	
11193;0;0;5;5
17645	0
17645	
11323;0;0;5;5
17766	0
17766	
11444;0;0;5;5
17882	0
17882	
11561;0;0;5;5
17999	0
17999	
11677;0;0;5;5
18117	0
18117	
11795;0;0;5;5
18237	0
18237	
11916;0;0;5;5
18354	0
18354	
12032;0;0;5;5
18483	0
18483	
12161;0;0;5;5
18601	0
18601	
12279;0;0;5;5
18719	0
18719	
12397;0;0;5;5
18837	0
18837	
12517;0;0;5;5
18957	0
18957	
12635;0;0;5;6
19074	0
19074	
12752;0;0;5;5
19192	0
19192	
12870;0;0;5;5
19311	0
19311	
12990;0;0;5;5
19429	0
19429	
13109;0;0;5;5
19550	0
19550	
13226;0;0;5;5
19665	0
19665	
13345;0;0;5;5
19785	0
19785	
13465;0;0;5;5
19904	0
19904	
13580;0;0;5;5
20019	0
20019	
13698;0;0;5;5
20140	0
20140	
13817;0;0;5;5
20255	0
20255	
13934;0;0;5;5
20374	0
20374	
14050;0;0;5;5
20489	0
20489	
14168;0;0;5;5
20610	0
20610	
14290;0;0;5;5
20728	0
20728	
14404;0;0;5;5
20844	0
20844	
14523;0;0;5;5
20972	0
20972	
14652;0;0;5;5
21091	0
21091	
14768;0;0;5;5
21206	0
21206	
14885;0;0;5;5
21324	0
21324	
15000;0;0;5;5
21440	0
21440	
15119;0;0;5;5
21561	0
21561	
15239;0;0;5;5
21678	0
21678	
15356;0;0;5;5
21809	0
21809	
15486;0;0;5;5
21925	0
21925	
15604;0;0;5;5
22045	0
22045	
15721;0;0;5;5
22161	0
22161	
15840;0;0;5;5
22281	0
22281	
15961;0;0;5;5
22400	0
22400	
16076;0;0;5;5
22515	0
22515	
16194;0;0;5;5
22642	0
22642	
16309;0;0;5;5
22762	0
22762	
16439;0;0;5;5
22878	0
22878	
16557;0;0;5;5
22996	0
22996	
16672;0;0;5;5
23111	0
23111	
16790;0;0;5;5
23231	0
23231	
16907;0;0;5;5
23346	0
23346	
17025;0;0;5;6
23479	0
23479	
17146;0;0;5;5
23595	0
23595	
17274;0;0;5;5
23713	0
23713	
17389;0;0;5;5
23828	0
23828	
17508;0;0;5;5
23946	0
23946	
17622;0;0;5;5
24062	0
24062	
17741;0;0;5;5
24185	0
24185	
17864;0;0;5;5
24311	0
24311	
17978;0;0;5;5
24430	0
24430	
18106;0;0;5;5
24545	0
24545	
18224;0;0;5;6
24663	0
24663	
18339;0;0;5;5
24780	0
24780	
18459;0;0;5;5
24901	0
24901	
18580;0;0;5;5
25018	0
25018	
18694;0;0;5;5
25145	0
25145	
18812;0;0;5;5
25261	0
25261	
18940;0;0;5;5
25381	0
25381	
19056;0;0;5;5
25496	0
25496	
19175;0;0;5;5
25616	0
25616	
19295;0;0;5;5
25733	0
25733	
19411;0;0;5;5
25851	0
25851	
19531;0;0;5;5
25980	0
25980	
19646;0;0;5;5
26101	0
26101	
19778;0;0;5;6
26216	0
26216	
19896;0;0;5;5
26335	0
26335	
20014;0;0;5;5
26452	0
26452	
20130;0;0;5;5
26570	0
26570	
20250;0;0;5;5
26692	0
26692	
20367;0;0;5;5
26819	0
26819	
20486;0;0;5;5
26936	0
26936	
20614;0;0;5;5
27054	0
27054	
20734;0;0;5;5
27173	0
27173	
20849;0;0;5;5
27289	0
27289	
20968;0;0;5;5
27408	0
27408	
21087;0;0;5;5
27525	0
27525	
21203;0;0;5;5
27649	0
27649	
21323;0;0;5;5
27772	0
27772	
21452;0;0;5;5
27893	0
27893	
21569;0;0;5;5
28009	0
28009	
21687;0;0;5;5
28128	0
28128	
21808;0;0;5;5
28247	0
28247	
21923;0;0;5;5
28362	0
28362	
22041;0;0;5;5
28490	0
28490	
22156;0;0;5;5
28610	0
28610	
22287;0;0;5;5
28726	0
28726	
22406;0;0;5;5
28845	0
28845	
22524;0;0;5;5
28962	0
28962	
22640;0;0;5;5
29082	0
29082	
22761;0;0;5;5
29201	0
29201	
22877;0;0;5;5
29328	0
29328	
22995;0;0;5;5
29444	0
29444	
23123;0;0;5;5
29565	0
29565	
23244;0;0;5;5
29683	0
29683	
23359;0;0;5;5
29799	0
29799	
23478;0;0;5;5
29917	0
29917	
23593;0;0;5;5
30033	0
30033	
23712;0;0;5;5
30160	0
30160	
23832;0;0;5;5
30285	0
30285	
23964;0;0;5;5
30402	0
30402	
24078;0;0;5;5
30517	0
30517	
24196;0;0;5;5
30637	0
30637	
24313;0;0;5;5
30753	0
30753	
24432;0;0;5;5
30873	0
30873	
24553;0;0;5;5
31001	0
31001	
24668;0;0;5;5
31120	0
31120	
24797;0;0;5;6
31235	0
31235	
24914;0;0;5;5
31356	0
31356	
25032;0;0;5;5
31471	0
31471	
25150;0;0;5;5
31591	0
31591	
25271;0;0;5;5
31710	0
31710	
25386;0;0;5;6
31837	0
31837	
25504;0;0;5;5
31953	0
31953	
25632;0;0;5;5
32074	0
32074	
25750;0;0;5;5
32190	0
32190	
25869;0;0;5;5
32311	0
32311	
25991;0;0;5;5
32429	0
32429	
26106;0;0;5;5
32544	0
32544	
26223;0;0;5;5
32674	0
32674	
26341;0;0;5;5
32795	0
32795	
26471;0;0;5;5
32910	0
32910	
26590;0;0;5;5
33031	0
33031	
26710;0;0;5;6
33148	0
33148	
26824;0;0;5;5
33263	0
33263	
26942;0;0;5;5
33385	0
33385	
27060;0;0;5;5
33512	0
33512	
27179;0;0;5;6
33628	0
33628	
27307;0;0;5;5
33749	0
33749	
27429;0;0;5;6
33868	0
33868	
27544;0;0;5;5
33984	0
33984	
27664;0;0;5;5
34104	0
34104	
27780;0;0;5;5
34219	0
34219	
27898;0;0;5;6
34346	0
34346	
28019;0;0;5;6
34467	0
34467	
28147;0;0;5;5
34586	0
34586	
28262;0;0;5;5
34703	0
34703	
28382;0;0;5;5
34824	0
34824	
28504;0;0;5;5
34940	0
34940	
28618;0;0;5;6
35058	0
35058	
28738;0;0;5;5
35187	0
35187	
28853;0;0;5;5
35308	0
35308	
28984;0;0;5;5
35423	0
35423	
29103;0;0;5;5
35542	0
35542	
29221;0;0;5;5
35659	0
35659	
29337;0;0;5;5
35777	0
35777	
29457;0;0;5;5
35898	0
35898	
29574;0;0;5;5
36026	0
36026	
29693;0;0;5;5
36141	0
36141	
29820;0;0;5;5
36262	0
36262	
29942;0;0;5;5
36381	0
36381	
30057;0;0;5;5
36497	0
36497	
30176;0;0;5;5
36618	0
36618	
30294;0;0;5;5
36733	0
36733	
30412;0;0;5;5
36861	0
36861	
30534;0;0;5;5
36982	0
36982	
30662;0;0;5;6
37101	0
37101	
30777;0;0;5;5
37216	0
37216	
30896;0;0;5;5
37338	0
37338	
31018;0;0;5;5
37456	0
37456	
31132;0;0;5;5
37571	0
37571	
31251;0;0;5;5
37698	0
37698	
31366;0;0;5;5
37815	0
37815	
31493;0;0;5;5
37933	0
37933	
31613;0;0;5;5
38052	0
38052	
31728;0;0;5;5
38167	0
38167	
31846;0;0;5;5
38288	0
38288	
31963;0;0;5;5
38403	0
38403	
32082;0;0;5;5
38530	0
38530	
32202;0;0;5;5
38652	0
38652	
32331;0;0;5;5
38770	0
38770	
32446;0;0;5;5
38885	0
38885	
32564;0;0;5;5
39007	0
39007	
32687;0;0;5;5
39125	0
39125	
32801;0;0;5;5
39241	0
39241	
32920;0;0;5;5
39368	0
39368	
33035;0;0;5;5
39487	0
39487	
33164;0;0;5;5
39603	0
39603	
33282;0;0;5;5
39721	0
39721	
33397;0;0;5;5
39836	0
39836	
33515;0;0;5;5
39956	0
39956	
33635;0;0;5;5
40073	0
40073	
33751;0;0;5;6
40204	0
40204	
33872;0;0;5;6
40320	0
40320	
33999;0;0;5;5
40440	0
40440	
34116;0;0;5;5
40556	0
40556	
34234;0;0;5;5
40675	0
40675	
34355;0;0;5;5
40794	0
40794	
34471;0;0;5;6
40910	0
40910	
34589;0;0;5;5
41036	0
41036	
34706;0;0;5;5
41161	0
41161	
34840;0;0;5;5
41279	0
41279	
34955;0;0;5;5
41395	0
41395	
35074;0;0;5;5
41515	0
41515	
35191;0;0;5;5
41630	0
41630	
35309;0;0;5;5
41751	0
41751	
35430;0;0;5;5
41878	0
41878	
35544;0;0;5;5
41997	0
41997	
35673;0;0;5;5
42112	0
42112	
35791;0;0;5;6
42231	0
42231	
35910;0;0;5;5
42348	0
42348	
36026;0;0;5;5
42466	0
42466	
36146;0;0;5;5
42587	0
42587	
36262;0;0;5;6
42714	0
42714	
36381;0;0;5;6
42830	0
42830	
36509;0;0;5;5
42949	0
42949	
36628;0;0;5;5
43066	0
43066	
36744;0;0;5;5
43185	0
43185	
36864;0;0;5;6
43305	0
43305	
36984;0;0;5;6
43422	0
43422	
37100;0;0;5;5
43552	0
43552	
37219;0;0;5;5
43670	0
43670	
37350;0;0;5;5
43790	0
43790	
37466;0;0;5;5
43908	0
43908	
37586;0;0;5;5
44026	0
44026	
37704;0;0;5;5
44143	0
44143	
37821;0;0;5;5
44261	0
44261	
37941;0;0;5;5
44388	0
44388	
38060;0;0;5;5
44512	0
44512	
38192;0;0;5;5
44632	0
44632	
38308;0;0;5;5
44747	0
44747	
38426;0;0;5;5
44867	0
44867	
38543;0;0;5;5
44982	0
44982	
38661;0;0;5;5
45104	0
45104	
38783;0;0;5;6
45232	0
45232	
38898;0;0;5;5
45348	0
45348	
39026;0;0;5;5
45466	0
45466	
39146;0;0;5;5
45585	0
45585	
39261;0;0;5;5
45701	0
45701	
39380;0;0;5;5
45821	0
45821	
39500;0;0;5;5
45939	0
45939	
39617;0;0;5;5
46063	0
46063	
39737;0;0;5;5
46186	0
46186	
39865;0;0;5;5
46305	0
46305	
39981;0;0;5;5
46420	0
46420	
40099;0;0;5;5
46539	0
46539	
40215;0;0;5;5
46654	0
46654	
40333;0;0;5;5
46775	0
46775	
40455;0;0;5;5
46903	0
46903	
40569;0;0;5;5
47018	0
47018	
40697;0;0;5;5
47137	0
47137	
40817;0;0;5;5
47257	0
47257	
40933;0;0;5;5
47372	0
47372	
41051;0;0;5;5
47491	0
47491	
41166;0;0;5;5
47606	0
47606	
41285;0;0;5;6
47741	0
47741	
41408;0;0;5;6
47857	0
47857	
41536;0;0;5;5
47975	0
47975	
41651;0;0;5;5
48090	0
48090	
41769;0;0;5;5
48212	0
48212	
41892;0;0;5;5
48330	0
48330	
42006;0;0;6;5
48445	0
48445	
42125;0;0;6;6
48571	0
48571	
42240;0;0;5;5
48690	0
48690	
42367;0;0;5;5
48807	0
48807	
42487;0;0;5;5
48926	0
48926	
42602;0;0;5;6
49041	0
49041	
42720;0;0;5;5
49162	0
49162	
42841;0;0;5;5
49279	0
49279	
42957;0;0;5;5
49402	0
49402	
43077;0;0;5;5
49525	0
49525	
43205;0;0;5;6
49644	0
49644	
43320;0;0;5;5
49759	0
49759	
43439;0;0;5;5
49880	0
49880	
43559;0;0;5;5
49998	0
49998	
43676;0;0;5;5
50116	0
50116	
43796;0;0;5;5
50242	0
50242	
43911;0;0;5;5
50364	0
50364	
44041;0;0;5;5
50480	0
50480	
44159;0;0;5;5
50599	0
50599	
44278;0;0;5;5
50716	0
50716	
44394;0;0;5;5
50834	0
50834	
44514;0;0;5;5
50954	0
50954	
44630;0;0;5;5
51077	0
51077	
44748;0;0;5;5
51198	0
51198	
44877;0;0;5;5
51317	0
51317	
44996;0;0;5;5
51434	0
51434	
45112;0;0;5;5
51552	0
51552	
45232;0;0;5;5
51672	0
51672	
45348;0;0;6;5
51788	0
51788	
45467;0;0;5;5
51913	0
51913	
45586;0;0;5;6
52037	0
52037	
45715;0;0;5;5
52154	0
52154	
45832;0;0;5;5
52272	0
52272	
45952;0;0;5;5
52392	0
52392	
46068;0;0;5;5
52510	0
52510	
46188;0;0;5;5
52628	0
52628	
46308;0;0;5;5
52754	0
52754	
46423;0;0;5;5
52873	0
52873	
46550;0;0;5;5
52991	0
52991	
46670;0;0;5;5
53111	0
53111	
46790;0;0;5;5
53228	0
53228	
46906;0;0;5;5
53346	0
53346	
47026;0;0;6;6
53466	0
53466	
47142;0;0;5;5
53594	0
53594	
47260;0;0;5;5
53709	0
53709	
47388;0;0;5;5
53829	0
53829	
47508;0;0;5;5
53946	0
53946	
47624;0;0;5;5
54064	0
54064	
47744;0;0;5;5
54183	0
54183	
47859;0;0;5;5
54299	0
54299	
47978;0;0;5;5
54424	0
54424	
48097;0;0;5;5
54548	0
54548	
48227;0;0;5;5
54665	0
54665	
48343;0;0;5;5
54783	0
54783	
48463;0;0;5;5
54904	0
54904	
48580;0;0;5;5
55019	0
55019	
48698;0;0;5;5
55139	0
55139	
48819;0;0;5;5
55266	0
55266	
48934;0;0;5;5
55383	0
55383	
49061;0;0;5;5
55501	0
55501	
49181;0;0;5;5
55621	0
55621	
49297;0;0;5;5
55737	0
55737	
49415;0;0;5;5
55855	0
55855	
49534;0;0;5;5
55972	0
55972	
49650;0;0;5;5
56099	0
56099	
49770;0;0;5;6
56219	0
56219	
49899;0;0;5;5
56339	0
56339	
50015;0;0;5;5
56455	0
56455	
50134;0;0;5;5
56574	0
56574	
50253;0;0;5;5
56692	0
56692	
50369;0;0;5;5
56810	0
56810	
50490;0;0;6;5
56937	0
56937	
50606;0;0;5;5
