774	0
9774	
2758;0;0;64;58
9894	0
9894	
2877;0;0;64;58
10011	0
10011	
2994;0;0;63;57
10138	0
10138	
3114;0;0;63;56
10258	0
10258	
3243;0;0;63;57
10382	0
10382	
3366;0;0;63;57
10500	0
10500	
3481;0;0;63;57
10616	0
10616	
3600;0;0;63;57
10736	0
10736	
3717;0;0;63;57
10852	0
10852	
3836;0;0;63;57
10978	0
10978	
3958;0;0;63;57
11102	0
11102	
4086;0;0;63;57
11222	0
11222	
4203;0;0;63;57
11338	0
11338	
4322;0;0;63;57
11459	0
11459	
4444;0;0;63;57
11578	0
11578	
4559;0;0;63;57
11695	0
11695	
4679;0;0;63;57
11820	0
11820	
4796;0;0;63;57
11947	0
11947	
4931;0;0;63;57
12065	0
12065	
5047;0;0;63;57
12181	0
12181	
5165;0;0;63;57
12302	0
12302	
5283;0;0;63;57
12418	0
12418	
5402;0;0;63;57
12538	0
12538	
5523;0;0;63;57
12664	0
12664	
5638;0;0;63;57
12783	0
12783	
5767;0;0;63;57
12902	0
12902	
5887;0;0;63;57
13023	0
13023	
6007;0;0;63;57
13141	0
13141	
6124;0;0;63;57
13261	0
13261	
6243;0;0;63;57
13380	0
13380	
6364;0;0;63;57
13501	0
13501	
6481;0;0;63;57
13627	0
13627	
6610;0;0;63;57
13746	0
13746	
6729;0;0;63;58
13866	0
13866	
6850;0;0;63;57
13984	0
13984	
6967;0;0;63;57
14101	0
14101	
7084;0;0;63;57
14218	0
14218	
7201;0;0;63;57
14344	0
14344	
7323;0;0;63;57
14467	0
14467	
7452;0;0;63;57
14587	0
14587	
7571;0;0;63;57
14705	0
14705	
7688;0;0;63;57
14824	0
14824	
7809;0;0;63;56
14944	0
14944	
7928;0;0;63;56
15062	0
15062	
8046;0;0;63;57
15190	0
15190	
8165;0;0;63;57
15310	0
15310	
8295;0;0;63;57
15430	0
15430	
8414;0;0;63;57
15548	0
15548	
8531;0;0;63;56
15668	0
15668	
8653;0;0;63;57
15788	0
15788	
8772;0;0;63;57
15906	0
15906	
8889;0;0;63;57
16034	0
16034	
9008;0;0;63;56
16154	0
16154	
9139;0;0;63;56
16276	0
16276	
9256;0;0;63;57
16393	0
16393	
9376;0;0;63;57
16512	0
16512	
9497;0;0;63;57
16631	0
16631	
9612;0;0;63;57
16747	0
16747	
9731;0;0;63;57
16874	0
16874	
9851;0;0;63;56
16998	0
16998	
9983;0;0;63;57
17117	0
17117	
10098;0;0;63;57
17233	0
17233	
10217;0;0;63;56
17356	0
17356	
10340;0;0;63;57
17474	0
17474	
10455;0;0;63;57
17591	0
17591	
10575;0;0;63;57
17720	0
17720	
10692;0;0;63;57
17839	0
17839	
10821;0;0;63;57
17955	0
17955	
10940;0;0;63;57
18078	0
18078	
11062;0;0;63;57
18197	0
18197	
11178;0;0;63;57
18313	0
18313	
11297;0;0;63;57
18436	0
18436	
11420;0;0;63;57
18563	0
18563	
11536;0;0;63;57
18683	0
18683	
11664;0;0;63;57
18800	0
18800	
11784;0;0;63;56
18920	0
18920	
11905;0;0;63;57
19039	0
19039	
12020;0;0;63;57
19155	0
19155	
12139;0;0;63;56
19276	0
19276	
12257;0;0;63;57
19405	0
19405	
12390;0;0;63;56
19525	0
19525	
12506;0;0;63;57
19641	0
19641	
12625;0;0;63;57
19760	0
19760	
12741;0;0;63;57
19876	0
19876	
12860;0;0;63;56
19998	0
19998	
12982;0;0;63;56
20118	0
20118	
13099;0;0;63;57
20246	0
20246	
13228;0;0;63;57
20365	0
20365	
13347;0;0;63;57
20482	0
20482	
13467;0;0;63;56
20601	0
20601	
13582;0;0;63;56
20718	0
20718	
13702;0;0;63;56
20839	0
20839	
13824;0;0;63;57
20959	0
20959	
13940;0;0;63;57
21076	0
21076	
14061;0;0;63;56
21196	0
21196	
14180;0;0;63;56
21315	0
21315	
14299;0;0;63;57
21434	0
21434	
14419;0;0;63;57
21554	0
21554	
14538;0;0;63;57
21672	0
21672	
14655;0;0;63;57
21791	0
21791	
14774;0;0;63;57
21911	0
21911	
14895;0;0;63;57
22029	0
22029	
15014;0;0;63;57
22149	0
22149	
15133;0;0;63;57
22267	0
22267	
15251;0;0;63;57
22386	0
22386	
15371;0;0;63;57
22507	0
22507	
15491;0;0;63;56
22625	0
22625	
15608;0;0;63;56
22744	0
22744	
15728;0;0;63;57
22864	0
22864	
15846;0;0;63;57
22983	0
22983	
15967;0;0;63;56
23102	0
23102	
16086;0;0;63;56
23221	0
23221	
16204;0;0;63;56
23341	0
23341	
16325;0;0;63;57
23460	0
23460	
16442;0;0;63;57
23588	0
23588	
16571;0;0;63;57
23708	0
23708	
16691;0;0;63;57
23828	0
23828	
16812;0;0;63;57
23946	0
23946	
16929;0;0;63;57
24064	0
24064	
17046;0;0;63;57
24181	0
24181	
17164;0;0;63;57
24301	0
24301	
17286;0;0;63;56
24431	0
24431	
17414;0;0;63;56
24548	0
24548	
17531;0;0;63;57
24666	0
24666	
17648;0;0;63;57
24784	0
24784	
17767;0;0;63;57
24905	0
24905	
17889;0;0;63;57
25023	0
25023	
18006;0;0;63;57
25144	0
25144	
18123;0;0;63;56
25270	0
25270	
18254;0;0;63;57
25390	0
25390	
18374;0;0;63;57
25509	0
25509	
18492;0;0;63;57
25628	0
25628	
18611;0;0;63;57
25748	0
25748	
18732;0;0;63;57
25867	0
25867	
18850;0;0;63;57
25997	0
25997	
18970;0;0;63;57
26116	0
26116	
19101;0;0;63;57
26237	0
26237	
19220;0;0;63;57
26354	0
26354	
19337;0;0;63;57
26474	0
26474	
19459;0;0;63;57
26594	0
26594	
19578;0;0;63;57
26713	0
26713	
19696;0;0;63;57
26841	0
26841	
19816;0;0;63;57
26960	0
26960	
19944;0;0;63;57
27081	0
27081	
20063;0;0;63;57
27197	0
27197	
20181;0;0;63;57
27318	0
27318	
20302;0;0;63;57
27437	0
27437	
20418;0;0;63;57
27553	0
27553	
20537;0;0;63;57
27683	0
27683	
20668;0;0;63;57
27805	0
27805	
20789;0;0;63;57
27925	0
27925	
20905;0;0;63;57
28041	0
28041	
21025;0;0;63;57
28160	0
28160	
21141;0;0;63;57
28276	0
28276	
21261;0;0;63;57
28397	0
28397	
21382;0;0;63;57
28515	0
28515	
21498;0;0;63;57
28634	0
28634	
21619;0;0;63;57
28754	0
28754	
21738;0;0;63;57
28873	0
28873	
21855;0;0;63;57
28992	0
28992	
21977;0;0;63;57
29112	0
29112	
22096;0;0;63;57
29231	0
29231	
22214;0;0;63;57
29350	0
29350	
22334;0;0;63;57
29471	0
29471	
22454;0;0;63;57
29589	0
29589	
22572;0;0;63;57
29708	0
29708	
22691;0;0;63;57
29829	0
29829	
22813;0;0;63;57
29947	0
29947	
22930;0;0;63;57
30064	0
30064	
23047;0;0;63;57
30195	0
30195	
23178;0;0;63;57
30315	0
30315	
23299;0;0;63;57
30434	0
30434	
23417;0;0;63;57
30553	0
30553	
23536;0;0;63;57
30674	0
30674	
23657;0;0;63;57
30791	0
30791	
23774;0;0;63;57
30911	0
30911	
23891;0;0;63;57
31038	0
31038	
24023;0;0;63;57
31157	0
31157	
24138;0;0;63;57
31273	0
31273	
24257;0;0;63;57
31394	0
31394	
24378;0;0;63;57
31512	0
31512	
24495;0;0;63;57
31631	0
31631	
24615;0;0;63;57
31756	0
31756	
24734;0;0;63;57
31882	0
31882	
24867;0;0;63;57
32001	0
32001	
24982;0;0;63;57
32117	0
32117	
25101;0;0;63;57
32238	0
32238	
25222;0;0;63;57
32356	0
32356	
25339;0;0;63;57
32474	0
32474	
25459;0;0;63;57
32604	0
32604	
25579;0;0;63;57
32724	0
32724	
25708;0;0;63;57
32842	0
32842	
25826;0;0;63;57
32961	0
32961	
25944;0;0;63;57
33079	0
33079	
26064;0;0;63;57
33198	0
33198	
26182;0;0;63;57
33316	0
33316	
26300;0;0;63;57
33446	0
33446	
26421;0;0;63;57
33565	0
33565	
26549;0;0;63;57
33685	0
33685	
26668;0;0;63;57
33802	0
33802	
26785;0;0;63;57
33921	0
33921	
26906;0;0;63;57
34042	0
34042	
27026;0;0;63;57
34160	0
34160	
27143;0;0;63;57
34281	0
34281	
27264;0;0;63;57
34398	0
34398	
27382;0;0;63;57
34516	0
34516	
27501;0;0;63;57
34636	0
34636	
27617;0;0;63;57
34752	0
34752	
27736;0;0;63;57
34875	0
34875	
27859;0;0;63;57
34993	0
34993	
27974;0;0;63;57
35112	0
35112	
28096;0;0;63;57
35232	0
35232	
28212;0;0;63;57
35348	0
35348	
28332;0;0;63;57
35470	0
35470	
28455;0;0;63;57
35589	0
35589	
28570;0;0;63;57
35705	0
35705	
28689;0;0;63;57
35824	0
35824	
28805;0;0;63;57
35957	0
35957	
28941;0;0;63;57
36076	0
36076	
29057;0;0;63;57
36192	0
36192	
29176;0;0;63;57
36311	0
36311	
29292;0;0;63;57
36427	0
36427	
29411;0;0;63;57
36548	0
36548	
29533;0;0;63;57
36670	0
36670	
29649;0;0;63;57
36799	0
36799	
29784;0;0;63;57
36918	0
36918	
29899;0;0;63;57
37034	0
37034	
30018;0;0;63;57
37154	0
37154	
30135;0;0;63;57
37270	0
37270	
30254;0;0;63;57
37391	0
37391	
30376;0;0;63;57
37518	0
37518	
30492;0;0;63;57
37639	0
37639	
30620;0;0;63;57
37756	0
37756	
30740;0;0;63;57
37876	0
37876	
30857;0;0;63;57
37992	0
37992	
30976;0;0;63;57
38112	0
38112	
31097;0;0;63;57
38231	0
38231	
31212;0;0;63;57
38360	0
38360	
31333;0;0;63;57
38476	0
38476	
31460;0;0;63;57
38595	0
38595	
31576;0;0;63;57
38711	0
38711	
31695;0;0;63;57
38833	0
38833	
31818;0;0;63;57
38953	0
38953	
31934;0;0;63;57
39069	0
39069	
32053;0;0;63;57
39200	0
39200	
32184;0;0;63;57
39319	0
39319	
32303;0;0;63;57
39437	0
39437	
32420;0;0;63;57
39556	0
39556	
32540;0;0;63;57
39676	0
39676	
32657;0;0;63;57
39792	0
39792	
32776;0;0;63;57
39912	0
39912	
32897;0;0;63;57
40029	0
40029	
33012;0;0;63;57
40149	0
40149	
33134;0;0;63;57
40269	0
40269	
33253;0;0;63;57
40388	0
40388	
33370;0;0;63;57
40507	0
40507	
33492;0;0;63;57
40627	0
40627	
33611;0;0;63;57
40746	0
40746	
33729;0;0;63;57
40865	0
40865	
33848;0;0;63;57
40985	0
40985	
33968;0;0;63;57
41102	0
41102	
34087;0;0;63;57
41221	0
41221	
34205;0;0;63;57
41340	0
41340	
34323;0;0;63;57
41459	0
41459	
34444;0;0;63;57
41578	0
41578	
34562;0;0;63;57
41708	0
41708	
34691;0;0;63;57
41827	0
41827	
34810;0;0;63;57
41947	0
41947	
34930;0;0;63;57
42064	0
42064	
35047;0;0;63;57
42182	0
42182	
35165;0;0;63;57
42300	0
42300	
35283;0;0;63;57
42420	0
42420	
35404;0;0;63;57
42550	0
42550	
35533;0;0;63;57
42668	0
42668	
35651;0;0;63;57
42787	0
42787	
35772;0;0;63;57
42906	0
42906	
35890;0;0;63;57
43024	0
43024	
36007;0;0;63;57
43142	0
43142	
36124;0;0;63;57
43270	0
43270	
36245;0;0;63;57
43393	0
43393	
36377;0;0;63;57
43512	0
43512	
36494;0;0;63;57
43630	0
43630	
36613;0;0;63;57
43751	0
43751	
36732;0;0;63;57
43869	0
43869	
36852;0;0;63;57
43989	0
43989	
36971;0;0;63;57
44118	0
44118	
37091;0;0;63;57
44237	0
44237	
37221;0;0;63;57
44355	0
44355	
37338;0;0;63;57
44475	0
44475	
37458;0;0;63;57
44596	0
44596	
37577;0;0;63;57
44712	0
44712	
37696;0;0;63;57
44831	0
44831	
37815;0;0;63;57
44959	0
44959	
37933;0;0;63;57
45078	0
45078	
38061;0;0;63;57
45196	0
45196	
38181;0;0;63;57
45317	0
45317	
38298;0;0;63;57
45433	0
45433	
38417;0;0;63;57
45553	0
45553	
38538;0;0;63;57
45673	0
45673	
38654;0;0;63;57
45790	0
45790	
38775;0;0;63;57
45909	0
45909	
38893;0;0;63;57
46027	0
46027	
39010;0;0;63;57
46144	0
46144	
39127;0;0;63;57
46264	0
46264	
39247;0;0;63;57
46382	0
46382	
39367;0;0;63;57
46502	0
46502	
39486;0;0;63;57
46633	0
46633	
39617;0;0;63;57
46754	0
46754	
39735;0;0;63;57
46872	0
46872	
39855;0;0;63;57
46992	0
46992	
39974;0;0;63;57
47112	0
47112	
40093;0;0;63;57
47228	0
47228	
40212;0;0;63;57
47347	0
47347	
40331;0;0;63;57
47479	0
47479	
40464;0;0;63;57
47600	0
47600	
40581;0;0;63;57
47716	0
47716	
40700;0;0;63;57
47836	0
47836	
40819;0;0;63;57
47953	0
47953	
40937;0;0;63;57
48072	0
48072	
41056;0;0;63;57
48198	0
48198	
41173;0;0;63;57
48322	0
48322	
41306;0;0;63;57
48440	0
48440	
41423;0;0;63;57
48558	0
48558	
41543;0;0;63;57
48679	0
48679	
41663;0;0;63;57
48797	0
48797	
41780;0;0;63;57
48916	0
48916	
41901;0;0;63;57
49046	0
49046	
42018;0;0;63;57
49166	0
49166	
42150;0;0;63;57
49286	0
49286	
42269;0;0;63;57
49405	0
49405	
42390;0;0;63;57
49525	0
49525	
42509;0;0;63;57
49643	0
49643	
42626;0;0;63;57
49762	0
49762	
42747;0;0;63;57
49893	0
49893	
42867;0;0;63;57
50012	0
50012	
42996;0;0;63;57
50130	0
50130	
43114;0;0;63;57
50249	0
50249	
43232;0;0;63;57
50369	0
50369	
43353;0;0;63;57
50488	0
50488	
43470;0;0;63;57
50607	0
50607	
43590;0;0;63;57
50726	0
50726	
43710;0;0;63;57
50847	0
50847	
43828;0;0;63;57
50963	0
50963	
43948;0;0;63;57
51082	0
51082	
44066;0;0;63;57
51201	0
51201	
44184;0;0;63;57
51320	0
51320	
44305;0;0;63;57
51439	0
51439	
44423;0;0;63;57
51556	0
51556	
44540;0;0;63;57
51677	0
51677	
44659;0;0;63;57
51795	0
51795	
44777;0;0;63;57
51912	0
51912	
44897;0;0;63;57
52032	0
52032	
45016;0;0;63;57
52150	0
52150	
45133;0;0;63;57
52269	0
52269	
45254;0;0;63;57
52391	0
52391	
45373;0;0;63;57
52508	0
52508	
45492;0;0;63;57
52628	0
52628	
45612;0;0;63;57
52745	0
52745	
45728;0;0;63;57
52863	0
52863	
45848;0;0;63;57
52984	0
52984	
45968;0;0;63;57
53102	0
53102	
46085;0;0;63;57
53230	0
53230	
46213;0;0;63;57
53348	0
53348	
46333;0;0;63;57
53468	0
53468	
46452;0;0;63;57
53587	0
53587	
46570;0;0;63;57
53706	0
53706	
46691;0;0;63;57
53826	0
53826	
46810;0;0;63;57
53951	0
53951	
46927;0;0;63;57
54072	0
54072	
47055;0;0;63;57
54193	0
54193	
47177;0;0;63;57
54313	0
54313	
47294;0;0;63;57
54429	0
54429	
47413;0;0;63;57
54549	0
54549	
47534;0;0;63;57
54668	0
54668	
47649;0;0;63;57
54798	0
54798	
47769;0;0;63;57
54914	0
54914	
47898;0;0;63;57
55036	0
55036	
48019;0;0;63;57
55153	0
55153	
48136;0;0;63;57
55271	0
55271	
48256;0;0;63;57
55391	0
55391	
48372;0;0;63;57
55507	0
55507	
48491;0;0;63;57
55640	0
55640	
48614;0;0;63;57
55758	0
55758	
48742;0;0;63;57
55877	0
55877	
48858;0;0;63;57
55994	0
55994	
48978;0;0;63;57
56114	0
56114	
49099;0;0;63;57
56233	0
56233	
49214;0;0;63;57
56349	0
56349	
49333;0;0;63;57
56474	0
56474	
49451;0;0;63;57
56601	0
56601	
49586;0;0;63;57
56721	0
56721	
49702;0;0;63;57
56837	0
56837	
49821;0;0;63;57
56959	0
56959	
49944;0;0;63;57
57078	0
57078	
50059;0;0;63;57
57195	0
57195	
50179;0;0;63;57
57317	0
57317	
50302;0;0;63;57
57448	0
57448	
50433;0;0;63;57
57568	0
57568	
50549;0;0;63;57
57684	0
57684	
50668;0;0;63;57
57805	0
57805	
50786;0;0;63;57
57922	0
57922	
50905;0;0;63;57
58040	0
58040	
51025;0;0;63;57
58159	0
58159	
51140;0;0;63;57
58276	0
58276	
51261;0;0;63;57
58397	0
58397	
51379;0;0;63;57
58514	0
58514	
51497;0;0;63;57
58633	0
58633	
51618;0;0;63;57
58753	0
58753	
51737;0;0;63;57
58871	0
58871	
51854;0;0;63;57
58990	0
58990	
51973;0;0;63;57
59122	0
59122	
52096;0;0;63;57
59241	0
59241	
52225;0;0;63;57
59359	0
59359	
52343;0;0;63;57
59478	0
59478	
52461;0;0;63;57
59599	0
59599	
52582;0;0;63;57
59717	0
59717	
52700;0;0;63;57
59836	0
59836	
52819;0;0;63;57
59965	0
59965	
52938;0;0;63;57
60086	0
60086	
53070;0;0;63;57
