14081	0
14081	
5776;0;0;96;100
14200	0
14200	
5892;0;0;96;100
14316	0
14316	
6011;0;0;96;100
14438	0
14438	
6133;0;0;96;100
14564	0
14564	
6249;0;0;96;100
14687	0
14687	
6379;0;0;96;100
14803	0
14803	
6498;0;0;96;100
14922	0
14922	
6614;0;0;96;100
15038	0
15038	
6733;0;0;96;100
15161	0
15161	
6855;0;0;96;100
15280	0
15280	
6972;0;0;96;100
15408	0
15408	
7091;0;0;96;100
15524	0
15524	
7219;0;0;96;100
15645	0
15645	
7337;0;0;96;100
15761	0
15761	
7456;0;0;96;100
15881	0
15881	
7576;0;0;96;100
16000	0
16000	
7692;0;0;96;100
16116	0
16116	
7811;0;0;96;100
16242	0
16242	
7933;0;0;96;100
16368	0
16368	
8063;0;0;96;100
16489	0
16489	
8181;0;0;96;100
16605	0
16605	
8300;0;0;96;100
16727	0
16727	
8422;0;0;96;100
16846	0
16846	
8538;0;0;96;100
16962	0
16962	
8657;0;0;96;100
17089	0
17089	
8780;0;0;96;100
17216	0
17216	
8910;0;0;96;100
17334	0
17334	
9026;0;0;96;100
17450	0
17450	
9145;0;0;96;100
17570	0
17570	
9262;0;0;96;100
17688	0
17688	
9382;0;0;96;100
17806	0
17806	
9501;0;0;96;100
17930	0
17930	
9617;0;0;96;100
18055	0
18055	
9747;0;0;96;100
18171	0
18171	
9866;0;0;96;100
18291	0
18291	
9986;0;0;96;100
18410	0
18410	
10102;0;0;96;100
18526	0
18526	
10221;0;0;96;100
18648	0
18648	
10343;0;0;96;100
18777	0
18777	
10459;0;0;96;100
18896	0
18896	
10589;0;0;96;100
19013	0
19013	
10708;0;0;96;100
19132	0
19132	
10824;0;0;96;100
19248	0
19248	
10943;0;0;96;100
19371	0
19371	
11066;0;0;96;100
19491	0
19491	
11182;0;0;96;100
19619	0
19619	
11311;0;0;96;100
19737	0
19737	
11431;0;0;96;100
19855	0
19855	
11550;0;0;96;100
19974	0
19974	
11666;0;0;96;100
20092	0
20092	
11786;0;0;96;100
20212	0
20212	
11907;0;0;96;100
20331	0
20331	
12023;0;0;96;100
20447	0
20447	
12142;0;0;96;100
20568	0
20568	
12261;0;0;96;100
20686	0
20686	
12380;0;0;96;100
20805	0
20805	
12500;0;0;96;100
20925	0
20925	
12619;0;0;96;100
21043	0
21043	
12737;0;0;96;100
21162	0
21162	
12857;0;0;96;100
21292	0
21292	
12987;0;0;96;100
21413	0
21413	
13107;0;0;96;100
21531	0
21531	
13225;0;0;96;100
21650	0
21650	
13345;0;0;96;100
21769	0
21769	
13461;0;0;96;100
21886	0
21886	
13581;0;0;96;100
22018	0
22018	
13701;0;0;96;100
22137	0
22137	
13832;0;0;96;100
22258	0
22258	
13950;0;0;97;100
22374	0
22374	
14069;0;0;97;100
22495	0
22495	
14190;0;0;96;100
22615	0
22615	
14307;0;0;96;100
22731	0
22731	
14426;0;0;96;100
22858	0
22858	
14543;0;0;97;100
22983	0
22983	
14677;0;0;96;100
23101	0
23101	
14793;0;0;96;100
23218	0
23218	
14913;0;0;96;100
23338	0
23338	
15030;0;0;97;100
23454	0
23454	
15149;0;0;97;100
23575	0
23575	
15270;0;0;96;100
23702	0
23702	
15386;0;0;96;100
23825	0
23825	
15517;0;0;96;100
23941	0
23941	
15636;0;0;96;100
24061	0
24061	
15755;0;0;97;100
24179	0
24179	
15873;0;0;97;100
24297	0
24297	
15992;0;0;96;100
24418	0
24418	
16112;0;0;96;100
24547	0
24547	
16230;0;0;96;100
24665	0
24665	
16358;0;0;96;100
24784	0
24784	
16479;0;0;96;100
24903	0
24903	
16597;0;0;96;100
25022	0
25022	
16716;0;0;96;100
25141	0
25141	
16836;0;0;96;100
25260	0
25260	
16954;0;0;97;100
25390	0
25390	
17072;0;0;96;100
25507	0
25507	
17201;0;0;96;100
25627	0
25627	
17321;0;0;96;100
25745	0
25745	
17440;0;0;96;100
25864	0
25864	
17558;0;0;96;100
25983	0
25983	
17677;0;0;97;100
26102	0
26102	
17797;0;0;97;100
26233	0
26233	
17916;0;0;96;100
26350	0
26350	
18044;0;0;96;100
26469	0
26469	
18163;0;0;96;100
26590	0
26590	
18284;0;0;96;100
26708	0
26708	
18402;0;0;97;100
26828	0
26828	
18522;0;0;96;100
26948	0
26948	
18642;0;0;96;100
27078	0
27078	
18760;0;0;97;100
27195	0
27195	
18889;0;0;97;100
27314	0
27314	
19008;0;0;97;100
27435	0
27435	
19128;0;0;96;100
27553	0
27553	
19247;0;0;96;100
27672	0
27672	
19366;0;0;96;100
27793	0
27793	
19487;0;0;97;100
27922	0
27922	
19605;0;0;96;100
28039	0
28039	
19733;0;0;97;100
28159	0
28159	
19853;0;0;96;100
28277	0
28277	
19972;0;0;96;100
28397	0
28397	
20091;0;0;97;100
28514	0
28514	
20208;0;0;97;100
28633	0
28633	
20328;0;0;97;100
28762	0
28762	
20448;0;0;96;100
28884	0
28884	
20577;0;0;96;100
29002	0
29002	
20696;0;0;96;100
29120	0
29120	
20815;0;0;97;100
29240	0
29240	
20934;0;0;97;100
29359	0
29359	
21053;0;0;96;100
29477	0
29477	
21172;0;0;97;100
29605	0
29605	
21292;0;0;97;100
29729	0
29729	
21424;0;0;97;100
29848	0
29848	
21540;0;0;97;100
29965	0
29965	
21660;0;0;97;100
30086	0
30086	
21779;0;0;97;100
30203	0
30203	
21897;0;0;96;100
30321	0
30321	
22016;0;0;97;100
30448	0
30448	
22135;0;0;97;100
30573	0
30573	
22268;0;0;97;100
30694	0
30694	
22388;0;0;96;100
30812	0
30812	
22506;0;0;96;100
30931	0
30931	
22625;0;0;96;100
31052	0
31052	
22744;0;0;97;100
31170	0
31170	
22864;0;0;97;100
31300	0
31300	
22983;0;0;96;100
31419	0
31419	
23114;0;0;96;100
31540	0
31540	
23232;0;0;97;100
31656	0
31656	
23351;0;0;97;100
31777	0
31777	
23472;0;0;97;100
31897	0
31897	
23589;0;0;97;100
32013	0
32013	
23708;0;0;96;100
32141	0
32141	
23830;0;0;97;100
32264	0
32264	
23959;0;0;97;100
32386	0
32386	
24077;0;0;97;100
32503	0
32503	
24197;0;0;97;100
32622	0
32622	
24317;0;0;97;100
32741	0
32741	
24433;0;0;97;100
32857	0
32857	
24552;0;0;97;100
32990	0
32990	
24672;0;0;97;100
33109	0
33109	
24804;0;0;97;100
33229	0
33229	
24923;0;0;97;100
33347	0
33347	
25041;0;0;97;100
33466	0
33466	
25160;0;0;97;100
33588	0
33588	
25280;0;0;97;100
33706	0
33706	
25400;0;0;97;100
33833	0
33833	
25517;0;0;97;100
33951	0
33951	
25645;0;0;96;100
34068	0
34068	
25762;0;0;97;100
34191	0
34191	
25884;0;0;97;100
34308	0
34308	
26002;0;0;97;100
34425	0
34425	
26119;0;0;97;100
34544	0
34544	
26239;0;0;97;100
34674	0
34674	
26358;0;0;97;100
34796	0
34796	
26489;0;0;97;100
34917	0
34917	
26609;0;0;97;100
35033	0
35033	
26728;0;0;97;100
35152	0
35152	
26846;0;0;97;100
35270	0
35270	
26964;0;0;97;100
35391	0
35391	
27085;0;0;97;100
35518	0
35518	
27205;0;0;97;100
35641	0
35641	
27335;0;0;97;100
35762	0
35762	
27454;0;0;97;100
35878	0
35878	
27573;0;0;97;100
35997	0
35997	
27691;0;0;97;100
36116	0
36116	
27810;0;0;97;100
36234	0
36234	
27929;0;0;97;100
36361	0
36361	
28048;0;0;97;100
36484	0
36484	
28177;0;0;97;100
36601	0
36601	
28295;0;0;97;100
36721	0
36721	
28416;0;0;97;100
36840	0
36840	
28534;0;0;97;100
36958	0
36958	
28652;0;0;97;100
37077	0
37077	
28771;0;0;97;100
37209	0
37209	
28892;0;0;97;100
37328	0
37328	
29022;0;0;97;100
37447	0
37447	
29141;0;0;97;100
37565	0
37565	
29260;0;0;97;100
37685	0
37685	
29378;0;0;97;100
37803	0
37803	
29497;0;0;97;100
37923	0
37923	
29618;0;0;97;100
38053	0
38053	
29736;0;0;97;100
38171	0
38171	
29865;0;0;97;100
38291	0
38291	
29984;0;0;97;100
38411	0
38411	
30105;0;0;97;100
38530	0
38530	
30224;0;0;97;100
38649	0
38649	
30343;0;0;97;100
38769	0
38769	
30463;0;0;97;100
38899	0
38899	
30581;0;0;97;100
39016	0
39016	
30710;0;0;97;100
39136	0
39136	
30831;0;0;97;100
39256	0
39256	
30950;0;0;97;100
39374	0
39374	
31068;0;0;97;100
39493	0
39493	
31187;0;0;97;100
39614	0
39614	
31308;0;0;97;100
39744	0
39744	
31427;0;0;97;100
39861	0
39861	
31555;0;0;97;100
39980	0
39980	
31674;0;0;97;100
40101	0
40101	
31795;0;0;97;100
40219	0
40219	
31913;0;0;97;100
40339	0
40339	
32033;0;0;97;100
40460	0
40460	
32152;0;0;97;100
40589	0
40589	
32271;0;0;97;100
40706	0
40706	
32400;0;0;97;100
40823	0
40823	
32517;0;0;97;100
40941	0
40941	
32635;0;0;97;100
41060	0
41060	
32755;0;0;97;100
41179	0
41179	
32873;0;0;97;100
41298	0
41298	
32992;0;0;97;100
41428	0
41428	
33111;0;0;97;100
41549	0
41549	
33241;0;0;97;100
41665	0
41665	
33360;0;0;97;100
41786	0
41786	
33479;0;0;97;100
41906	0
41906	
33598;0;0;97;100
42022	0
42022	
33717;0;0;97;100
42143	0
42143	
33835;0;0;97;100
42271	0
42271	
33954;0;0;97;100
42388	0
42388	
34082;0;0;97;100
42509	0
42509	
34204;0;0;97;100
42628	0
42628	
34320;0;0;97;100
42745	0
42745	
34439;0;0;97;100
42867	0
42867	
34562;0;0;97;100
42986	0
42986	
34678;0;0;97;100
43115	0
43115	
34798;0;0;97;100
43231	0
43231	
34926;0;0;97;100
43352	0
43352	
35044;0;0;97;100
43472	0
43472	
35164;0;0;97;100
43588	0
43588	
35283;0;0;97;100
43707	0
43707	
35399;0;0;97;100
43823	0
43823	
35518;0;0;97;100
43955	0
43955	
35640;0;0;97;100
44074	0
44074	
35769;0;0;97;100
44195	0
44195	
35887;0;0;97;100
44313	0
44313	
36007;0;0;97;100
44431	0
44431	
36126;0;0;97;100
44551	0
44551	
36243;0;0;97;100
44668	0
44668	
36363;0;0;97;100
44799	0
44799	
36493;0;0;97;100
44919	0
44919	
36614;0;0;97;100
45039	0
45039	
36733;0;0;97;100
45157	0
45157	
36851;0;0;97;100
45277	0
45277	
36972;0;0;97;100
45398	0
45398	
37091;0;0;97;100
45516	0
45516	
37210;0;0;97;100
45648	0
45648	
37340;0;0;97;100
45765	0
45765	
37460;0;0;97;100
45885	0
45885	
37579;0;0;97;100
46003	0
46003	
37697;0;0;97;100
46122	0
46122	
37816;0;0;97;100
46240	0
46240	
37935;0;0;97;100
46359	0
46359	
38053;0;0;97;100
46489	0
46489	
38183;0;0;97;100
46611	0
46611	
38303;0;0;97;100
46727	0
46727	
38422;0;0;97;100
46846	0
46846	
38540;0;0;97;100
46964	0
46964	
38658;0;0;97;100
47084	0
47084	
38779;0;0;97;100
47205	0
47205	
38899;0;0;97;100
47322	0
47322	
39017;0;0;97;100
47442	0
47442	
39137;0;0;97;100
47562	0
47562	
39254;0;0;97;100
47679	0
47679	
39374;0;0;97;100
47800	0
47800	
39493;0;0;97;100
47917	0
47917	
39611;0;0;97;100
48043	0
48043	
39730;0;0;97;100
48164	0
48164	
39859;0;0;97;100
48285	0
48285	
39979;0;0;97;100
48403	0
48403	
40097;0;0;97;100
48522	0
48522	
40217;0;0;97;100
48642	0
48642	
40334;0;0;97;100
48758	0
48758	
40453;0;0;97;100
48892	0
48892	
40584;0;0;97;100
49009	0
49009	
40704;0;0;97;100
49129	0
49129	
40821;0;0;97;100
49245	0
49245	
40940;0;0;97;100
49365	0
49365	
41060;0;0;97;100
49485	0
49485	
41177;0;0;97;100
49601	0
49601	
41296;0;0;97;100
49730	0
49730	
41425;0;0;97;100
49850	0
49850	
41544;0;0;97;100
49967	0
49967	
41661;0;0;97;100
50086	0
50086	
41780;0;0;97;100
50207	0
50207	
41901;0;0;97;100
50325	0
50325	
42019;0;0;97;100
50449	0
50449	
42138;0;0;97;100
50572	0
50572	
42267;0;0;97;100
50692	0
50692	
42383;0;0;97;100
50808	0
50808	
42503;0;0;97;100
50930	0
50930	
42625;0;0;97;100
51049	0
51049	
42741;0;0;97;100
51165	0
51165	
42860;0;0;97;100
51293	0
51293	
42976;0;0;97;100
51414	0
51414	
43106;0;0;97;100
51530	0
51530	
43225;0;0;97;100
51653	0
51653	
43347;0;0;97;100
51771	0
51771	
43463;0;0;97;100
51887	0
51887	
43582;0;0;97;100
52008	0
52008	
43700;0;0;97;100
52137	0
52137	
43820;0;0;97;100
52253	0
52253	
43948;0;0;97;100
52375	0
52375	
44069;0;0;97;100
52493	0
52493	
44185;0;0;97;100
52610	0
52610	
44305;0;0;97;100
52733	0
52733	
44427;0;0;97;100
52851	0
52851	
44543;0;0;97;100
52979	0
52979	
44662;0;0;97;100
53095	0
53095	
44790;0;0;97;100
53219	0
53219	
44913;0;0;97;100
53337	0
53337	
45029;0;0;97;100
53453	0
53453	
45148;0;0;97;100
53573	0
53573	
45265;0;0;97;100
53689	0
53689	
45384;0;0;97;100
53822	0
53822	
45505;0;0;97;100
53938	0
53938	
45633;0;0;97;100
54057	0
54057	
45749;0;0;97;100
54173	0
54173	
45868;0;0;97;100
54296	0
54296	
45990;0;0;97;100
54416	0
54416	
46108;0;0;97;100
54532	0
54532	
46227;0;0;97;100
54661	0
54661	
46349;0;0;97;100
54783	0
54783	
46478;0;0;97;100
54902	0
