milliseconds	Werte
11887	0
11887	
7;0;0;-3;-2
12006	0
12006	
122;0;0;-2;-1
12121	0
12121	
240;0;0;-3;-2
12239	0
12239	
355;0;0;-2;-1
12354	0
12354	
473;0;0;-3;-2
12472	0
12472	
588;0;0;-30;-32
12605	0
12605	
724;0;0;0;-12
12723	0
12723	
840;0;0;-15;-30
12839	0
12839	
959;0;0;-28;-35
12958	0
12958	
1075;0;0;-31;-28
13074	0
13074	
1194;0;0;-8;-6
13197	0
13197	
1316;0;0;-6;-5
13322	0
13322	
1430;0;0;-4;-4
13439	0
13439	
1557;0;0;-4;-2
13557	0
13557	
1677;0;0;-4;-2
13678	0
13678	
1795;0;0;-4;-2
13794	0
13794	
1913;0;0;-4;-2
13914	0
13914	
2034;0;0;-4;-2
14033	0
14033	
2149;0;0;-4;-2
14160	0
14160	
2267;0;0;-4;-2
14276	0
14276	
2396;0;0;-4;-2
14395	0
14395	
2511;0;0;-3;-2
14511	0
14511	
2630;0;0;-4;-2
14631	0
14631	
2750;0;0;-4;-2
14748	0
14748	
2866;0;0;-3;-2
14866	0
14866	
2986;0;0;-4;-1
14993	0
14993	
3101;0;0;-3;-2
15110	0
15110	
3228;0;0;-3;-2
15228	0
15228	
3348;0;0;-3;-2
15347	0
15347	
3463;0;0;-3;-2
15462	0
15462	
3581;0;0;-3;-2
15584	0
15584	
3704;0;0;-3;-2
15702	0
15702	
3818;0;0;-3;-2
15831	0
15831	
3937;0;0;-3;-1
15947	0
15947	
4066;0;0;-4;-2
16065	0
16065	
4181;0;0;-4;-2
16181	0
16181	
4300;0;0;-3;-2
16302	0
16302	
4422;0;0;0;0
16420	0
16420	
4536;0;0;13;10
16536	0
16536	
4655;0;0;25;22
16661	0
16661	
4770;0;0;27;27
16780	0
16780	
4899;0;0;27;28
16898	0
16898	
5018;0;0;30;28
17017	0
17017	
5133;0;0;28;30
17134	0
17134	
5252;0;0;29;33
17256	0
17256	
5375;0;0;29;33
17375	0
17375	
5490;0;0;30;34
17503	0
17503	
5609;0;0;30;34
17618	0
17618	
5737;0;0;30;34
17737	0
17737	
5853;0;0;30;34
17853	0
17853	
5972;0;0;30;34
17976	0
17976	
6095;0;0;30;34
18094	0
18094	
6210;0;0;30;34
18210	0
18210	
6329;0;0;29;33
18334	0
18334	
6447;0;0;29;32
18463	0
18463	
6581;0;0;25;30
18581	0
18581	
6698;0;0;22;31
18697	0
18697	
6816;0;0;20;27
18820	0
18820	
6939;0;0;22;27
18938	0
18938	
7054;0;0;22;28
19054	0
19054	
7173;0;0;22;27
19181	0
19181	
7291;0;0;22;27
19305	0
19305	
7425;0;0;22;27
19425	0
19425	
7541;0;0;22;27
19541	0
19541	
7660;0;0;22;27
19661	0
19661	
7777;0;0;23;27
19777	0
19777	
7896;0;0;22;27
19898	0
19898	
8018;0;0;26;26
20023	0
20023	
8133;0;0;27;24
20147	0
20147	
8266;0;0;27;25
20265	0
20265	
8383;0;0;27;24
20384	0
20384	
8504;0;0;27;24
20505	0
20505	
8621;0;0;27;24
20621	0
20621	
8740;0;0;27;24
20741	0
20741	
8861;0;0;27;24
20865	0
20865	
8976;0;0;27;25
20989	0
20989	
9105;0;0;27;25
21105	0
21105	
9224;0;0;27;24
21225	0
21225	
9344;0;0;27;24
21343	0
21343	
9461;0;0;27;24
21461	0
21461	
9581;0;0;27;24
21582	0
21582	
9700;0;0;27;24
21709	0
21709	
9817;0;0;27;24
21828	0
21828	
9946;0;0;27;24
21947	0
21947	
10067;0;0;27;24
22067	0
22067	
10186;0;0;27;24
22185	0
22185	
10304;0;0;27;24
22304	0
22304	
10422;0;0;27;24
22426	0
22426	
10542;0;0;27;24
22554	0
22554	
10661;0;0;27;24
22671	0
22671	
10789;0;0;27;25
22790	0
22790	
10908;0;0;27;25
22907	0
22907	
11025;0;0;27;25
23026	0
23026	
11145;0;0;27;25
23145	0
23145	
11264;0;0;27;24
23263	0
23263	
11381;0;0;27;24
23389	0
23389	
11502;0;0;27;24
23512	0
23512	
11632;0;0;27;24
23632	0
23632	
11750;0;0;27;24
23750	0
23750	
11868;0;0;27;24
23869	0
23869	
11989;0;0;27;24
23989	0
23989	
12108;0;0;27;25
24106	0
24106	
12225;0;0;27;25
24235	0
24235	
12343;0;0;27;24
24355	0
24355	
12475;0;0;27;24
24474	0
24474	
12593;0;0;27;24
24592	0
24592	
12710;0;0;27;24
24711	0
24711	
12829;0;0;27;24
24831	0
24831	
12950;0;0;27;24
24950	0
24950	
13068;0;0;27;24
25079	0
25079	
13187;0;0;27;24
25199	0
25199	
13319;0;0;27;24
25318	0
25318	
13437;0;0;27;24
25436	0
25436	
13554;0;0;27;24
25556	0
25556	
13676;0;0;25;31
25677	0
25677	
13795;0;0;25;34
25794	0
25794	
13913;0;0;26;34
25924	0
25924	
14031;0;0;29;33
26043	0
26043	
14163;0;0;31;34
26164	0
26164	
14283;0;0;31;34
26283	0
26283	
14400;0;0;30;35
26402	0
26402	
14522;0;0;29;35
26522	0
26522	
14641;0;0;29;35
26640	0
26640	
14758;0;0;29;35
26769	0
26769	
14880;0;0;29;35
26890	0
26890	
15010;0;0;29;35
27010	0
27010	
15129;0;0;29;35
27128	0
27128	
15246;0;0;29;36
27247	0
27247	
15367;0;0;29;36
27368	0
27368	
15487;0;0;29;36
27487	0
27487	
15604;0;0;29;35
27616	0
27616	
15726;0;0;29;35
27735	0
27735	
15854;0;0;29;36
27854	0
27854	
15973;0;0;29;35
27973	0
27973	
16091;0;0;29;35
28091	0
28091	
16211;0;0;29;35
28211	0
28211	
16330;0;0;29;35
28329	0
28329	
16447;0;0;29;36
28458	0
28458	
16568;0;0;29;35
28578	0
28578	
16697;0;0;29;35
28699	0
28699	
16818;0;0;29;35
28817	0
28817	
16935;0;0;29;35
28935	0
28935	
17055;0;0;29;35
29055	0
29055	
17174;0;0;29;35
29174	0
29174	
17292;0;0;29;35
29305	0
29305	
17412;0;0;29;35
29421	0
29421	
17540;0;0;29;35
29540	0
29540	
17659;0;0;29;35
29658	0
29658	
17776;0;0;29;35
29778	0
29778	
17898;0;0;29;35
29899	0
29899	
18015;0;0;29;36
30015	0
30015	
18134;0;0;29;36
30147	0
30147	
18256;0;0;29;35
30265	0
30265	
18384;0;0;29;35
30386	0
30386	
18503;0;0;29;35
30502	0
30502	
18621;0;0;29;35
30622	0
30622	
18742;0;0;29;35
30741	0
30741	
18857;0;0;29;35
30857	0
30857	
18976;0;0;29;35
30988	0
30988	
19094;0;0;30;35
31106	0
31106	
19225;0;0;29;35
31224	0
31224	
19342;0;0;29;35
31343	0
31343	
19463;0;0;29;35
31463	0
31463	
19582;0;0;29;35
31583	0
31583	
19699;0;0;29;35
31701	0
31701	
19821;0;0;29;35
31831	0
31831	
19940;0;0;29;36
31950	0
31950	
20069;0;0;29;35
32068	0
32068	
20187;0;0;29;35
32188	0
32188	
20305;0;0;29;35
32308	0
32308	
20427;0;0;29;35
32426	0
32426	
20544;0;0;29;36
32543	0
32543	
20661;0;0;29;35
32673	0
32673	
20780;0;0;29;35
32794	0
32794	
20913;0;0;29;35
32913	0
32913	
21030;0;0;29;35
33029	0
33029	
21147;0;0;29;36
33146	0
33146	
21265;0;0;29;35
33265	0
33265	
21385;0;0;29;35
33386	0
33386	
21504;0;0;29;35
33515	0
33515	
21622;0;0;29;35
33633	0
33633	
21750;0;0;29;35
33751	0
33751	
21871;0;0;29;35
33871	0
33871	
21990;0;0;29;35
33990	0
33990	
22107;0;0;29;35
34109	0
34109	
22229;0;0;29;35
34229	0
34229	
22348;0;0;30;36
34358	0
34358	
22465;0;0;29;35
34476	0
34476	
22593;0;0;29;35
34594	0
34594	
22713;0;0;29;35
34716	0
34716	
22832;0;0;29;35
34832	0
34832	
22951;0;0;29;35
34951	0
34951	
23070;0;0;29;35
35069	0
35069	
23187;0;0;29;36
35199	0
35199	
23308;0;0;29;35
35318	0
35318	
23437;0;0;29;35
35437	0
35437	
23556;0;0;29;35
35555	0
35555	
23674;0;0;29;36
35674	0
35674	
23794;0;0;29;35
35795	0
35795	
23914;0;0;29;35
35913	0
35913	
24031;0;0;29;35
36042	0
36042	
24150;0;0;29;35
36162	0
36162	
24282;0;0;29;35
36282	0
36282	
24401;0;0;29;36
36400	0
36400	
24518;0;0;29;35
36520	0
36520	
24640;0;0;29;35
36640	0
36640	
24759;0;0;30;36
36758	0
36758	
24876;0;0;29;36
36888	0
36888	
24997;0;0;29;36
37006	0
37006	
25126;0;0;29;35
37127	0
37127	
25246;0;0;29;35
37245	0
37245	
25363;0;0;29;35
37364	0
37364	
25484;0;0;29;35
37483	0
37483	
25599;0;0;29;35
37599	0
37599	
25719;0;0;29;35
37727	0
37727	
25839;0;0;29;35
37850	0
37850	
25970;0;0;29;35
37969	0
37969	
26085;0;0;29;35
38085	0
38085	
26204;0;0;30;36
38206	0
38206	
26325;0;0;29;36
38327	0
38327	
26443;0;0;29;35
38443	0
38443	
26562;0;0;29;35
38571	0
38571	
26681;0;0;29;35
38692	0
38692	
26810;0;0;29;35
38809	0
38809	
26928;0;0;29;35
38929	0
38929	
27046;0;0;29;36
39048	0
39048	
27167;0;0;29;35
39166	0
39166	
27285;0;0;30;36
39283	0
39283	
27401;0;0;29;36
39414	0
39414	
27522;0;0;30;35
39534	0
39534	
27653;0;0;29;35
39653	0
39653	
27771;0;0;29;35
39772	0
39772	
27890;0;0;29;35
39893	0
39893	
28011;0;0;29;35
40010	0
40010	
28128;0;0;30;36
40127	0
40127	
28245;0;0;29;36
40257	0
40257	
28364;0;0;29;35
40374	0
40374	
28492;0;0;29;35
40493	0
40493	
28612;0;0;29;35
40612	0
40612	
28731;0;0;30;36
40730	0
40730	
28848;0;0;29;36
40850	0
40850	
28970;0;0;29;35
40970	0
40970	
29089;0;0;29;35
41100	0
41100	
29207;0;0;29;35
41218	0
41218	
29335;0;0;30;36
41336	0
41336	
29454;0;0;30;36
41457	0
41457	
29576;0;0;30;36
41575	0
41575	
29693;0;0;29;36
41693	0
41693	
29810;0;0;29;35
41811	0
41811	
29929;0;0;29;35
41942	0
41942	
30049;0;0;30;36
42060	0
42060	
30178;0;0;29;35
42179	0
42179	
30298;0;0;29;36
42300	0
42300	
30418;0;0;29;36
42417	0
42417	
30535;0;0;30;35
42534	0
42534	
30652;0;0;29;36
42652	0
42652	
30770;0;0;30;35
42781	0
42781	
30891;0;0;30;36
42900	0
42900	
31020;0;0;29;35
43019	0
43019	
31138;0;0;29;36
43137	0
43137	
31255;0;0;30;36
43257	0
43257	
31377;0;0;29;36
43377	0
43377	
31496;0;0;30;36
43496	0
43496	
31613;0;0;29;36
43624	0
43624	
31734;0;0;29;35
43743	0
43743	
31862;0;0;30;36
43864	0
43864	
31980;0;0;29;36
43980	0
43980	
32099;0;0;29;35
44101	0
44101	
32221;0;0;29;35
44220	0
44220	
32336;0;0;29;35
44336	0
44336	
32455;0;0;29;36
44465	0
44465	
32573;0;0;29;36
44586	0
44586	
32705;0;0;29;36
44704	0
44704	
32823;0;0;29;35
44823	0
44823	
32943;0;0;29;35
44943	0
44943	
33062;0;0;29;35
45062	0
45062	
33180;0;0;29;35
45181	0
45181	
33301;0;0;29;36
45311	0
45311	
33421;0;0;30;36
45431	0
45431	
33550;0;0;29;35
45548	0
45548	
33667;0;0;29;36
45668	0
45668	
33786;0;0;29;36
45788	0
45788	
33907;0;0;30;36
45906	0
45906	
34024;0;0;29;36
46023	0
46023	
34141;0;0;29;35
46151	0
46151	
34259;0;0;29;35
46269	0
46269	
34387;0;0;29;36
46388	0
46388	
34508;0;0;30;36
46508	0
46508	
34627;0;0;29;36
46625	0
46625	
34743;0;0;29;35
46744	0
46744	
34862;0;0;29;36
46865	0
46865	
34983;0;0;29;35
46994	0
46994	
35101;0;0;30;36
47113	0
47113	
35230;0;0;30;36
47231	0
47231	
35349;0;0;29;36
47351	0
47351	
35470;0;0;29;35
47469	0
47469	
35587;0;0;30;36
47589	0
47589	
35707;0;0;30;36
47711	0
47711	
35829;0;0;29;36
47840	0
47840	
35947;0;0;29;36
47957	0
47957	
36074;0;0;29;36
48075	0
48075	
36193;0;0;30;35
48196	0
48196	
36315;0;0;29;35
48315	0
48315	
36433;0;0;30;35
48434	0
48434	
36552;0;0;29;35
48552	0
48552	
36672;0;0;29;35
48679	0
48679	
36790;0;0;29;35
48803	0
48803	
36920;0;0;29;35
48924	0
48924	
37041;0;0;30;35
49040	0
49040	
37159;0;0;29;36
49159	0
49159	
37278;0;0;30;36
49277	0
49277	
37395;0;0;29;36
49396	0
49396	
37516;0;0;29;36
49522	0
49522	
37635;0;0;30;35
49646	0
49646	
37764;0;0;30;36
49763	0
49763	
37881;0;0;30;36
49881	0
49881	
38001;0;0;29;35
50003	0
50003	
38121;0;0;29;36
50120	0
50120	
38238;0;0;29;35
50239	0
50239	
38359;0;0;30;36
50367	0
50367	
38474;0;0;30;36
50486	0
50486	
38603;0;0;29;35
50603	0
50603	
38723;0;0;29;35
50725	0
50725	
38845;0;0;29;35
50844	0
50844	
38960;0;0;30;36
50960	0
50960	
39079;0;0;30;36
51079	0
51079	
39195;0;0;30;36
51209	0
51209	
39315;0;0;29;36
51325	0
51325	
39444;0;0;29;35
51447	0
51447	
39567;0;0;30;36
51566	0
51566	
39682;0;0;29;36
51682	0
51682	
39801;0;0;29;36
51803	0
51803	
39918;0;0;29;36
51918	0
51918	
40037;0;0;29;36
52053	0
52053	
40160;0;0;29;36
52168	0
52168	
40287;0;0;30;36
52287	0
52287	
40403;0;0;30;36
52404	0
52404	
40523;0;0;29;35
52526	0
52526	
40646;0;0;29;35
52645	0
52645	
40761;0;0;29;35
52761	0
52761	
40880;0;0;30;36
52890	0
52890	
41003;0;0;30;36
53013	0
53013	
41133;0;0;30;35
53132	0
53132	
41248;0;0;29;35
53248	0
53248	
41367;0;0;29;36
53369	0
53369	
41489;0;0;30;36
53489	0
53489	
41605;0;0;30;36
53606	0
53606	
41725;0;0;30;36
53735	0
53735	
41846;0;0;30;35
53857	0
53857	
41977;0;0;29;35
53976	0
53976	
42093;0;0;30;36
54092	0
54092	
42211;0;0;30;36
54215	0
54215	
42334;0;0;30;36
54334	0
54334	
42450;0;0;29;35
54450	0
54450	
42569;0;0;29;35
54578	0
54578	
42688;0;0;29;36
54698	0
54698	
42817;0;0;30;36
54816	0
54816	
42935;0;0;30;36
54936	0
54936	
43056;0;0;29;35
55055	0
55055	
43174;0;0;30;35
55173	0
55173	
43291;0;0;29;35
55290	0
55290	
43408;0;0;30;36
55420	0
55420	
43527;0;0;30;36
55541	0
55541	
43660;0;0;30;36
55659	0
55659	
43777;0;0;30;36
55776	0
55776	
43894;0;0;30;36
55893	0
55893	
44011;0;0;30;36
56013	0
56013	
44133;0;0;30;36
56133	0
56133	
44252;0;0;30;36
56262	0
56262	
44369;0;0;29;36
56379	0
56379	
44497;0;0;30;35
56498	0
56498	
44616;0;0;29;36
56616	0
56616	
44736;0;0;29;36
56736	0
56736	
44855;0;0;30;36
56853	0
56853	
44971;0;0;29;36
56972	0
56972	
45092;0;0;30;36
57100	0
57100	
45211;0;0;29;36
57222	0
57222	
45340;0;0;30;36
57340	0
57340	
45458;0;0;30;36
57459	0
57459	
45579;0;0;30;36
57578	0
57578	
45697;0;0;30;36
57696	0
57696	
45814;0;0;30;36
57813	0
57813	
45932;0;0;30;36
57944	0
57944	
46051;0;0;30;36
58061	0
58061	
46179;0;0;30;36
58179	0
58179	
46299;0;0;29;36
58299	0
58299	
46418;0;0;29;35
58417	0
58417	
46535;0;0;29;36
58537	0
58537	
46657;0;0;30;36
58657	0
58657	
46776;0;0;30;36
58786	0
58786	
46894;0;0;29;35
58903	0
58903	
47022;0;0;30;36
59023	0
59023	
47143;0;0;29;35
59144	0
59144	
47263;0;0;30;36
59262	0
59262	
47380;0;0;30;36
59381	0
59381	
47501;0;0;30;36
59500	0
59500	
47617;0;0;29;35
59629	0
59629	
47737;0;0;30;36
59746	0
59746	
47866;0;0;30;36
59866	0
59866	
47986;0;0;30;36
59985	0
59985	
48101;0;0;30;36
60101	0
60101	
48220;0;0;29;35
60221	0
60221	
48340;0;0;30;36
60342	0
60342	
48458;0;0;30;36
60470	0
60470	
48578;0;0;30;36
60586	0
60586	
48705;0;0;30;36
60705	0
60705	
48821;0;0;29;36
60821	0
60821	
48940;0;0;30;36
60944	0
60944	
49064;0;0;29;36
61063	0
61063	
49179;0;0;30;36
61179	0
61179	
49298;0;0;30;36
61308	0
61308	
49414;0;0;30;36
61427	0
61427	
49544;0;0;29;36
61544	0
61544	
49663;0;0;30;36
61666	0
61666	
49785;0;0;30;36
61784	0
61784	
49900;0;0;30;36
61900	0
61900	
50019;0;0;30;36
62020	0
62020	
50137;0;0;29;36
62149	0
62149	
50255;0;0;29;35
62267	0
62267	
50385;0;0;30;35
62384	0
62384	
50504;0;0;30;36
62503	0
62503	
50619;0;0;30;36
62620	0
62620	
50739;0;0;29;36
62740	0
62740	
50860;0;0;29;36
62860	0
62860	
50976;0;0;29;36
62988	0
62988	
51096;0;0;30;36
63104	0
63104	
51223;0;0;30;36
63228	0
63228	
51347;0;0;30;36
63346	0
63346	
51462;0;0;30;36
63463	0
63463	
51582;0;0;29;36
63583	0
63583	
51699;0;0;30;36
63699	0
63699	
51818;0;0;30;36
63830	0
63830	
51940;0;0;30;36
63949	0
63949	
52069;0;0;29;36
64070	0
64070	
52186;0;0;29;36
64186	0
64186	
52305;0;0;29;36
64306	0
64306	
52426;0;0;30;36
64426	0
64426	
52542;0;0;30;36
64542	0
64542	
52661;0;0;29;36
64671	0
64671	
52782;0;0;29;36
64793	0
64793	
52913;0;0;29;35
64912	0
64912	
53028;0;0;30;36
65028	0
65028	
53147;0;0;29;36
65151	0
65151	
53270;0;0;30;36
65270	0
65270	
53386;0;0;29;36
65386	0
65386	
53505;0;0;29;35
65517	0
65517	
53628;0;0;30;36
65637	0
65637	
53757;0;0;30;36
65756	0
65756	
53872;0;0;30;36
65873	0
65873	
53992;0;0;29;36
65995	0
65995	
54115;0;0;29;36
66114	0
66114	
54230;0;0;30;36
66230	0
66230	
54349;0;0;30;36
66358	0
66358	
54466;0;0;30;36
66479	0
66479	
54595;0;0;29;35
66595	0
66595	
54715;0;0;29;36
66718	0
66718	
54837;0;0;29;36
66836	0
66836	
54952;0;0;30;36
66952	0
