milliseconds	Werte
11326	0
11326	
8;0;0;-2;-3
11446	0
11446	
123;0;0;-2;-3
11561	0
11561	
241;0;0;-2;-3
11679	0
11679	
357;0;0;-2;-3
11799	0
11799	
475;0;0;-1;-3
11922	0
11922	
603;0;0;-2;-3
12042	0
12042	
719;0;0;-2;-3
12157	0
12157	
837;0;0;-2;-3
12277	0
12277	
954;0;0;-17;-11
12393	0
12393	
1073;0;0;-8;-22
12513	0
12513	
1192;0;0;-8;-9
12642	0
12642	
1309;0;0;-8;-5
12758	0
12758	
1437;0;0;0;0
12877	0
12877	
1557;0;0;-6;-11
12996	0
12996	
1676;0;0;-25;-38
13114	0
13114	
1794;0;0;-26;-33
13233	0
13233	
1913;0;0;-35;-44
13354	0
13354	
2034;0;0;-33;-39
13484	0
13484	
2151;0;0;21;29
13600	0
13600	
2279;0;0;60;61
13717	0
13717	
2396;0;0;60;61
13836	0
13836	
2515;0;0;98;96
13957	0
13957	
2637;0;0;94;91
14076	0
14076	
2754;0;0;90;87
14193	0
14193	
2872;0;0;94;88
14323	0
14323	
2991;0;0;94;89
14443	0
14443	
3123;0;0;94;89
14561	0
14561	
3240;0;0;95;90
14681	0
14681	
3360;0;0;95;89
14802	0
14802	
3479;0;0;94;89
14918	0
14918	
3598;0;0;95;89
15037	0
15037	
3717;0;0;95;90
15165	0
15165	
3834;0;0;95;90
15287	0
15287	
3964;0;0;95;90
15402	0
15402	
4083;0;0;95;90
15522	0
15522	
4202;0;0;95;90
15640	0
15640	
4319;0;0;95;90
15759	0
15759	
4440;0;0;95;90
15878	0
15878	
4555;0;0;95;90
16007	0
16007	
4675;0;0;95;90
16123	0
16123	
4803;0;0;95;90
16244	0
16244	
4925;0;0;95;90
16364	0
16364	
5041;0;0;95;90
16480	0
16480	
5160;0;0;95;90
16601	0
16601	
5278;0;0;95;90
16717	0
16717	
5397;0;0;95;90
16841	0
16841	
5518;0;0;95;90
16967	0
16967	
5647;0;0;95;90
17086	0
17086	
5763;0;0;95;90
17202	0
17202	
5882;0;0;95;90
17324	0
17324	
6005;0;0;95;90
17443	0
17443	
6120;0;0;95;90
17559	0
17559	
6239;0;0;95;90
17683	0
17683	
6355;0;0;95;90
17805	0
17805	
6482;0;0;95;90
17921	0
17921	
6601;0;0;95;90
18042	0
18042	
6723;0;0;95;90
18162	0
18162	
6839;0;0;96;92
18278	0
18278	
6959;0;0;102;97
18402	0
18402	
7082;0;0;125;122
18527	0
18527	
7198;0;0;122;137
18649	0
18649	
7327;0;0;122;133
18765	0
18765	
7446;0;0;121;132
18888	0
18888	
7569;0;0;122;135
19007	0
19007	
7685;0;0;122;136
19123	0
19123	
7804;0;0;121;137
19243	0
19243	
7921;0;0;120;134
19372	0
19372	
8040;0;0;112;129
19488	0
19488	
8169;0;0;115;143
19608	0
19608	
8289;0;0;125;148
19728	0
19728	
8406;0;0;126;145
19845	0
19845	
8526;0;0;106;141
19965	0
19965	
8645;0;0;114;139
20084	0
20084	
8763;0;0;116;138
20213	0
20213	
8883;0;0;116;140
20332	0
20332	
9012;0;0;116;139
20451	0
20451	
9131;0;0;116;139
20570	0
20570	
9250;0;0;117;139
20690	0
20690	
9370;0;0;117;138
20807	0
20807	
9487;0;0;117;139
20924	0
20924	
9604;0;0;117;140
21054	0
21054	
9724;0;0;119;140
21174	0
21174	
9853;0;0;118;139
21292	0
21292	
9973;0;0;117;138
21412	0
21412	
10090;0;0;116;137
21528	0
21528	
10209;0;0;117;136
21649	0
21649	
10330;0;0;117;137
21769	0
21769	
10447;0;0;117;137
21890	0
21890	
10571;0;0;117;138
22012	0
22012	
10693;0;0;117;138
22131	0
22131	
10809;0;0;117;138
22248	0
22248	
10929;0;0;117;138
22367	0
22367	
11045;0;0;117;138
22483	0
22483	
11164;0;0;117;138
22606	0
22606	
11286;0;0;117;138
22722	0
22722	
11402;0;0;117;138
22842	0
22842	
11523;0;0;117;138
22962	0
22962	
11642;0;0;118;138
23081	0
23081	
11760;0;0;117;138
23200	0
23200	
11881;0;0;117;138
23320	0
23320	
12000;0;0;117;138
23439	0
23439	
12119;0;0;117;138
23570	0
23570	
12248;0;0;118;138
23686	0
23686	
12367;0;0;117;138
23806	0
23806	
12486;0;0;117;138
23924	0
23924	
12604;0;0;117;138
24044	0
24044	
12725;0;0;117;138
24164	0
24164	
12844;0;0;117;138
24293	0
24293	
12962;0;0;117;138
24412	0
24412	
13091;0;0;117;138
24529	0
24529	
13210;0;0;117;138
24650	0
24650	
13330;0;0;118;138
24768	0
24768	
13448;0;0;118;138
24888	0
24888	
13569;0;0;118;138
25009	0
25009	
13687;0;0;117;138
25132	0
25132	
13811;0;0;117;138
25252	0
25252	
13932;0;0;117;138
25371	0
25371	
14051;0;0;117;138
25489	0
25489	
14169;0;0;117;138
25609	0
25609	
14290;0;0;120;138
25728	0
25728	
14408;0;0;126;137
25846	0
25846	
14526;0;0;130;137
25980	0
25980	
14658;0;0;132;137
26098	0
26098	
14778;0;0;132;138
26217	0
26217	
14897;0;0;132;138
26338	0
26338	
15016;0;0;132;138
26454	0
26454	
15135;0;0;132;138
26575	0
26575	
15255;0;0;132;137
26705	0
26705	
15375;0;0;132;138
26826	0
26826	
15506;0;0;132;138
26944	0
26944	
15624;0;0;132;138
27063	0
27063	
15743;0;0;132;138
27185	0
27185	
15864;0;0;132;138
27303	0
27303	
15983;0;0;132;138
27422	0
27422	
16102;0;0;132;138
27542	0
27542	
16223;0;0;132;138
27663	0
27663	
16342;0;0;132;138
27782	0
27782	
16461;0;0;132;138
27900	0
27900	
16581;0;0;132;138
28020	0
28020	
16700;0;0;132;138
28138	0
28138	
16818;0;0;132;138
28257	0
28257	
16938;0;0;132;138
28388	0
28388	
17068;0;0;132;138
28508	0
28508	
17186;0;0;132;138
28624	0
28624	
17305;0;0;132;138
28744	0
28744	
17425;0;0;132;138
28863	0
28863	
17541;0;0;132;138
28980	0
28980	
17661;0;0;132;138
29109	0
29109	
17781;0;0;132;138
29231	0
29231	
17912;0;0;132;138
29350	0
29350	
18028;0;0;132;138
29466	0
29466	
18147;0;0;132;138
29589	0
29589	
18269;0;0;132;138
29708	0
29708	
18386;0;0;132;138
29824	0
29824	
18505;0;0;132;138
29952	0
29952	
18624;0;0;132;138
30075	0
30075	
18756;0;0;132;138
30196	0
30196	
18874;0;0;132;138
30312	0
30312	
18993;0;0;132;138
30434	0
30434	
19115;0;0;132;138
30553	0
30553	
19231;0;0;132;138
30669	0
30669	
19350;0;0;132;138
30799	0
30799	
19467;0;0;132;138
30918	0
30918	
19596;0;0;132;138
31034	0
31034	
19715;0;0;132;138
31155	0
31155	
19833;0;0;132;138
31271	0
31271	
19952;0;0;132;138
31391	0
31391	
20072;0;0;132;138
31511	0
31511	
20189;0;0;132;138
31640	0
31640	
20308;0;0;132;138
31755	0
31755	
20436;0;0;132;138
31876	0
31876	
20554;0;0;132;138
31996	0
31996	
20674;0;0;132;138
32113	0
32113	
20794;0;0;132;138
32235	0
32235	
20916;0;0;132;138
32353	0
32353	
21032;0;0;132;138
32476	0
32476	
21151;0;0;132;138
32601	0
32601	
21281;0;0;133;138
32722	0
32722	
21402;0;0;132;138
32840	0
32840	
21520;0;0;132;138
32958	0
32958	
21639;0;0;132;138
33079	0
33079	
21757;0;0;133;138
33198	0
33198	
21876;0;0;132;138
33322	0
33322	
21997;0;0;132;138
33445	0
33445	
22126;0;0;132;138
33564	0
33564	
22242;0;0;132;138
33680	0
33680	
22361;0;0;132;138
33802	0
33802	
22483;0;0;132;138
33923	0
33923	
22601;0;0;132;138
34039	0
34039	
22720;0;0;132;138
34168	0
34168	
22842;0;0;132;138
34290	0
34290	
22971;0;0;132;138
34410	0
34410	
23088;0;0;133;138
34527	0
34527	
23208;0;0;133;138
34647	0
34647	
23328;0;0;132;138
34767	0
34767	
23445;0;0;132;138
34883	0
34883	
23564;0;0;132;138
35011	0
35011	
23683;0;0;133;138
35135	0
35135	
23816;0;0;132;138
35256	0
35256	
23934;0;0;132;138
35372	0
35372	
24053;0;0;132;138
35492	0
35492	
24173;0;0;132;138
35612	0
35612	
24290;0;0;133;138
35729	0
35729	
24410;0;0;132;138
35860	0
35860	
24529;0;0;132;138
35978	0
35978	
24658;0;0;132;138
36098	0
36098	
24777;0;0;132;138
36218	0
36218	
24898;0;0;133;138
36337	0
36337	
25017;0;0;133;138
36456	0
36456	
25136;0;0;132;138
36576	0
36576	
25256;0;0;132;138
36706	0
36706	
25374;0;0;132;138
36823	0
36823	
25503;0;0;132;138
36943	0
36943	
25623;0;0;133;138
37063	0
37063	
25743;0;0;133;138
37181	0
37181	
25861;0;0;133;138
37299	0
37299	
25979;0;0;132;138
37417	0
37417	
26097;0;0;132;138
37539	0
37539	
26220;0;0;133;138
37660	0
37660	
26339;0;0;133;138
37777	0
37777	
26457;0;0;132;138
37896	0
37896	
26577;0;0;132;138
38017	0
38017	
26697;0;0;133;138
38136	0
38136	
26816;0;0;133;138
38255	0
38255	
26936;0;0;133;138
38384	0
38384	
27065;0;0;132;138
38504	0
38504	
27184;0;0;132;138
38622	0
38622	
27302;0;0;132;138
38742	0
38742	
27423;0;0;132;138
38861	0
38861	
27541;0;0;132;138
38979	0
38979	
27659;0;0;132;138
39110	0
39110	
27778;0;0;132;138
39228	0
39228	
27909;0;0;132;138
39349	0
39349	
28028;0;0;132;138
39466	0
39466	
28146;0;0;133;138
39585	0
39585	
28265;0;0;133;138
39705	0
39705	
28385;0;0;133;138
39823	0
39823	
28503;0;0;132;138
39954	0
39954	
28623;0;0;132;138
40074	0
40074	
28754;0;0;133;138
40193	0
40193	
28872;0;0;133;138
40312	0
40312	
28992;0;0;133;138
40432	0
40432	
29112;0;0;133;138
40551	0
40551	
29230;0;0;132;138
40670	0
40670	
29350;0;0;133;138
40801	0
40801	
29469;0;0;133;138
40921	0
40921	
29601;0;0;133;138
41040	0
41040	
29719;0;0;133;138
41158	0
41158	
29838;0;0;133;138
41279	0
41279	
29959;0;0;133;138
41398	0
41398	
30077;0;0;133;138
41517	0
41517	
30197;0;0;133;138
41647	0
41647	
30316;0;0;132;138
41767	0
41767	
30447;0;0;132;138
41887	0
41887	
30566;0;0;132;138
42006	0
42006	
30687;0;0;133;138
42125	0
42125	
30805;0;0;133;138
42243	0
42243	
30923;0;0;132;138
42362	0
42362	
31042;0;0;132;138
42491	0
42491	
31163;0;0;133;138
42613	0
42613	
31293;0;0;133;138
42733	0
42733	
31412;0;0;133;138
42853	0
42853	
31532;0;0;133;138
42970	0
42970	
31650;0;0;133;138
43090	0
43090	
31770;0;0;133;138
43211	0
43211	
31891;0;0;133;138
43340	0
43340	
32009;0;0;133;138
43458	0
43458	
32138;0;0;133;138
43578	0
43578	
32257;0;0;133;138
43699	0
43699	
32378;0;0;133;138
43817	0
43817	
32497;0;0;133;138
43935	0
43935	
32615;0;0;133;138
44054	0
44054	
32734;0;0;133;138
44184	0
44184	
32853;0;0;133;138
44304	0
44304	
32983;0;0;133;138
44424	0
44424	
33103;0;0;133;138
44544	0
44544	
33222;0;0;133;138
44660	0
44660	
33341;0;0;133;138
44779	0
44779	
33459;0;0;133;138
44899	0
44899	
33578;0;0;133;138
45029	0
45029	
33698;0;0;133;138
45145	0
45145	
33826;0;0;133;138
45265	0
45265	
33944;0;0;133;138
45382	0
45382	
34062;0;0;133;138
45502	0
45502	
34183;0;0;133;138
45623	0
45623	
34303;0;0;133;138
45741	0
45741	
34421;0;0;133;138
45871	0
45871	
34541;0;0;133;138
45989	0
45989	
34670;0;0;133;138
46112	0
46112	
34791;0;0;133;138
46229	0
46229	
34909;0;0;133;138
46347	0
46347	
35028;0;0;133;138
46467	0
46467	
35147;0;0;133;138
46585	0
46585	
35265;0;0;133;138
46718	0
46718	
35386;0;0;133;138
46835	0
46835	
35516;0;0;133;138
46958	0
46958	
35638;0;0;133;138
47076	0
47076	
35754;0;0;133;138
47192	0
47192	
35873;0;0;133;138
47317	0
47317	
35997;0;0;133;138
47435	0
47435	
36113;0;0;133;138
47563	0
47563	
36232;0;0;133;138
47679	0
47679	
36360;0;0;133;138
47798	0
47798	
36476;0;0;133;138
47916	0
47916	
36596;0;0;133;138
48035	0
48035	
36716;0;0;133;138
48154	0
48154	
36832;0;0;133;138
48270	0
48270	
36951;0;0;133;138
48399	0
48399	
37073;0;0;133;138
48522	0
48522	
37202;0;0;133;138
48641	0
48641	
37319;0;0;133;138
48757	0
48757	
37438;0;0;133;138
48880	0
48880	
37560;0;0;133;138
48998	0
48998	
37676;0;0;133;138
49115	0
49115	
37796;0;0;133;138
49248	0
49248	
37919;0;0;133;138
49367	0
49367	
38048;0;0;133;138
49488	0
49488	
38166;0;0;133;138
49604	0
49604	
38285;0;0;133;138
49725	0
49725	
38406;0;0;133;138
49845	0
49845	
38523;0;0;133;138
49961	0
49961	
38642;0;0;133;138
50093	0
50093	
38764;0;0;133;138
50212	0
50212	
38893;0;0;133;138
50333	0
50333	
39011;0;0;133;138
50451	0
50451	
39131;0;0;133;138
50569	0
50569	
39250;0;0;133;138
50689	0
50689	
39367;0;0;133;138
50805	0
50805	
39486;0;0;133;138
50941	0
50941	
39618;0;0;133;138
51057	0
51057	
39738;0;0;133;138
51178	0
51178	
39856;0;0;133;138
51294	0
51294	
39975;0;0;133;138
51414	0
51414	
40095;0;0;133;138
51534	0
51534	
40212;0;0;133;138
51651	0
51651	
40332;0;0;133;138
51778	0
51778	
40452;0;0;133;138
51900	0
51900	
40581;0;0;133;138
52021	0
52021	
40699;0;0;133;138
52137	0
52137	
40818;0;0;133;138
52258	0
52258	
40939;0;0;133;138
52379	0
52379	
41057;0;0;133;138
52495	0
52495	
41176;0;0;133;138
52623	0
52623	
41297;0;0;133;138
52745	0
52745	
41426;0;0;133;138
52868	0
52868	
41549;0;0;133;138
52987	0
52987	
41665;0;0;133;138
53103	0
53103	
41784;0;0;133;138
53223	0
53223	
41901;0;0;133;138
53339	0
53339	
42020;0;0;133;138
53472	0
53472	
42143;0;0;133;138
53591	0
53591	
42272;0;0;133;138
53712	0
53712	
42390;0;0;133;138
53830	0
53830	
42510;0;0;133;138
53948	0
