1.08
1.08
1.08
1.08
1.04
1.09
1.08
1.08
1.08
1.09
1.08
1.08
1.08
1.09
1.09
1.08
1.09
1.08
1.08
1.08
1.08
1.08
1.08
1.08
1.09
1.09
1.09
1.08
1.08
1.08
1.08
1.29
1.09
1.09
1.08
1.09
1.08
1.09
1.08
1.29
1.09
1.09
1.08
1.08
1.08
1.08
1.08
1.23
1.10
1.09
1.08
1.09
1.08
1.08
1.08
1.04
1.28
1.09
1.08
1.08
1.08
1.09
1.08
1.08
1.24
1.08
1.08
1.08
1.09
1.09
1.08
1.08
1.04
1.08
1.08
1.08
1.08
1.08
1.08
1.09
1.08
1.08
1.08
1.09
1.09
1.08
1.08
1.09
1.09
1.09
1.09
1.09
1.09
1.09
1.08
1.08
1.08
1.08
1.08
1.09
1.09
1.08
1.08
1.08
1.09
1.09
1.08
1.10
1.09
1.09
1.09
1.09
1.08
1.08
1.04
1.28
1.09
1.09
1.09
1.09
1.08
1.09
1.06
1.25
1.09
1.09
1.08
1.09
1.09
1.08
1.08
1.24
1.09
1.08
1.08
1.08
1.08
1.08
1.08
1.04
1.25
1.08
1.08
1.08
1.08
1.08
1.08
1.08
1.08
1.08
1.08
1.09
1.08
1.08
1.09
1.08
1.08
1.09
1.01
0.94
0.86
0.84
0.82
0.80
0.78
0.78
0.77
0.77
0.77
0.77
0.77
0.77
0.77
0.77
0.75
0.77
1.01
0.99
0.99
0.99
1.01
1.01
1.00
1.01
1.01
1.01
0.99
0.99
1.01
1.01
1.02
1.01
1.01
0.99
1.01
1.01
1.01
1.19
1.04
1.02
1.01
1.01
1.01
1.01
0.99
0.98
1.25
1.00
1.01
1.01
1.01
0.99
0.99
1.01
1.21
1.01
1.01
1.01
0.99
0.99
1.01
1.01
0.96
1.25
1.01
1.01
1.01
0.99
1.01
1.01
1.01
1.01
0.99
0.99
1.01
1.01
1.01
1.01
0.99
1.01
1.02
0.99
1.01
1.01
1.01
1.01
1.01
1.01
1.01
1.01
1.01
0.99
1.01
0.98
1.01
1.01
0.99
0.99
0.99
