0.20
0.20
0.21
0.20
0.20
0.20
0.20
0.46
0.21
0.21
0.20
0.20
0.16
0.21
0.21
0.20
0.19
0.24
0.58
0.32
0.29
0.28
0.26
0.24
0.26
0.26
0.28
0.28
0.28
0.90
0.22
0.20
0.20
0.20
0.19
0.30
0.22
0.21
0.21
0.19
0.19
0.21
0.19
0.21
0.19
0.18
0.21
0.20
0.20
0.18
0.20
0.26
0.21
0.20
0.20
0.20
0.26
0.21
0.20
0.20
0.18
0.18
0.20
0.18
0.20
0.21
0.11
0.18
0.20
0.18
0.19
0.11
0.19
0.20
0.18
0.21
0.20
0.18
0.19
0.18
0.19
0.25
0.19
0.18
0.18
0.19
0.25
0.19
0.20
0.19
0.20
0.18
0.20
0.18
0.20
0.20
0.19
0.19
0.19
0.18
0.18
0.26
0.19
0.20
0.21
