0.22
0.20
0.22
0.22
0.20
0.22
0.22
0.20
0.31
0.22
0.21
0.20
0.20
0.16
0.23
0.20
0.20
0.21
0.22
0.20
0.21
0.21
0.20
0.22
0.21
0.22
0.21
0.20
0.20
0.20
0.37
0.22
0.22
0.21
0.21
0.29
0.21
0.21
0.20
0.20
0.22
0.23
0.22
0.39
0.89
0.66
0.24
0.20
0.20
0.21
0.20
0.14
0.23
0.22
0.22
0.22
0.24
0.39
0.25
0.24
0.34
0.22
0.21
0.21
0.21
0.20
0.21
0.21
0.21
0.21
0.20
0.20
0.20
0.13
0.22
0.21
0.21
0.21
0.21
0.42
0.21
0.21
0.21
0.21
0.21
0.21
0.21
0.21
0.21
0.21
0.21
0.21
0.21
0.21
0.21
0.37
0.21
0.21
0.21
0.21
0.21
0.45
0.21
0.21
0.21
0.21
0.21
0.21
0.21
0.21
0.21
0.21
0.21
0.21
0.21
0.21
0.21
0.16
0.22
0.21
