0.50
0.49
0.50
0.49
0.50
0.51
0.50
0.49
0.50
0.50
0.50
0.50
0.50
0.50
0.50
0.50
0.50
0.50
0.49
0.50
0.50
0.50
0.55
0.50
0.50
0.50
0.50
0.50
0.55
0.50
0.50
0.50
0.50
0.50
0.50
0.50
0.50
0.50
0.50
0.50
0.50
0.49
0.50
0.50
0.50
0.50
0.50
0.50
0.50
0.50
0.50
0.50
0.61
0.50
0.50
0.50
0.50
0.47
0.62
0.50
0.64
0.76
2.11
1.78
1.22
0.94
1.02
0.82
0.91
0.98
0.88
0.98
0.70
0.84
0.84
0.80
0.88
0.91
0.98
0.50
0.48
0.56
0.49
0.49
0.48
0.48
0.48
0.62
0.51
0.48
0.50
0.48
0.48
0.48
0.48
0.48
0.48
0.48
0.48
0.48
0.48
0.48
0.48
0.48
0.55
0.48
0.48
0.49
0.48
0.50
0.58
0.48
0.48
0.48
0.48
0.48
0.61
0.48
0.50
0.50
0.48
0.48
0.48
0.49
0.48
0.48
0.47
0.48
0.48
0.48
0.48
0.48
0.48
0.55
0.48
0.48
0.48
0.48
0.48
0.60
0.48
0.50
0.48
0.48
0.50
0.61
0.48
0.48
0.50
0.48
0.48
0.48
0.48
