0.28
0.28
0.28
0.41
0.28
0.28
0.28
0.28
0.34
0.29
0.28
0.28
0.28
0.28
0.28
0.28
0.26
0.43
1.11
1.31
1.17
1.01
0.89
0.70
0.64
0.57
0.56
0.52
0.50
0.52
0.57
0.56
0.69
0.81
0.26
0.28
0.28
0.28
0.28
0.28
0.22
0.28
0.28
0.28
0.28
0.28
0.43
0.29
0.28
0.28
0.28
0.28
0.29
0.28
0.28
0.28
0.28
0.28
0.28
0.28
0.28
0.28
0.38
0.28
0.28
0.28
0.28
0.23
0.29
0.28
0.29
0.28
0.28
0.28
0.28
0.28
0.28
0.28
0.28
0.28
0.28
0.28
0.26
0.28
0.40
0.28
0.28
0.28
0.28
0.27
0.30
0.26
0.28
0.28
0.28
0.28
0.29
0.28
0.28
0.28
0.28
0.29
0.28
0.28
0.28
0.28
0.40
