0.17
0.16
0.16
0.17
0.16
0.16
0.17
0.16
0.17
0.17
0.16
0.09
0.18
0.17
0.17
0.16
0.16
0.31
0.17
0.16
0.14
0.16
0.32
1.16
1.30
1.30
1.35
1.52
1.33
1.43
1.25
1.31
1.24
1.41
1.47
1.28
1.06
1.10
1.54
0.40
0.17
0.16
0.16
0.17
0.18
0.16
0.16
0.14
0.17
0.16
0.16
0.16
0.16
0.16
0.16
0.16
0.19
0.16
0.16
0.16
0.16
0.22
0.17
0.16
0.16
0.16
0.16
0.16
0.16
0.16
0.14
0.14
0.16
0.16
0.16
0.16
0.16
0.21
0.17
0.16
0.16
0.16
0.14
0.17
0.16
0.16
0.16
0.16
0.16
0.17
0.16
0.16
0.14
0.21
0.16
0.16
0.16
0.16
0.16
0.18
0.16
0.16
0.14
0.16
0.14
0.17
0.16
0.16
0.16
0.16
0.16
