0.22
0.22
0.22
0.22
0.22
0.22
0.16
0.23
0.22
0.22
0.22
0.22
0.23
0.22
0.20
0.22
0.34
0.26
0.26
0.26
0.26
0.26
0.31
0.26
0.26
0.26
0.26
0.20
0.27
0.26
0.26
0.26
0.26
0.26
0.27
0.24
0.26
0.40
0.76
0.22
0.22
0.22
0.20
0.16
0.22
0.21
0.20
0.22
0.22
0.39
0.22
0.22
0.22
0.22
0.21
0.21
0.21
0.22
0.22
0.22
0.22
0.22
0.21
0.22
0.22
0.37
0.22
0.22
0.20
0.22
0.16
0.21
0.22
0.22
0.22
0.20
0.20
0.22
0.21
0.20
0.20
0.22
0.22
0.22
0.22
0.22
0.16
0.22
0.22
0.21
0.22
0.21
0.39
0.22
0.20
0.22
0.20
0.21
0.22
0.21
0.22
0.20
0.16
0.22
0.20
0.22
0.20
0.22
0.35
0.21
0.20
0.22
0.20
0.21
0.21
0.22
