0.16
0.16
0.16
0.16
0.18
0.16
0.15
0.16
0.14
0.21
0.17
0.14
0.16
0.16
0.16
0.16
0.17
0.16
0.16
0.16
0.16
0.16
0.16
0.16
0.16
0.21
0.17
0.14
0.16
0.16
0.16
0.17
0.16
0.16
0.16
0.16
0.16
0.16
0.16
0.16
0.16
0.21
0.16
0.16
0.16
0.16
0.16
0.17
0.16
0.14
0.14
0.74
0.46
0.24
0.20
0.22
0.24
0.22
0.24
0.24
0.24
0.26
0.25
0.38
0.28
0.30
0.30
0.30
0.47
0.21
0.14
0.16
0.14
0.14
0.16
0.16
0.16
0.16
0.14
0.16
0.16
0.16
0.16
0.14
0.08
0.17
0.16
0.14
0.14
0.16
0.28
0.16
0.16
0.16
0.14
0.16
0.14
0.14
0.16
0.16
0.16
0.14
0.16
0.14
0.14
0.16
0.23
0.17
0.16
0.18
0.16
0.17
0.17
0.16
0.14
0.14
0.14
0.14
0.14
0.16
0.14
0.16
0.16
0.16
0.14
0.16
0.16
0.07
