0.18
0.18
0.18
0.18
0.18
0.18
0.25
0.17
0.18
0.16
0.16
0.18
0.19
0.18
0.18
0.18
0.18
0.16
0.18
0.22
0.48
0.44
0.24
0.24
0.16
0.18
0.19
0.18
0.18
0.18
0.18
0.18
0.18
0.18
0.18
0.18
0.31
0.18
0.18
0.18
0.18
0.31
0.18
0.16
0.18
0.18
0.18
0.16
0.12
0.14
0.20
0.36
0.48
0.54
0.48
0.56
0.57
0.64
0.72
0.78
0.80
0.74
0.78
0.76
0.66
0.70
0.31
0.18
0.18
0.19
0.18
0.33
0.18
0.19
0.16
0.16
0.20
0.18
0.18
0.16
0.16
0.16
0.19
0.18
0.16
0.16
0.31
0.21
0.16
0.19
0.16
0.18
0.16
0.18
0.16
0.18
0.18
0.18
0.16
0.16
0.18
0.31
0.19
0.16
0.17
0.17
0.16
0.16
0.18
0.16
0.18
0.16
0.19
0.19
0.17
0.16
0.31
0.19
0.16
0.16
0.18
0.31
0.17
