0.32
0.32
0.32
0.32
0.32
0.32
0.32
0.32
0.32
0.32
0.31
0.34
0.32
0.32
0.32
0.32
0.32
0.32
0.32
0.32
0.32
0.32
0.32
0.32
0.32
0.25
0.33
0.32
0.32
0.32
0.32
0.33
0.32
0.32
0.32
0.32
0.32
0.32
0.32
0.32
0.36
0.33
0.32
0.32
0.32
0.32
0.32
0.32
0.32
0.32
0.32
0.32
0.32
0.32
0.31
0.34
0.32
0.32
0.32
0.32
0.33
0.32
0.32
0.32
0.32
0.32
0.32
0.32
0.32
0.35
0.32
0.32
0.32
0.32
0.32
0.32
0.32
0.32
0.32
0.32
0.32
0.32
0.32
0.32
0.42
0.32
0.32
0.32
0.32
0.43
0.32
0.32
0.32
0.32
0.32
0.32
0.32
0.32
0.47
0.41
0.38
0.40
0.38
0.38
0.41
0.42
0.45
0.50
0.50
0.50
0.50
0.50
0.50
0.43
0.50
0.50
0.47
0.54
0.55
0.58
0.30
0.30
0.30
0.32
0.32
0.30
0.32
0.30
0.33
0.32
0.30
0.32
0.30
0.36
0.32
0.30
0.30
0.30
0.30
0.30
0.30
0.32
0.30
0.41
0.32
0.30
0.32
0.30
0.41
0.30
0.30
0.30
0.32
0.30
0.30
0.30
0.32
0.32
0.30
0.30
0.30
0.32
0.30
0.42
0.32
0.32
0.30
0.30
0.32
0.32
0.32
0.30
0.30
0.30
0.32
0.32
0.30
0.30
0.41
0.32
0.32
0.30
0.30
0.30
0.30
0.30
0.32
0.32
0.32
0.32
0.32
0.32
0.31
0.33
0.30
0.30
0.30
0.30
0.33
0.32
0.32
0.30
0.32
0.30
0.32
0.30
0.32
0.23
0.33
0.32
0.30
0.30
0.30
0.31
0.32
0.30
0.30
0.30
0.30
0.30
0.30
0.30
0.23
0.31
0.30
0.30
0.30
0.31
0.31
0.30
0.30
0.30
0.32
0.30
0.30
0.30
0.32
0.24
0.32
0.30
0.30
0.30
0.24
0.32
0.30
0.30
0.30
0.30
0.30
0.30
0.32
0.30
0.23
0.30
0.30
0.30
0.30
