0.31
0.30
0.30
0.30
0.30
0.31
0.30
0.30
0.30
0.23
0.30
0.30
0.30
0.30
0.23
0.31
0.30
0.30
0.30
0.30
0.30
0.30
0.30
0.28
0.23
0.30
0.28
0.28
0.42
0.39
0.45
0.42
0.42
0.45
0.45
0.50
0.54
0.48
0.43
0.42
0.42
0.42
0.42
0.42
0.39
0.42
0.40
0.40
0.42
0.42
0.52
0.43
0.42
0.42
0.42
0.42
0.42
0.47
0.80
0.80
0.47
0.45
0.64
0.46
0.49
0.53
0.59
0.52
0.58
0.54
0.56
0.44
0.48
0.52
0.58
0.57
0.60
0.62
0.62
0.72
0.28
0.28
0.38
0.28
0.30
0.28
0.30
0.33
0.31
0.28
0.30
0.31
0.30
0.30
0.28
0.28
0.30
0.28
0.30
0.30
0.28
0.28
0.30
0.40
0.28
0.28
0.30
0.30
0.28
0.31
0.30
0.30
0.30
0.30
0.30
0.30
0.30
0.30
0.30
0.34
0.30
0.30
0.30
0.28
0.23
0.29
0.30
0.30
0.28
0.30
0.30
0.31
0.30
0.30
0.30
0.30
0.30
0.30
0.30
0.30
0.24
0.29
0.30
0.30
0.30
0.30
0.35
0.30
0.30
0.30
0.30
0.30
0.28
0.30
0.30
0.30
0.30
0.30
0.30
0.30
0.30
0.28
0.32
0.30
0.30
0.30
0.30
0.23
0.31
0.30
0.28
0.30
0.28
0.30
0.30
0.28
0.28
0.30
0.28
0.30
0.28
0.30
0.30
0.24
0.31
0.30
0.30
0.28
0.28
0.38
0.30
0.30
0.30
0.28
0.30
0.30
0.28
0.30
0.28
0.29
0.30
0.30
0.28
0.30
0.30
0.33
0.30
0.30
0.28
0.28
0.30
0.29
0.30
0.28
