0.99
1.01
1.01
1.01
1.01
1.01
1.25
1.02
1.01
1.01
1.01
1.01
1.01
1.01
1.23
1.02
1.01
0.99
1.01
0.99
1.01
1.01
1.21
1.03
1.01
1.01
1.01
1.01
1.01
1.01
0.96
1.24
1.01
0.99
1.01
0.99
1.01
1.01
0.98
1.25
0.99
1.01
0.99
1.01
1.01
1.01
1.01
1.21
1.01
0.99
1.02
1.02
1.01
1.01
0.99
1.01
0.99
1.01
1.01
1.01
1.01
0.99
0.99
1.01
1.01
0.99
1.01
1.01
0.99
1.01
0.99
1.01
1.01
1.01
1.01
0.99
1.01
1.01
1.01
1.01
0.99
0.99
1.02
1.01
1.02
1.01
1.01
0.99
1.01
1.23
1.00
1.03
1.01
0.99
0.99
1.01
1.01
1.21
1.01
0.99
0.99
0.99
1.01
0.99
1.01
0.84
1.07
0.81
0.94
1.58
1.45
1.36
1.26
1.51
1.30
1.48
1.49
1.52
1.51
1.51
1.47
1.68
1.44
1.39
1.40
1.35
1.24
1.12
1.02
1.38
1.09
1.12
1.14
1.14
1.16
1.14
1.12
1.16
0.94
0.94
0.94
0.94
0.94
0.94
0.94
1.15
0.94
0.94
0.94
0.94
0.94
0.94
0.94
0.94
0.94
0.98
0.94
0.94
0.94
0.94
0.94
0.94
0.94
0.94
0.94
0.94
0.94
0.94
0.94
0.94
0.94
0.94
0.94
0.94
0.94
0.94
0.94
0.94
0.94
0.94
0.94
0.94
0.94
0.94
0.94
0.94
0.94
0.94
0.94
0.94
0.94
0.94
0.94
0.93
0.94
0.94
0.94
0.94
0.94
0.94
0.94
0.94
0.95
0.94
0.94
0.94
0.94
0.94
0.94
0.94
0.95
0.94
0.94
0.93
0.94
0.94
0.94
1.09
0.95
0.94
0.93
0.94
0.94
0.94
0.94
1.13
0.94
0.94
0.94
