0.13
0.15
0.14
0.14
0.14
0.14
0.14
0.15
0.16
0.14
0.23
0.17
0.16
0.15
0.14
0.16
0.29
0.17
0.14
0.14
0.16
0.14
0.15
0.17
0.14
0.16
0.14
0.15
0.16
0.15
0.15
0.14
0.23
0.15
0.14
0.16
0.22
0.24
0.40
0.24
0.24
0.24
0.26
0.26
0.22
0.16
0.16
0.15
0.14
0.16
0.14
0.14
0.19
0.22
0.27
0.21
0.20
0.16
0.17
0.14
0.29
0.15
0.15
0.14
0.14
0.17
0.17
0.14
0.15
0.15
0.14
0.16
0.15
0.14
0.14
0.16
0.22
0.15
0.14
0.15
0.17
0.14
0.29
0.15
0.14
0.14
0.15
0.16
0.14
0.15
0.14
0.14
0.14
0.15
0.15
0.14
0.14
0.14
0.20
0.13
2.31
2.58
2.32
1.82
1.86
1.24
1.75
1.39
1.77
1.70
1.58
2.02
1.68
1.82
1.56
1.58
2.36
0.12
0.14
0.12
0.12
0.18
0.14
0.42
1.56
1.64
1.67
1.48
1.47
1.45
1.45
1.45
1.45
1.44
1.52
0.16
0.14
0.15
0.14
0.15
0.15
0.14
0.14
0.32
0.15
0.15
0.15
0.14
0.24
0.15
0.14
0.14
0.15
0.14
0.14
0.15
0.15
0.14
0.14
0.15
0.15
0.15
0.15
0.12
0.15
0.29
0.15
0.14
0.14
0.15
0.08
0.15
0.14
0.14
0.15
0.14
0.12
0.15
0.13
0.14
0.15
0.14
0.15
0.13
0.15
0.15
0.12
0.25
0.14
0.14
0.15
0.14
