0.94
0.94
0.94
1.07
0.95
0.94
0.94
0.94
0.94
0.94
0.94
1.08
0.95
0.94
0.94
0.94
0.94
0.94
0.94
1.09
0.95
0.94
0.94
0.94
0.92
0.82
0.70
0.88
0.69
0.64
0.62
0.62
0.62
0.62
0.74
0.61
0.60
0.60
0.64
0.68
0.71
0.67
0.93
0.81
0.85
0.72
0.70
0.73
0.70
0.84
0.76
0.87
0.86
0.86
0.86
0.86
0.86
1.00
0.87
0.87
0.86
0.87
0.86
0.86
0.86
1.01
0.87
0.88
0.87
0.86
0.86
0.86
0.81
1.05
0.87
0.87
0.86
0.86
0.86
0.86
0.99
0.87
0.86
0.86
0.86
0.86
0.87
0.86
1.00
0.87
0.86
0.86
0.87
0.86
0.86
0.86
1.01
0.87
0.86
0.86
0.86
0.86
0.86
0.81
1.06
0.86
0.86
0.86
0.86
0.86
0.86
1.00
0.87
0.86
0.86
0.86
0.86
0.86
0.86
