0.77
0.77
0.77
0.77
0.77
0.77
0.77
0.77
0.77
0.77
0.77
0.77
0.76
0.77
0.77
0.77
0.71
1.68
1.20
1.24
1.16
1.07
1.16
1.05
1.17
1.07
1.14
1.18
1.15
1.24
1.07
1.18
1.23
1.18
1.16
1.22
1.14
1.16
1.32
1.12
0.74
0.74
0.73
0.73
0.73
0.73
0.70
1.05
0.74
0.73
0.72
0.74
0.75
0.73
0.72
0.99
0.74
0.73
0.73
0.73
0.73
0.86
0.74
0.73
0.73
0.72
0.77
0.72
0.72
0.73
0.72
0.72
0.72
0.72
0.72
0.72
0.72
0.72
0.72
0.66
0.72
0.73
0.72
0.72
0.72
0.66
0.74
0.73
0.72
0.72
0.72
0.66
0.74
0.72
0.72
0.72
0.72
0.72
0.73
0.73
0.72
0.72
0.72
0.72
0.72
0.73
0.72
0.72
0.72
0.72
0.73
0.73
0.72
0.72
0.72
0.81
0.73
0.72
0.72
0.72
0.72
0.82
0.73
0.72
0.72
0.73
0.72
