0.28
0.28
0.28
0.28
0.23
0.30
0.28
0.28
0.28
0.28
0.28
0.29
0.28
0.28
0.28
0.28
0.28
0.28
0.28
0.28
0.26
0.35
0.26
0.44
0.54
0.66
0.68
0.75
0.54
0.43
0.35
0.32
0.33
0.33
0.35
0.35
0.34
0.34
0.35
0.37
0.37
0.50
0.72
0.32
0.26
0.26
0.27
0.26
0.26
0.50
0.27
0.27
0.27
0.26
0.27
0.55
0.27
0.27
0.26
0.27
0.26
0.27
0.27
0.26
0.26
0.26
0.26
0.26
0.26
0.26
0.27
0.26
0.56
0.26
0.26
0.27
0.27
0.21
0.28
0.27
0.26
0.26
0.26
0.27
0.27
0.27
0.26
0.27
0.27
0.26
0.26
0.26
0.26
0.26
0.25
0.27
0.26
0.27
0.26
0.26
0.21
0.28
0.27
0.26
0.27
0.26
0.52
0.28
0.27
