0.68
0.64
0.70
0.69
0.68
0.68
0.68
0.68
0.70
0.68
0.68
0.68
0.68
0.68
0.68
1.56
1.14
1.04
1.03
1.06
1.08
1.13
1.08
0.94
1.14
1.12
1.05
1.22
1.08
1.02
1.06
1.09
1.08
1.10
1.12
1.06
1.16
1.10
1.15
1.09
0.62
0.64
0.65
0.64
0.64
0.65
0.64
0.64
0.63
0.64
0.64
0.64
0.64
0.64
0.64
0.64
0.64
0.64
0.64
0.64
0.64
0.64
0.71
0.65
0.64
0.64
0.64
0.64
0.70
0.65
0.64
0.64
0.64
0.64
0.64
0.65
0.64
0.64
0.64
0.64
0.64
0.64
0.65
0.64
0.64
0.64
0.64
0.64
0.64
0.64
0.64
0.64
0.64
0.64
0.64
0.65
0.64
0.64
0.64
0.70
0.65
0.64
0.65
0.64
0.64
0.58
0.65
0.64
0.64
0.64
0.64
0.64
0.66
0.64
