0.60
0.60
0.66
0.60
0.60
0.60
0.60
0.60
0.55
0.61
0.60
0.60
0.60
0.60
0.59
0.73
0.98
1.35
1.52
1.41
1.33
1.21
0.99
1.05
0.94
0.89
0.82
0.92
0.90
0.78
1.02
0.84
0.82
0.86
0.92
0.86
0.86
0.82
0.81
1.02
0.84
0.78
0.82
0.87
0.78
1.05
0.76
0.82
1.04
0.98
0.80
1.05
0.88
0.88
0.78
1.00
0.58
0.58
0.58
0.58
0.58
0.58
0.58
0.58
0.58
0.58
0.58
0.58
0.57
0.58
0.58
0.58
0.58
0.58
0.57
0.66
0.58
0.58
0.58
0.58
0.58
0.66
0.58
0.58
0.58
0.58
0.58
0.58
0.58
0.58
0.58
0.57
0.60
0.58
0.58
0.58
0.58
0.58
0.58
0.58
0.58
0.58
0.58
0.58
0.58
0.63
0.58
0.58
0.58
0.58
0.58
0.63
0.59
0.58
0.58
0.58
0.58
0.63
0.59
0.58
0.58
0.58
0.58
0.58
