0.32
0.19
0.18
0.18
0.18
0.19
0.18
0.18
0.18
0.18
0.20
0.18
0.18
0.18
0.18
0.33
0.18
0.18
0.19
0.18
0.18
0.19
0.18
0.18
0.16
0.19
0.18
0.19
0.18
0.12
0.19
0.18
0.28
1.64
1.26
1.16
1.10
1.19
1.14
1.13
1.24
1.24
1.32
1.30
1.35
1.41
1.38
1.32
0.28
0.18
0.18
0.19
0.18
0.18
0.23
0.18
0.18
0.18
0.18
0.23
0.19
0.18
0.18
0.18
0.18
0.18
0.18
0.18
0.18
0.18
0.18
0.18
0.18
0.18
0.24
0.19
0.18
0.19
0.18
0.18
0.19
0.18
0.18
0.18
0.16
0.18
0.18
0.19
0.18
0.30
0.19
0.18
0.18
0.18
0.19
0.19
0.18
0.18
0.19
0.18
0.19
0.18
0.18
0.18
0.32
