0.18
0.20
0.19
0.19
0.20
0.18
0.20
0.18
0.21
0.18
0.21
0.26
0.19
0.18
0.18
0.20
0.21
0.19
0.21
0.19
0.18
0.18
0.21
0.20
0.20
0.20
0.31
0.43
0.90
0.58
0.44
0.44
0.26
0.26
0.24
0.26
0.32
0.34
0.34
0.38
0.40
0.51
0.46
0.54
0.60
0.58
0.70
0.67
0.71
0.74
0.94
1.38
0.18
0.19
0.20
0.18
0.23
0.18
0.21
0.20
0.19
0.24
0.19
0.18
0.18
0.18
0.18
0.18
0.19
0.18
0.18
0.20
0.18
0.18
0.18
0.18
0.24
0.19
0.18
0.18
0.19
0.18
0.19
0.18
0.19
0.20
0.20
0.18
0.18
0.18
0.18
0.27
0.19
0.18
0.19
0.19
0.18
0.19
0.18
0.18
0.18
0.18
0.19
0.18
0.19
0.18
0.31
0.19
0.18
0.18
0.18
