0.27
0.26
0.27
0.29
0.26
0.27
0.26
0.26
0.26
0.27
0.27
0.26
0.27
0.26
0.21
0.28
0.26
0.27
0.26
0.27
0.50
0.27
0.27
0.27
0.27
0.27
0.39
0.35
0.29
0.29
0.29
0.29
0.29
0.29
0.29
0.29
0.29
0.23
0.29
0.35
0.26
0.25
0.26
0.21
0.28
0.27
0.27
0.26
0.27
0.21
0.28
0.27
0.26
0.26
0.26
0.26
0.26
0.26
0.26
0.26
0.26
0.26
0.26
0.26
0.26
0.41
0.26
0.26
0.26
0.26
0.27
0.26
0.26
0.26
0.26
0.26
0.26
0.26
0.26
0.23
0.27
0.26
0.26
0.26
0.26
0.27
0.27
0.26
0.26
0.26
0.26
0.26
0.26
0.26
0.19
0.27
0.26
0.26
0.26
0.26
0.27
0.26
0.26
0.26
0.26
0.26
0.26
0.26
0.26
0.33
0.27
0.26
0.26
0.26
0.35
0.26
0.26
0.26
0.26
0.26
0.26
0.26
0.26
