7

0.76
0.76
0.76
0.70
0.77
0.76
0.76
0.76
0.86
0.77
0.76
0.76
0.76
0.76
0.76
0.76
0.76
0.78
0.76
0.76
0.76

0.76
0.76
0.76
0.70
0.77
0.76
0.76
0.76
0.86
0.77
0.76
0.76
0.76
0.76
0.76
0.76
0.76
0.78
0.76
0.76
0.76
Initialisierung ok
0.76
0.76
0.76
0.76
0.76
0.76
0.76
0.78
0.76
0.76
0.76
0.76
0.78
0.76
0.76
0.76
0.76
0.76
0.76
0.76
0.71
0.77
0.76
0.76
0.76
0.78
0.76
0.76
0.76
0.78
0.76
0.76
0.78
0.76
0.78
0.76
0.76
0.76
0.76
0.76
0.76
0.76
0.71
0.77
0.76
0.76
0.76
0.76
0.76
0.76
0.76
0.76
0.78
0.76
0.76
0.76
0.78
0.78
0.76
0.76
0.76
0.76
0.76
0.76
0.70
0.77
0.76
0.76
0.76
0.85
0.76
0.76
0.76
0.76
0.76
0.76
0.76
0.76
0.78
0.76
0.76
0.76
0.76
0.76
0.76
0.76
0.71
0.76
0.78
0.76
0.76
0.85
0.76
0.76
0.76
0.76
0.76
0.76
0.76
0.76
0.79
0.76
0.76
0.76
0.76
0.77
0.76
0.76
0.71
0.76
0.76
0.76
0.76
0.85
0.76
0.76
0.76
0.76
0.76
0.76
0.76
0.76
0.78
0.76
