67
0.70

0.68
0.68
0.68
0.68
0.68
0.68
0.63
0.69
0.69
0.68
0.68
0.79
0.68
0.68
0.68
0.68
0.68
0.68
0.68
0.67
0.70

0.68
0.68
0.68
0.68
0.68
0.68
0.63
0.69
0.69
0.68
0.68
0.79
0.68
0.68
0.68
0.68
0.68
0.68
0.68
0.67
0.70
Initialisierung ok
0.68
0.68
0.68
0.68
0.70
0.68
0.68
0.68
0.68
0.68
0.68
0.68
0.64
0.69
0.68
0.68
0.68
0.76
0.68
0.68
0.68
0.68
0.68
0.68
0.69
0.68
0.70
0.68
0.70
0.68
0.68
0.68
0.68
0.68
0.64
0.68
0.68
0.68
0.68
0.76
0.68
0.68
0.68
0.68
0.68
0.68
0.68
0.67
0.70
0.68
0.68
0.68
0.68
0.68
0.68
0.68
0.63
0.68
0.68
0.68
0.68
0.77
0.68
0.68
0.68
0.68
0.68
0.68
0.68
0.68
0.69
0.68
0.68
0.68
0.69
0.68
0.68
0.68
0.68
