milliseconds	Werte
461	0
461	
3;0;0;0.0;0.0
567	0
567	
108;0;0;13.0;15.0
672	0
672	
213;0;0;30.0;30.0
777	0
777	
318;0;0;34.0;36.0
882	0
882	
423;0;0;34.0;36.0
987	0
987	
528;0;0;32.0;37.0
1092	0
1092	
633;0;0;34.0;38.0
1197	0
1197	
738;0;0;33.0;37.0
1302	0
1302	
843;0;0;35.0;38.0
1407	0
1407	
948;0;0;36.0;37.0
1512	0
1512	
1053;0;0;36.0;37.0
1617	0
1617	
1158;0;0;36.0;36.0
1722	0
1722	
1263;0;0;35.0;36.0
1827	0
1827	
1368;0;0;34.0;36.0
1938	0
1938	
1473;0;0;34.0;35.0
2037	0
2037	
1578;0;0;32.0;37.0
2142	0
2142	
1683;0;0;33.0;38.0
2247	0
2247	
1788;0;0;33.0;36.0
2352	0
2352	
1893;0;0;34.0;38.0
2457	0
2457	
1998;0;0;36.0;36.0
2562	0
2562	
2103;0;0;35.0;37.0
2667	0
2667	
2208;0;0;36.0;37.0
2776	0
2776	
2313;0;0;36.0;36.0
2878	0
2878	
2418;0;0;34.0;36.0
2984	0
2984	
2525;0;0;67.0;35.0
3089	0
3089	
2630;0;0;33.0;38.0
3194	0
3194	
2735;0;0;33.0;37.0
3299	0
3299	
2840;0;0;33.0;37.0
3404	0
3404	
2945;0;0;35.0;36.0
3509	0
3509	
3050;0;0;35.0;36.0
3614	0
3614	
3155;0;0;36.0;37.0
3728	0
3728	
3266;0;0;35.0;35.0
3830	0
3830	
3371;0;0;35.0;36.0
3935	0
3935	
3477;0;0;34.0;36.0
4043	0
4043	
3581;0;0;35.0;37.0
4148	0
4148	
3686;0;0;32.0;37.0
4253	0
4253	
3791;0;0;32.0;37.0
4358	0
4358	
3896;0;0;33.0;36.0
4463	0
4463	
4001;0;0;34.0;36.0
4579	0
4579	
4110;0;0;36.0;37.0
4680	0
4680	
4221;0;0;35.0;36.0
4785	0
4785	
4326;0;0;35.0;35.0
4890	0
4890	
4431;0;0;36.0;36.0
4996	0
4996	
4536;0;0;34.0;35.0
5101	0
5101	
4641;0;0;35.0;37.0
5207	0
5207	
4746;0;0;33.0;38.0
5313	0
5313	
4853;0;0;33.0;37.0
5420	0
5420	
4958;0;0;33.0;37.0
5522	0
5522	
5063;0;0;36.0;36.0
5627	0
5627	
5168;0;0;35.0;36.0
5732	0
5732	
5273;0;0;36.0;36.0
5838	0
5838	
5379;0;0;36.0;36.0
5942	0
5942	
5483;0;0;35.0;36.0
6047	0
6047	
5588;0;0;34.0;37.0
6152	0
6152	
5693;0;0;33.0;37.0
6257	0
6257	
5798;0;0;33.0;37.0
6369	0
6369	
5903;0;0;32.0;37.0
6467	0
6467	
6008;0;0;33.0;36.0
6572	0
6572	
6113;0;0;33.0;37.0
6677	0
6677	
6218;0;0;36.0;35.0
6782	0
6782	
6323;0;0;34.0;35.0
6887	0
6887	
6428;0;0;36.0;36.0
6992	0
6992	
6533;0;0;35.0;36.0
7097	0
7097	
6638;0;0;35.0;37.0
7206	0
7206	
6743;0;0;34.0;37.0
7307	0
7307	
6848;0;0;33.0;37.0
7412	0
7412	
6953;0;0;31.0;37.0
7517	0
7517	
7058;0;0;33.0;35.0
7622	0
7622	
7163;0;0;33.0;37.0
7728	0
7728	
7268;0;0;35.0;36.0
7834	0
7834	
7373;0;0;36.0;36.0
7940	0
7940	
7478;0;0;35.0;36.0
8045	0
8045	
7586;0;0;35.0;39.0
8162	0
8162	
7698;0;0;34.0;37.0
8265	0
8265	
7803;0;0;34.0;38.0
8370	0
8370	
7908;0;0;32.0;36.0
8477	0
