milliseconds	Werte
462	0
462	
3;0;0;0.0;0.0
568	0
568	
108;0;0;22.0;22.0
673	0
673	
213;0;0;44.0;45.0
778	0
778	
318;0;0;51.0;53.0
883	0
883	
423;0;0;50.0;54.0
988	0
988	
528;0;0;51.0;55.0
1093	0
1093	
633;0;0;51.0;55.0
1198	0
1198	
738;0;0;53.0;56.0
1303	0
1303	
843;0;0;53.0;56.0
1408	0
1408	
948;0;0;53.0;55.0
1513	0
1513	
1053;0;0;52.0;54.0
1618	0
1618	
1158;0;0;50.0;54.0
1723	0
1723	
1263;0;0;51.0;53.0
1828	0
1828	
1368;0;0;51.0;55.0
1939	0
1939	
1473;0;0;53.0;56.0
2038	0
2038	
1578;0;0;53.0;55.0
2143	0
2143	
1683;0;0;53.0;56.0
2248	0
2248	
1788;0;0;52.0;54.0
2353	0
2353	
1893;0;0;50.0;54.0
2458	0
2458	
1998;0;0;51.0;54.0
2563	0
2563	
2103;0;0;51.0;55.0
2668	0
2668	
2208;0;0;53.0;56.0
2779	0
2779	
2313;0;0;53.0;55.0
2879	0
2879	
2418;0;0;53.0;54.0
2985	0
2985	
2523;0;0;52.0;54.0
3090	0
3090	
2630;0;0;52.0;56.0
3195	0
3195	
2735;0;0;51.0;54.0
3300	0
3300	
2840;0;0;52.0;55.0
3405	0
3405	
2945;0;0;54.0;55.0
3510	0
3510	
3050;0;0;51.0;53.0
3615	0
3615	
3155;0;0;52.0;54.0
3729	0
3729	
3266;0;0;49.0;54.0
3831	0
3831	
3371;0;0;50.0;55.0
3936	0
3936	
3476;0;0;51.0;55.0
4041	0
4041	
3581;0;0;53.0;54.0
4146	0
4146	
3686;0;0;52.0;55.0
4251	0
4251	
3792;0;0;52.0;54.0
4356	0
4356	
3896;0;0;52.0;53.0
4461	0
4461	
4001;0;0;50.0;55.0
4578	0
4578	
4106;0;0;50.0;54.0
4682	0
4682	
4219;0;0;51.0;56.0
4786	0
4786	
4324;0;0;53.0;53.0
4892	0
4892	
4432;0;0;53.0;54.0
4999	0
4999	
4537;0;0;53.0;55.0
5103	0
5103	
4642;0;0;51.0;53.0
5209	0
5209	
4747;0;0;49.0;55.0
5315	0
5315	
4854;0;0;51.0;110.0
5426	0
5426	
4959;0;0;52.0;55.0
5528	0
5528	
5068;0;0;53.0;54.0
5633	0
5633	
5173;0;0;51.0;53.0
5738	0
5738	
5278;0;0;52.0;54.0
5844	0
5844	
5383;0;0;50.0;55.0
5948	0
5948	
5488;0;0;51.0;57.0
6053	0
6053	
5593;0;0;51.0;54.0
6158	0
6158	
5698;0;0;53.0;55.0
6263	0
6263	
5803;0;0;53.0;54.0
