milliseconds	Werte
461	0
461	
3;0;0;0.0;0.0
567	0
567	
108;0;0;30.0;32.0
672	0
672	
213;0;0;65.0;67.0
777	0
777	
318;0;0;76.0;80.0
882	0
882	
423;0;0;77.0;85.0
987	0
987	
528;0;0;78.0;84.0
1092	0
1092	
633;0;0;78.0;86.0
1197	0
1197	
738;0;0;80.0;84.0
1302	0
1302	
843;0;0;77.0;86.0
1407	0
1407	
948;0;0;77.0;84.0
1512	0
1512	
1053;0;0;78.0;85.0
1617	0
1617	
1158;0;0;78.0;83.0
1722	0
1722	
1263;0;0;78.0;85.0
1827	0
1827	
1368;0;0;78.0;85.0
1938	0
1938	
1474;0;0;77.0;84.0
2037	0
2037	
1578;0;0;77.0;82.0
2142	0
2142	
1683;0;0;79.0;83.0
2247	0
2247	
1788;0;0;77.0;85.0
2352	0
2352	
1893;0;0;77.0;83.0
2457	0
2457	
1998;0;0;77.0;83.0
2562	0
2562	
2103;0;0;77.0;83.0
2667	0
2667	
2208;0;0;78.0;85.0
2779	0
2779	
2313;0;0;78.0;83.0
2878	0
2878	
2418;0;0;77.0;84.0
2984	0
2984	
2523;0;0;76.0;83.0
3089	0
3089	
2630;0;0;80.0;86.0
3194	0
3194	
2735;0;0;77.0;83.0
3299	0
3299	
2840;0;0;76.0;83.0
3404	0
3404	
2945;0;0;77.0;84.0
3509	0
3509	
3050;0;0;78.0;84.0
3614	0
3614	
3155;0;0;77.0;83.0
3719	0
3719	
3260;0;0;76.0;83.0
3824	0
3824	
3365;0;0;77.0;83.0
3929	0
3929	
3470;0;0;77.0;84.0
4034	0
4034	
3576;0;0;79.0;83.0
4139	0
4139	
3680;0;0;76.0;83.0
4244	0
4244	
3785;0;0;76.0;83.0
4349	0
4349	
3890;0;0;77.0;84.0
4454	0
4454	
3995;0;0;77.0;83.0
4571	0
4571	
4104;0;0;79.0;84.0
4673	0
4673	
4211;0;0;76.0;82.0
4778	0
4778	
4316;0;0;77.0;85.0
4883	0
4883	
4421;0;0;78.0;84.0
4988	0
4988	
4526;0;0;78.0;85.0
5093	0
5093	
4631;0;0;77.0;84.0
5202	0
5202	
4740;0;0;77.0;85.0
