milliseconds	Werte
461	0
461	
3;0;0;0.0;0.0
567	0
567	
108;0;0;21.0;20.0
672	0
672	
213;0;0;38.0;39.0
777	0
777	
318;0;0;44.0;47.0
882	0
882	
423;0;0;45.0;48.0
987	0
987	
528;0;0;44.0;49.0
1092	0
1092	
633;0;0;43.0;48.0
1197	0
1197	
738;0;0;44.0;47.0
1302	0
1302	
843;0;0;45.0;47.0
1407	0
1407	
948;0;0;45.0;48.0
1512	0
1512	
1053;0;0;44.0;49.0
1617	0
1617	
1158;0;0;43.0;49.0
1722	0
1722	
1263;0;0;44.0;47.0
1827	0
1827	
1368;0;0;42.0;47.0
1938	0
1938	
1473;0;0;43.0;46.0
2037	0
2037	
1578;0;0;43.0;47.0
2142	0
2142	
1683;0;0;44.0;46.0
2247	0
2247	
1788;0;0;45.0;49.0
2352	0
2352	
1893;0;0;45.0;48.0
2457	0
2457	
1998;0;0;44.0;48.0
2562	0
2562	
2103;0;0;44.0;47.0
2667	0
2667	
2208;0;0;42.0;48.0
2778	0
2778	
2313;0;0;43.0;47.0
2878	0
2878	
2418;0;0;43.0;46.0
2984	0
2984	
2523;0;0;44.0;48.0
3089	0
3089	
2630;0;0;46.0;50.0
3194	0
3194	
2735;0;0;43.0;47.0
3299	0
3299	
2840;0;0;45.0;47.0
3404	0
3404	
2945;0;0;42.0;47.0
3509	0
3509	
3050;0;0;41.0;46.0
3614	0
3614	
3155;0;0;42.0;46.0
3728	0
3728	
3266;0;0;43.0;48.0
3830	0
3830	
3371;0;0;44.0;47.0
3935	0
3935	
3476;0;0;45.0;48.0
4040	0
4040	
3581;0;0;44.0;47.0
4145	0
4145	
3686;0;0;43.0;47.0
4250	0
4250	
3792;0;0;42.0;45.0
4355	0
4355	
3896;0;0;41.0;46.0
4460	0
4460	
4001;0;0;42.0;46.0
4577	0
4577	
4106;0;0;43.0;48.0
4678	0
4678	
4216;0;0;44.0;47.0
4783	0
4783	
4321;0;0;44.0;47.0
4888	0
4888	
4426;0;0;45.0;46.0
4993	0
4993	
4531;0;0;42.0;46.0
5102	0
5102	
4640;0;0;42.0;44.0
5209	0
5209	
4750;0;0;81.0;44.0
5315	0
5315	
4855;0;0;42.0;45.0
5427	0
5427	
4960;0;0;44.0;46.0
5528	0
5528	
5069;0;0;44.0;46.0
5633	0
5633	
5174;0;0;45.0;46.0
5738	0
5738	
5279;0;0;43.0;45.0
5844	0
5844	
5384;0;0;42.0;45.0
5948	0
5948	
5489;0;0;41.0;44.0
6053	0
6053	
5594;0;0;41.0;45.0
6158	0
6158	
5699;0;0;42.0;46.0
6263	0
6263	
5804;0;0;43.0;47.0
