milliseconds	Werte
462	0
462	
3;0;0;0.0;0.0
568	0
568	
108;0;0;12.0;12.0
673	0
673	
213;0;0;25.0;25.0
778	0
778	
318;0;0;27.0;29.0
883	0
883	
423;0;0;27.0;30.0
988	0
988	
528;0;0;28.0;29.0
1093	0
1093	
633;0;0;27.0;30.0
1198	0
1198	
738;0;0;27.0;29.0
1303	0
1303	
843;0;0;29.0;28.0
1408	0
1408	
948;0;0;28.0;29.0
1513	0
1513	
1053;0;0;28.0;31.0
1618	0
1618	
1158;0;0;28.0;29.0
1723	0
1723	
1263;0;0;26.0;30.0
1828	0
1828	
1368;0;0;26.0;30.0
1939	0
1939	
1474;0;0;27.0;29.0
2038	0
2038	
1578;0;0;27.0;28.0
2143	0
2143	
1683;0;0;25.0;28.0
2248	0
2248	
1788;0;0;25.0;29.0
2353	0
2353	
1893;0;0;25.0;28.0
2458	0
2458	
1998;0;0;25.0;28.0
2563	0
2563	
2103;0;0;25.0;28.0
2668	0
2668	
2208;0;0;27.0;27.0
2777	0
2777	
2313;0;0;28.0;30.0
2879	0
2879	
2418;0;0;28.0;30.0
2985	0
2985	
2525;0;0;28.0;29.0
3090	0
3090	
2630;0;0;26.0;29.0
3195	0
3195	
2735;0;0;25.0;28.0
3300	0
3300	
2840;0;0;26.0;28.0
3405	0
3405	
2945;0;0;26.0;29.0
3510	0
3510	
3050;0;0;25.0;27.0
3615	0
3615	
3155;0;0;25.0;28.0
3729	0
3729	
3266;0;0;25.0;28.0
3831	0
3831	
3371;0;0;25.0;28.0
3936	0
3936	
3477;0;0;25.0;28.0
4041	0
4041	
3581;0;0;27.0;29.0
4146	0
4146	
3686;0;0;28.0;30.0
4251	0
4251	
3791;0;0;27.0;29.0
4359	0
4359	
3896;0;0;27.0;29.0
4464	0
4464	
4001;0;0;27.0;28.0
4578	0
4578	
4106;0;0;26.0;27.0
4682	0
4682	
4219;0;0;25.0;28.0
4789	0
4789	
4328;0;0;26.0;27.0
4898	0
4898	
4436;0;0;26.0;27.0
5003	0
5003	
4541;0;0;24.0;27.0
5108	0
5108	
4646;0;0;24.0;27.0
5213	0
5213	
4753;0;0;25.0;55.0
5319	0
5319	
4858;0;0;25.0;28.0
5432	0
5432	
4963;0;0;27.0;29.0
5532	0
5532	
5072;0;0;27.0;29.0
5637	0
5637	
5178;0;0;27.0;28.0
5742	0
5742	
5282;0;0;28.0;27.0
5848	0
5848	
5387;0;0;26.0;27.0
5952	0
5952	
5492;0;0;25.0;28.0
6057	0
6057	
5597;0;0;25.0;27.0
6162	0
6162	
5702;0;0;26.0;27.0
6267	0
6267	
5807;0;0;25.0;26.0
6381	0
6381	
5919;0;0;24.0;28.0
6484	0
6484	
6024;0;0;24.0;26.0
6589	0
6589	
6129;0;0;24.0;28.0
6694	0
6694	
6234;0;0;25.0;29.0
6799	0
6799	
6339;0;0;25.0;28.0
6904	0
6904	
6444;0;0;27.0;29.0
7009	0
7009	
6549;0;0;27.0;29.0
7114	0
7114	
6654;0;0;27.0;29.0
7226	0
7226	
6759;0;0;27.0;28.0
7325	0
7325	
6864;0;0;27.0;27.0
7431	0
7431	
6969;0;0;26.0;29.0
7536	0
7536	
7074;0;0;25.0;26.0
7641	0
7641	
7182;0;0;25.0;54.0
7746	0
7746	
7286;0;0;24.0;26.0
7851	0
7851	
7391;0;0;24.0;27.0
7956	0
7956	
7496;0;0;24.0;29.0
8061	0
8061	
7601;0;0;24.0;28.0
8174	0
8174	
7706;0;0;26.0;28.0
8274	0
8274	
7814;0;0;27.0;29.0
8379	0
8379	
7919;0;0;27.0;28.0
8484	0
8484	
8024;0;0;27.0;27.0
8589	0
8589	
8129;0;0;26.0;27.0
8697	0
8697	
8234;0;0;26.0;28.0
8801	0
8801	
8339;0;0;26.0;26.0
8907	0
8907	
8444;0;0;25.0;27.0
9015	0
9015	
8549;0;0;25.0;28.0
9119	0
9119	
8658;0;0;26.0;27.0
9226	0
9226	
8766;0;0;24.0;28.0
9332	0
9332	
8871;0;0;24.0;29.0
9436	0
9436	
8976;0;0;25.0;29.0
9541	0
9541	
9082;0;0;24.0;30.0
9646	0
9646	
9186;0;0;25.0;29.0
9752	0
9752	
9291;0;0;27.0;29.0
9857	0
9857	
9396;0;0;27.0;29.0
9970	0
9970	
9501;0;0;27.0;29.0
10068	0
