milliseconds	Werte
464	0
464	
4;0;0;0.0;-34.0
569	0
569	
108;0;0;12.0;8.0
673	0
673	
212;0;0;17.0;17.0
778	0
778	
317;0;0;19.0;20.0
883	0
883	
422;0;0;19.0;20.0
988	0
988	
527;0;0;19.0;20.0
1093	0
1093	
632;0;0;20.0;20.0
1198	0
1198	
737;0;0;20.0;19.0
1303	0
1303	
842;0;0;20.0;19.0
1408	0
1408	
947;0;0;20.0;20.0
1513	0
1513	
1052;0;0;18.0;20.0
1618	0
1618	
1157;0;0;19.0;19.0
1723	0
1723	
1262;0;0;17.0;18.0
1828	0
1828	
1367;0;0;18.0;18.0
1938	0
1938	
1472;0;0;16.0;19.0
2038	0
2038	
1577;0;0;18.0;19.0
2143	0
2143	
1682;0;0;17.0;17.0
2248	0
2248	
1787;0;0;18.0;19.0
2353	0
2353	
1892;0;0;16.0;19.0
2458	0
2458	
1997;0;0;17.0;21.0
2563	0
2563	
2102;0;0;16.0;20.0
2668	0
2668	
2207;0;0;18.0;20.0
2779	0
2779	
2312;0;0;16.0;19.0
2879	0
2879	
2417;0;0;17.0;20.0
2985	0
2985	
2523;0;0;18.0;20.0
3090	0
3090	
2629;0;0;19.0;19.0
3195	0
3195	
2734;0;0;19.0;18.0
3300	0
3300	
2839;0;0;19.0;19.0
3405	0
3405	
2944;0;0;18.0;19.0
3510	0
3510	
3049;0;0;19.0;19.0
3615	0
3615	
3154;0;0;19.0;17.0
3731	0
3731	
3265;0;0;18.0;18.0
3833	0
3833	
3370;0;0;18.0;18.0
3939	0
3939	
3475;0;0;17.0;19.0
4044	0
4044	
3580;0;0;17.0;18.0
4148	0
4148	
3685;0;0;18.0;18.0
4255	0
4255	
3793;0;0;18.0;20.0
4360	0
4360	
3898;0;0;16.0;20.0
4464	0
4464	
4003;0;0;17.0;20.0
4577	0
4577	
4108;0;0;15.0;19.0
4679	0
4679	
4218;0;0;17.0;19.0
4784	0
4784	
4323;0;0;16.0;19.0
4889	0
4889	
4428;0;0;17.0;19.0
4994	0
4994	
4533;0;0;18.0;19.0
5100	0
5100	
4638;0;0;17.0;18.0
5205	0
5205	
4743;0;0;19.0;17.0
5311	0
5311	
4849;0;0;19.0;19.0
5416	0
5416	
4955;0;0;19.0;19.0
5521	0
5521	
5060;0;0;19.0;18.0
5626	0
5626	
5165;0;0;18.0;18.0
5731	0
5731	
5270;0;0;18.0;19.0
5837	0
5837	
5375;0;0;17.0;18.0
5941	0
5941	
5480;0;0;18.0;18.0
6046	0
6046	
5585;0;0;18.0;20.0
6151	0
6151	
5690;0;0;18.0;19.0
6256	0
6256	
5795;0;0;18.0;20.0
6371	0
6371	
5900;0;0;16.0;20.0
6466	0
6466	
6005;0;0;17.0;20.0
6571	0
6571	
6110;0;0;16.0;20.0
6676	0
6676	
6215;0;0;16.0;20.0
6781	0
6781	
6320;0;0;16.0;19.0
6886	0
6886	
6425;0;0;17.0;19.0
6991	0
6991	
6530;0;0;17.0;19.0
7096	0
7096	
6635;0;0;17.0;18.0
7201	0
7201	
6740;0;0;18.0;20.0
7315	0
7315	
6845;0;0;19.0;19.0
7417	0
7417	
6956;0;0;19.0;19.0
7522	0
7522	
7061;0;0;18.0;17.0
7628	0
7628	
7166;0;0;19.0;17.0
7733	0
7733	
7271;0;0;18.0;19.0
7839	0
7839	
7376;0;0;19.0;18.0
7946	0
7946	
7483;0;0;18.0;36.0
8052	0
8052	
7588;0;0;17.0;19.0
8162	0
8162	
7693;0;0;18.0;20.0
8265	0
8265	
7802;0;0;17.0;19.0
8371	0
8371	
7910;0;0;18.0;19.0
8476	0
8476	
8015;0;0;16.0;19.0
8581	0
8581	
8120;0;0;16.0;19.0
8686	0
8686	
8225;0;0;15.0;19.0
8791	0
8791	
8330;0;0;16.0;18.0
8896	0
8896	
8435;0;0;16.0;17.0
9001	0
9001	
8540;0;0;17.0;17.0
9115	0
9115	
8645;0;0;17.0;18.0
9217	0
9217	
8756;0;0;17.0;18.0
9322	0
9322	
8861;0;0;18.0;18.0
9427	0
9427	
8966;0;0;18.0;17.0
9532	0
9532	
9071;0;0;19.0;17.0
9637	0
9637	
9176;0;0;18.0;17.0
9742	0
9742	
9281;0;0;18.0;18.0
9847	0
9847	
9386;0;0;19.0;18.0
9959	0
9959	
9491;0;0;18.0;18.0
10059	0
10059	
9596;0;0;18.0;19.0
10164	0
10164	
9701;0;0;19.0;19.0
10270	0
10270	
9806;0;0;17.0;20.0
10375	0
10375	
9914;0;0;18.0;19.0
10480	0
10480	
10019;0;0;17.0;18.0
10585	0
10585	
10124;0;0;16.0;19.0
10690	0
10690	
10229;0;0;15.0;19.0
10795	0
10795	
10334;0;0;16.0;18.0
10907	0
10907	
10439;0;0;16.0;18.0
11005	0
11005	
10544;0;0;16.0;17.0
11110	0
11110	
10649;0;0;16.0;18.0
11215	0
11215	
10754;0;0;17.0;18.0
11320	0
11320	
10859;0;0;17.0;18.0
11425	0
11425	
10964;0;0;18.0;16.0
11530	0
11530	
11069;0;0;18.0;17.0
11636	0
11636	
11174;0;0;18.0;17.0
11740	0
11740	
11279;0;0;19.0;19.0
11856	0
11856	
11390;0;0;18.0;18.0
11959	0
11959	
11495;0;0;18.0;17.0
12065	0
12065	
11600;0;0;19.0;18.0
12170	0
12170	
11705;0;0;17.0;20.0
12277	0
12277	
11814;0;0;18.0;19.0
12385	0
12385	
11922;0;0;16.0;19.0
12490	0
12490	
12027;0;0;18.0;19.0
12595	0
12595	
12133;0;0;17.0;19.0
12707	0
12707	
12239;0;0;16.0;20.0
12805	0
12805	
12344;0;0;16.0;18.0
12910	0
12910	
12449;0;0;15.0;18.0
13015	0
13015	
12554;0;0;16.0;18.0
13120	0
13120	
12659;0;0;16.0;19.0
13225	0
13225	
12764;0;0;17.0;18.0
13330	0
13330	
12869;0;0;17.0;18.0
13435	0
13435	
12974;0;0;17.0;17.0
13540	0
13540	
13079;0;0;18.0;18.0
13645	0
13645	
13184;0;0;18.0;18.0
13750	0
13750	
13289;0;0;18.0;19.0
13855	0
13855	
13394;0;0;18.0;18.0
13960	0
13960	
13499;0;0;18.0;18.0
14065	0
14065	
13604;0;0;19.0;20.0
14170	0
14170	
13709;0;0;18.0;20.0
14275	0
14275	
13815;0;0;17.0;20.0
14380	0
14380	
13919;0;0;18.0;19.0
14493	0
14493	
14024;0;0;17.0;19.0
14590	0
14590	
14129;0;0;17.0;18.0
14695	0
14695	
14234;0;0;17.0;19.0
14800	0
14800	
14339;0;0;17.0;19.0
14905	0
14905	
14444;0;0;16.0;17.0
15010	0
15010	
14549;0;0;15.0;17.0
15116	0
15116	
14654;0;0;16.0;18.0
15221	0
15221	
14759;0;0;15.0;17.0
15327	0
15327	
14866;0;0;16.0;18.0
15432	0
15432	
14971;0;0;17.0;17.0
15537	0
