milliseconds	Werte
464	0
464	
4;0;0;0.0;1.0
570	0
570	
109;0;0;3.0;2.0
674	0
674	
213;0;0;3.0;6.0
778	0
778	
317;0;0;2.0;2.0
882	0
882	
421;0;0;2.0;2.0
986	0
986	
525;0;0;3.0;2.0
1090	0
1090	
629;0;0;2.0;2.0
1202	0
1202	
737;0;0;2.0;3.0
1305	0
1305	
844;0;0;3.0;2.0
1409	0
1409	
948;0;0;2.0;3.0
1513	0
1513	
1052;0;0;3.0;2.0
1617	0
1617	
1156;0;0;2.0;2.0
1721	0
1721	
1260;0;0;2.0;2.0
1825	0
1825	
1364;0;0;3.0;2.0
1929	0
1929	
1468;0;0;2.0;2.0
2041	0
2041	
1572;0;0;2.0;3.0
2137	0
2137	
1676;0;0;3.0;3.0
2241	0
2241	
1780;0;0;2.0;2.0
2346	0
2346	
1885;0;0;2.0;2.0
2449	0
2449	
1989;0;0;2.0;0.0
2553	0
2553	
2092;0;0;0.0;0.0
2657	0
2657	
2197;0;0;0.0;1.0
2761	0
2761	
2301;0;0;0.0;2.0
2865	0
2865	
2405;0;0;0.0;2.0
2979	0
2979	
2509;0;0;2.0;1.0
3079	0
3079	
2617;0;0;1.0;2.0
3183	0
3183	
2721;0;0;1.0;2.0
3288	0
3288	
2825;0;0;2.0;2.0
3392	0
3392	
2931;0;0;1.0;4.0
3497	0
3497	
3036;0;0;2.0;1.0
3601	0
3601	
3140;0;0;2.0;2.0
3705	0
3705	
3244;0;0;1.0;2.0
3809	0
3809	
3348;0;0;1.0;2.0
3922	0
3922	
3457;0;0;1.0;2.0
4025	0
4025	
3564;0;0;1.0;1.0
4128	0
4128	
3667;0;0;0.0;0.0
4233	0
4233	
3771;0;0;0.0;0.0
4338	0
4338	
3875;0;0;0.0;0.0
4442	0
4442	
3979;0;0;0.0;0.0
4546	0
4546	
4084;0;0;0.0;0.0
4650	0
4650	
4190;0;0;0.0;0.0
4759	0
4759	
4293;0;0;0.0;0.0
4858	0
4858	
4397;0;0;0.0;0.0
4962	0
4962	
4501;0;0;0.0;0.0
5066	0
5066	
4605;0;0;0.0;0.0
5170	0
5170	
4709;0;0;0.0;0.0
5275	0
5275	
4813;0;0;0.0;0.0
5378	0
5378	
4917;0;0;0.0;0.0
5482	0
5482	
5021;0;0;0.0;0.0
5586	0
5586	
5125;0;0;0.0;0.0
5697	0
5697	
5229;0;0;0.0;0.0
5795	0
5795	
5333;0;0;0.0;0.0
5898	0
5898	
5437;0;0;0.0;0.0
6002	0
6002	
5541;0;0;0.0;0.0
6106	0
6106	
5645;0;0;0.0;0.0
6211	0
6211	
5749;0;0;0.0;0.0
6315	0
6315	
5853;0;0;0.0;0.0
6419	0
6419	
5957;0;0;0.0;0.0
6524	0
6524	
6061;0;0;0.0;0.0
6638	0
6638	
6168;0;0;0.0;0.0
6736	0
6736	
6275;0;0;0.0;0.0
6841	0
6841	
6379;0;0;0.0;0.0
6945	0
6945	
6483;0;0;0.0;0.0
7049	0
7049	
6588;0;0;0.0;0.0
7152	0
7152	
6691;0;0;0.0;0.0
7256	0
7256	
6795;0;0;0.0;0.0
7360	0
7360	
6899;0;0;0.0;0.0
7464	0
7464	
7003;0;0;0.0;0.0
7579	0
7579	
7111;0;0;0.0;0.0
7678	0
7678	
7216;0;0;0.0;0.0
7782	0
7782	
7320;0;0;0.0;0.0
7887	0
7887	
7427;0;0;0.0;0.0
7991	0
7991	
7530;0;0;0.0;0.0
8095	0
8095	
7634;0;0;0.0;0.0
8199	0
8199	
7738;0;0;0.0;0.0
8303	0
8303	
7842;0;0;0.0;0.0
8411	0
8411	
7946;0;0;0.0;0.0
8511	0
8511	
8050;0;0;0.0;0.0
8615	0
8615	
8154;0;0;0.0;0.0
8719	0
8719	
8258;0;0;0.0;0.0
8823	0
8823	
8362;0;0;0.0;0.0
8927	0
8927	
8466;0;0;0.0;0.0
9031	0
9031	
8570;0;0;0.0;0.0
9135	0
9135	
8674;0;0;0.0;0.0
9240	0
9240	
8778;0;0;0.0;0.0
9352	0
9352	
8882;0;0;0.0;0.0
9448	0
9448	
8987;0;0;0.0;0.0
9553	0
9553	
9090;0;0;0.0;0.0
9656	0
9656	
9194;0;0;0.0;0.0
9760	0
9760	
9298;0;0;0.0;0.0
9865	0
9865	
9402;0;0;0.0;0.0
9969	0
9969	
9509;0;0;0.0;0.0
10073	0
10073	
9612;0;0;0.0;0.0
10177	0
10177	
9716;0;0;0.0;0.0
10288	0
10288	
9820;0;0;0.0;0.0
10385	0
10385	
9924;0;0;0.0;0.0
10489	0
10489	
10028;0;0;0.0;0.0
10593	0
10593	
10132;0;0;0.0;0.0
10697	0
10697	
10236;0;0;0.0;0.0
10801	0
10801	
10340;0;0;0.0;0.0
10905	0
10905	
10444;0;0;0.0;0.0
11010	0
11010	
10548;0;0;0.0;0.0
11114	0
11114	
10652;0;0;0.0;0.0
11227	0
11227	
10762;0;0;0.0;0.0
11329	0
11329	
10868;0;0;0.0;0.0
11433	0
11433	
10972;0;0;0.0;0.0
11537	0
11537	
11076;0;0;0.0;0.0
11642	0
11642	
11180;0;0;0.0;0.0
11746	0
11746	
11284;0;0;0.0;0.0
11850	0
11850	
11389;0;0;0.0;0.0
11953	0
11953	
11492;0;0;0.0;0.0
12062	0
12062	
11596;0;0;0.0;0.0
12162	0
12162	
11700;0;0;0.0;0.0
12265	0
12265	
11804;0;0;0.0;0.0
12369	0
12369	
11908;0;0;0.0;0.0
12473	0
12473	
12012;0;0;0.0;0.0
12577	0
12577	
12116;0;0;0.0;0.0
12681	0
12681	
12220;0;0;0.0;0.0
12785	0
12785	
12324;0;0;0.0;0.0
12889	0
12889	
12428;0;0;0.0;0.0
13004	0
13004	
12532;0;0;0.0;0.0
13107	0
13107	
12646;0;0;0.0;0.0
13210	0
13210	
12749;0;0;0.0;0.0
13314	0
13314	
12853;0;0;0.0;0.0
13418	0
13418	
12957;0;0;0.0;0.0
13522	0
13522	
13061;0;0;0.0;0.0
13626	0
13626	
13165;0;0;0.0;0.0
13730	0
13730	
13269;0;0;0.0;0.0
13839	0
13839	
13373;0;0;0.0;0.0
13938	0
13938	
13477;0;0;0.0;0.0
14043	0
14043	
13581;0;0;0.0;0.0
14147	0
14147	
13685;0;0;0.0;0.0
14252	0
14252	
13790;0;0;0.0;0.0
14355	0
14355	
13893;0;0;0.0;0.0
14459	0
14459	
13997;0;0;0.0;0.0
14563	0
14563	
14101;0;0;0.0;0.0
14668	0
14668	
14208;0;0;0.0;0.0
14779	0
14779	
14311;0;0;0.0;0.0
14880	0
14880	
14419;0;0;0.0;0.0
14984	0
14984	
14523;0;0;0.0;0.0
15088	0
15088	
14627;0;0;0.0;0.0
15192	0
15192	
14731;0;0;0.0;0.0
15296	0
15296	
14835;0;0;0.0;0.0
15400	0
15400	
14939;0;0;0.0;0.0
15504	0
15504	
15043;0;0;0.0;0.0
15608	0
15608	
15147;0;0;0.0;0.0
15712	0
15712	
15251;0;0;0.0;0.0
15816	0
