milliseconds	Werte
461	0
461	
3;0;0;0.0;0.0
567	0
567	
108;0;0;31.0;28.0
672	0
672	
213;0;0;57.0;59.0
777	0
777	
318;0;0;66.0;69.0
882	0
882	
423;0;0;69.0;74.0
987	0
987	
528;0;0;71.0;75.0
1092	0
1092	
633;0;0;70.0;76.0
1197	0
1197	
738;0;0;69.0;74.0
1302	0
1302	
843;0;0;69.0;74.0
1407	0
1407	
948;0;0;70.0;75.0
1512	0
1512	
1053;0;0;70.0;74.0
1617	0
1617	
1158;0;0;70.0;74.0
1722	0
1722	
1263;0;0;69.0;73.0
1827	0
1827	
1368;0;0;69.0;73.0
1937	0
1937	
1473;0;0;69.0;74.0
2037	0
2037	
1578;0;0;70.0;74.0
2142	0
2142	
1683;0;0;70.0;74.0
2247	0
2247	
1788;0;0;68.0;73.0
2352	0
2352	
1893;0;0;68.0;74.0
2457	0
2457	
1999;0;0;69.0;74.0
2562	0
2562	
2103;0;0;69.0;74.0
2667	0
2667	
2208;0;0;71.0;73.0
2778	0
2778	
2313;0;0;68.0;73.0
2878	0
2878	
2418;0;0;69.0;73.0
2984	0
2984	
2523;0;0;68.0;74.0
3089	0
3089	
2630;0;0;72.0;75.0
3194	0
3194	
2735;0;0;68.0;73.0
3299	0
3299	
2840;0;0;69.0;73.0
3404	0
3404	
2945;0;0;69.0;75.0
3509	0
3509	
3050;0;0;69.0;73.0
3614	0
3614	
3155;0;0;70.0;74.0
3728	0
3728	
3266;0;0;69.0;72.0
3830	0
3830	
3371;0;0;68.0;74.0
3935	0
3935	
3476;0;0;68.0;74.0
4040	0
4040	
3581;0;0;69.0;73.0
4145	0
4145	
3686;0;0;70.0;73.0
4250	0
4250	
3791;0;0;68.0;72.0
4355	0
4355	
3896;0;0;69.0;73.0
4460	0
4460	
4002;0;0;68.0;74.0
4577	0
4577	
4106;0;0;69.0;72.0
4678	0
