milliseconds	Werte
5796	0
5796	
204;0;0;0.0;0.0
5899	0
5899	
307;0;0;6.0;9.0
6003	0
6003	
411;0;0;13.0;16.0
6107	0
6107	
514;0;0;15.0;18.0
6218	0
6218	
618;0;0;15.0;17.0
6315	0
6315	
722;0;0;16.0;17.0
6419	0
6419	
826;0;0;16.0;18.0
6523	0
6523	
930;0;0;16.0;17.0
6627	0
6627	
1034;0;0;15.0;18.0
6731	0
6731	
1138;0;0;16.0;17.0
6835	0
6835	
1242;0;0;15.0;18.0
6939	0
6939	
1346;0;0;16.0;17.0
7043	0
7043	
1450;0;0;16.0;18.0
7147	0
7147	
1554;0;0;16.0;17.0
7251	0
7251	
1658;0;0;15.0;18.0
7355	0
7355	
1762;0;0;16.0;17.0
7459	0
7459	
1866;0;0;16.0;17.0
7563	0
7563	
1970;0;0;15.0;18.0
7667	0
7667	
2074;0;0;16.0;17.0
7776	0
7776	
2178;0;0;16.0;18.0
7875	0
7875	
2282;0;0;15.0;17.0
7979	0
7979	
2386;0;0;16.0;17.0
8083	0
8083	
2490;0;0;15.0;18.0
8187	0
8187	
2594;0;0;16.0;17.0
8291	0
8291	
2698;0;0;15.0;18.0
8395	0
8395	
2802;0;0;16.0;17.0
8499	0
8499	
2906;0;0;15.0;17.0
8603	0
8603	
3010;0;0;16.0;18.0
8707	0
8707	
3114;0;0;16.0;17.0
8811	0
8811	
3218;0;0;15.0;17.0
8915	0
8915	
3322;0;0;16.0;18.0
9020	0
9020	
3426;0;0;16.0;17.0
9124	0
9124	
3530;0;0;15.0;18.0
9228	0
9228	
3634;0;0;16.0;17.0
9337	0
9337	
3738;0;0;16.0;18.0
9437	0
9437	
3845;0;0;32.0;17.0
9541	0
9541	
3948;0;0;15.0;35.0
9645	0
9645	
4052;0;0;16.0;17.0
9749	0
9749	
4156;0;0;15.0;17.0
9853	0
9853	
4260;0;0;16.0;18.0
9957	0
9957	
4364;0;0;16.0;17.0
10061	0
10061	
4468;0;0;15.0;17.0
10165	0
10165	
4572;0;0;16.0;18.0
10269	0
10269	
4676;0;0;15.0;17.0
10373	0
10373	
4780;0;0;16.0;18.0
10477	0
10477	
4884;0;0;15.0;17.0
10581	0
10581	
4988;0;0;15.0;17.0
10685	0
10685	
5092;0;0;16.0;18.0
10789	0
10789	
5196;0;0;15.0;17.0
10900	0
10900	
5300;0;0;16.0;18.0
10997	0
10997	
5404;0;0;16.0;17.0
11103	0
11103	
5508;0;0;15.0;17.0
11205	0
11205	
5612;0;0;16.0;18.0
11309	0
11309	
5716;0;0;15.0;17.0
11413	0
11413	
5820;0;0;16.0;17.0
11517	0
11517	
5924;0;0;16.0;18.0
11623	0
11623	
6028;0;0;15.0;17.0
11725	0
11725	
6132;0;0;16.0;17.0
11829	0
11829	
6236;0;0;16.0;18.0
11933	0
11933	
6340;0;0;15.0;17.0
12037	0
12037	
6444;0;0;15.0;17.0
12141	0
12141	
6548;0;0;16.0;18.0
12245	0
12245	
6652;0;0;16.0;17.0
12349	0
12349	
6756;0;0;16.0;18.0
12463	0
12463	
6864;0;0;15.0;17.0
12560	0
12560	
6967;0;0;16.0;18.0
12665	0
12665	
7071;0;0;15.0;17.0
12769	0
12769	
7175;0;0;16.0;17.0
12873	0
12873	
7279;0;0;16.0;18.0
12977	0
12977	
7383;0;0;15.0;18.0
13082	0
13082	
7490;0;0;31.0;17.0
13191	0
13191	
7593;0;0;16.0;35.0
13290	0
13290	
7697;0;0;16.0;18.0
13394	0
13394	
7801;0;0;16.0;17.0
13498	0
13498	
7905;0;0;15.0;17.0
13602	0
13602	
8009;0;0;15.0;18.0
13706	0
13706	
8113;0;0;16.0;17.0
13810	0
13810	
8217;0;0;16.0;17.0
13914	0
13914	
8321;0;0;16.0;18.0
14018	0
14018	
8425;0;0;15.0;17.0
14122	0
14122	
8529;0;0;16.0;17.0
14226	0
14226	
8633;0;0;15.0;18.0
14330	0
14330	
8737;0;0;16.0;17.0
14434	0
14434	
8841;0;0;15.0;17.0
14538	0
14538	
8945;0;0;16.0;18.0
14642	0
14642	
9049;0;0;16.0;17.0
14757	0
14757	
9157;0;0;15.0;18.0
14853	0
14853	
9260;0;0;16.0;17.0
14957	0
14957	
9364;0;0;15.0;17.0
15061	0
15061	
9468;0;0;16.0;18.0
15165	0
15165	
9572;0;0;15.0;17.0
15269	0
15269	
9676;0;0;16.0;17.0
15373	0
15373	
9780;0;0;15.0;18.0
15488	0
15488	
9884;0;0;15.0;17.0
15581	0
15581	
9988;0;0;16.0;17.0
15685	0
15685	
10092;0;0;16.0;17.0
15789	0
15789	
10196;0;0;15.0;18.0
15893	0
15893	
10300;0;0;16.0;17.0
15997	0
15997	
10404;0;0;15.0;18.0
16101	0
16101	
10508;0;0;16.0;17.0
16205	0
16205	
10612;0;0;16.0;18.0
16310	0
16310	
10716;0;0;16.0;17.0
16414	0
16414	
10820;0;0;16.0;17.0
16518	0
16518	
10924;0;0;15.0;18.0
16622	0
16622	
11028;0;0;16.0;18.0
16727	0
16727	
11135;0;0;32.0;17.0
16833	0
16833	
11238;0;0;15.0;35.0
16935	0
16935	
11342;0;0;16.0;18.0
17039	0
17039	
11446;0;0;16.0;17.0
17143	0
17143	
11550;0;0;15.0;17.0
17247	0
17247	
11654;0;0;15.0;18.0
17351	0
17351	
11758;0;0;16.0;17.0
17455	0
17455	
11862;0;0;16.0;17.0
17559	0
17559	
11966;0;0;15.0;18.0
17663	0
17663	
12070;0;0;15.0;17.0
17778	0
17778	
12181;0;0;16.0;17.0
17880	0
17880	
12284;0;0;16.0;18.0
17984	0
17984	
12388;0;0;15.0;17.0
18088	0
18088	
12492;0;0;16.0;17.0
18192	0
18192	
12596;0;0;15.0;18.0
18296	0
18296	
12700;0;0;15.0;17.0
18400	0
18400	
12804;0;0;16.0;17.0
18512	0
18512	
12908;0;0;15.0;18.0
18608	0
18608	
13012;0;0;16.0;17.0
18712	0
18712	
13116;0;0;16.0;17.0
18816	0
18816	
13220;0;0;15.0;18.0
18920	0
18920	
13324;0;0;15.0;17.0
19024	0
19024	
13428;0;0;16.0;17.0
19128	0
19128	
13532;0;0;16.0;18.0
19239	0
19239	
13636;0;0;15.0;17.0
19333	0
19333	
13740;0;0;16.0;17.0
19437	0
19437	
13844;0;0;16.0;18.0
19541	0
19541	
13948;0;0;15.0;17.0
19645	0
19645	
14052;0;0;16.0;17.0
19750	0
19750	
14156;0;0;15.0;18.0
19854	0
19854	
14260;0;0;16.0;17.0
19958	0
19958	
14364;0;0;16.0;18.0
20062	0
20062	
14468;0;0;15.0;17.0
20167	0
20167	
14575;0;0;32.0;18.0
20271	0
20271	
14678;0;0;15.0;35.0
20375	0
20375	
14782;0;0;16.0;17.0
20479	0
20479	
14886;0;0;16.0;17.0
20583	0
20583	
14990;0;0;15.0;18.0
20687	0
20687	
15094;0;0;16.0;17.0
20791	0
20791	
15198;0;0;15.0;17.0
20895	0
20895	
15302;0;0;16.0;18.0
20999	0
20999	
15406;0;0;16.0;17.0
21103	0
21103	
15510;0;0;15.0;17.0
21207	0
21207	
15614;0;0;15.0;17.0
21311	0
21311	
15718;0;0;16.0;18.0
21415	0
21415	
15822;0;0;16.0;18.0
21530	0
21530	
15926;0;0;16.0;17.0
21623	0
21623	
16030;0;0;15.0;17.0
21729	0
21729	
16134;0;0;16.0;18.0
21831	0
21831	
16238;0;0;15.0;17.0
21935	0
21935	
16342;0;0;16.0;17.0
22039	0
22039	
16446;0;0;15.0;17.0
22143	0
22143	
16550;0;0;16.0;18.0
22256	0
22256	
16654;0;0;16.0;17.0
22351	0
22351	
16758;0;0;15.0;17.0
22455	0
22455	
16862;0;0;15.0;18.0
22559	0
22559	
16966;0;0;16.0;17.0
22663	0
22663	
17070;0;0;15.0;17.0
22767	0
22767	
17174;0;0;16.0;17.0
22871	0
22871	
17278;0;0;16.0;18.0
22975	0
22975	
17382;0;0;16.0;17.0
23079	0
23079	
17486;0;0;15.0;17.0
2609	943010612
993016624	993080622
809185592	774897664
65451	690749699
24234	0
24234	
18638;0;0;16.0;17.0
24338	0
24338	
18742;0;0;15.0;17.0
24442	0
24442	
18846;0;0;16.0;17.0
24553	0
24553	
18950;0;0;16.0;18.0
24650	0
24650	
19054;0;0;15.0;17.0
24754	0
24754	
19158;0;0;15.0;17.0
24858	0
24858	
19262;0;0;16.0;18.0
24962	0
24962	
19366;0;0;16.0;17.0
25066	0
