milliseconds	Werte
13117	0
13117	
204;0;0;0.0;0.0
13221	0
13221	
307;0;0;1.0;4.0
13324	0
13324	
410;0;0;5.0;7.0
13427	0
13427	
513;0;0;5.0;8.0
13530	0
13530	
616;0;0;5.0;7.0
13633	0
13633	
719;0;0;6.0;8.0
13736	0
13736	
822;0;0;6.0;7.0
13839	0
13839	
925;0;0;5.0;8.0
13942	0
13942	
1028;0;0;6.0;8.0
14045	0
14045	
1131;0;0;5.0;7.0
14154	0
14154	
1234;0;0;6.0;8.0
14251	0
14251	
1338;0;0;6.0;8.0
14354	0
14354	
1441;0;0;5.0;7.0
14457	0
14457	
1544;0;0;4.0;8.0
14560	0
14560	
1647;0;0;6.0;7.0
14663	0
14663	
1750;0;0;5.0;8.0
14766	0
14766	
1853;0;0;5.0;8.0
14869	0
14869	
1956;0;0;6.0;7.0
14981	0
14981	
2065;0;0;5.0;8.0
15081	0
15081	
2168;0;0;5.0;7.0
15184	0
15184	
2271;0;0;6.0;8.0
15287	0
15287	
2374;0;0;6.0;7.0
15390	0
15390	
2477;0;0;5.0;8.0
15493	0
15493	
2580;0;0;6.0;7.0
15596	0
15596	
2683;0;0;6.0;8.0
15699	0
15699	
2786;0;0;5.0;7.0
15802	0
15802	
2889;0;0;6.0;7.0
15905	0
15905	
2992;0;0;5.0;8.0
16008	0
16008	
3095;0;0;6.0;7.0
16111	0
16111	
3198;0;0;5.0;8.0
16214	0
16214	
3301;0;0;5.0;7.0
16318	0
16318	
3404;0;0;5.0;8.0
16420	0
16420	
3507;0;0;5.0;8.0
16529	0
16529	
3610;0;0;6.0;7.0
16626	0
16626	
3713;0;0;5.0;8.0
16729	0
16729	
3816;0;0;5.0;7.0
16832	0
16832	
3919;0;0;5.0;7.0
16935	0
16935	
4022;0;0;6.0;8.0
17038	0
17038	
4125;0;0;5.0;7.0
17141	0
17141	
4228;0;0;5.0;8.0
17244	0
17244	
4331;0;0;6.0;7.0
17358	0
17358	
4438;0;0;5.0;8.0
17456	0
17456	
4541;0;0;6.0;7.0
17559	0
17559	
4644;0;0;5.0;8.0
17662	0
17662	
4747;0;0;5.0;8.0
17765	0
17765	
4852;0;0;11.0;7.0
17869	0
17869	
4955;0;0;4.0;15.0
17971	0
17971	
5058;0;0;5.0;8.0
18075	0
18075	
5161;0;0;5.0;7.0
18177	0
18177	
5264;0;0;6.0;8.0
18280	0
18280	
5367;0;0;6.0;7.0
18386	0
18386	
5470;0;0;4.0;7.0
18486	0
18486	
5573;0;0;6.0;8.0
18589	0
18589	
5676;0;0;5.0;7.0
18692	0
18692	
5779;0;0;6.0;8.0
18795	0
18795	
5882;0;0;5.0;7.0
18909	0
18909	
5985;0;0;6.0;8.0
19001	0
19001	
6088;0;0;5.0;7.0
19104	0
19104	
6191;0;0;5.0;8.0
19207	0
19207	
6294;0;0;6.0;8.0
19310	0
19310	
6397;0;0;5.0;7.0
19413	0
19413	
6500;0;0;6.0;8.0
19516	0
19516	
6603;0;0;5.0;7.0
19619	0
19619	
6706;0;0;4.0;7.0
19730	0
19730	
6809;0;0;6.0;8.0
19825	0
19825	
6912;0;0;5.0;7.0
19928	0
19928	
7015;0;0;5.0;8.0
20031	0
20031	
7118;0;0;6.0;7.0
20134	0
20134	
7221;0;0;5.0;8.0
20237	0
20237	
7324;0;0;5.0;7.0
20341	0
20341	
7427;0;0;6.0;7.0
20443	0
20443	
7530;0;0;5.0;8.0
20555	0
20555	
7639;0;0;6.0;7.0
20655	0
20655	
7742;0;0;5.0;8.0
20758	0
20758	
7845;0;0;6.0;7.0
20861	0
20861	
7948;0;0;5.0;7.0
20964	0
20964	
8051;0;0;5.0;8.0
21067	0
21067	
8154;0;0;6.0;7.0
21170	0
21170	
8257;0;0;5.0;8.0
21274	0
21274	
8360;0;0;5.0;7.0
21376	0
21376	
8463;0;0;4.0;8.0
21479	0
21479	
8566;0;0;6.0;7.0
21582	0
21582	
8669;0;0;5.0;7.0
21685	0
21685	
8772;0;0;5.0;8.0
21788	0
21788	
8875;0;0;5.0;7.0
21891	0
21891	
8978;0;0;6.0;8.0
21994	0
21994	
9081;0;0;5.0;7.0
22104	0
22104	
9184;0;0;5.0;7.0
22200	0
22200	
9287;0;0;6.0;8.0
22303	0
22303	
9390;0;0;5.0;7.0
22408	0
22408	
9493;0;0;6.0;8.0
22511	0
22511	
9596;0;0;6.0;8.0
22614	0
22614	
9699;0;0;5.0;7.0
22717	0
22717	
9802;0;0;5.0;7.0
22820	0
22820	
9907;0;0;12.0;8.0
22931	0
22931	
10010;0;0;4.0;15.0
23028	0
23028	
10114;0;0;5.0;7.0
23131	0
23131	
10217;0;0;5.0;8.0
23234	0
23234	
10320;0;0;5.0;7.0
23337	0
23337	
10423;0;0;6.0;7.0
23440	0
23440	
10526;0;0;5.0;8.0
23543	0
23543	
10629;0;0;5.0;7.0
23646	0
23646	
10732;0;0;5.0;8.0
23749	0
23749	
10835;0;0;5.0;7.0
23852	0
23852	
10938;0;0;6.0;8.0
23955	0
23955	
11041;0;0;5.0;7.0
24058	0
24058	
11144;0;0;5.0;8.0
24161	0
24161	
11247;0;0;5.0;7.0
24264	0
24264	
11350;0;0;6.0;8.0
24367	0
24367	
11453;0;0;5.0;7.0
24473	0
24473	
11556;0;0;5.0;7.0
24573	0
24573	
11659;0;0;6.0;8.0
24676	0
24676	
11762;0;0;5.0;7.0
24779	0
24779	
11865;0;0;4.0;8.0
24882	0
24882	
11968;0;0;5.0;7.0
24985	0
24985	
12071;0;0;5.0;8.0
25088	0
25088	
12174;0;0;5.0;7.0
25193	0
25193	
12277;0;0;6.0;7.0
25302	0
25302	
12384;0;0;5.0;8.0
25401	0
25401	
12487;0;0;5.0;7.0
25504	0
25504	
12590;0;0;5.0;7.0
25607	0
25607	
12693;0;0;6.0;8.0
25710	0
25710	
12796;0;0;5.0;7.0
25813	0
25813	
12899;0;0;5.0;7.0
25916	0
25916	
13002;0;0;6.0;8.0
26019	0
26019	
13105;0;0;5.0;7.0
26122	0
26122	
13208;0;0;6.0;8.0
26225	0
26225	
13311;0;0;5.0;7.0
26328	0
26328	
13414;0;0;5.0;8.0
26431	0
26431	
13517;0;0;6.0;7.0
26534	0
26534	
13620;0;0;4.0;7.0
26637	0
26637	
13723;0;0;5.0;8.0
26740	0
26740	
13826;0;0;5.0;7.0
26848	0
26848	
13929;0;0;6.0;8.0
26946	0
26946	
14032;0;0;5.0;7.0
27049	0
27049	
14135;0;0;5.0;8.0
27152	0
27152	
14238;0;0;6.0;7.0
27255	0
27255	
14341;0;0;5.0;7.0
27358	0
27358	
14444;0;0;5.0;8.0
27462	0
27462	
14547;0;0;6.0;7.0
27565	0
27565	
14650;0;0;5.0;8.0
27668	0
27668	
14753;0;0;5.0;7.0
27771	0
27771	
14856;0;0;6.0;8.0
27874	0
27874	
14961;0;0;11.0;7.0
27978	0
27978	
15064;0;0;5.0;15.0
28081	0
28081	
15167;0;0;5.0;7.0
28184	0
28184	
15270;0;0;5.0;7.0
28287	0
28287	
15373;0;0;4.0;8.0
28396	0
28396	
15476;0;0;5.0;7.0
28493	0
28493	
15579;0;0;6.0;8.0
28596	0
28596	
15682;0;0;5.0;7.0
28699	0
28699	
15785;0;0;5.0;8.0
28802	0
28802	
15888;0;0;5.0;7.0
28905	0
28905	
15991;0;0;6.0;8.0
29008	0
29008	
16094;0;0;5.0;7.0
29111	0
29111	
16197;0;0;5.0;8.0
29214	0
29214	
16300;0;0;6.0;7.0
29317	0
29317	
16403;0;0;6.0;7.0
29420	0
29420	
16506;0;0;5.0;8.0
29523	0
29523	
16609;0;0;5.0;7.0
29626	0
29626	
16712;0;0;6.0;8.0
29729	0
29729	
16815;0;0;5.0;7.0
29832	0
29832	
16918;0.0
30965	0
30965	
18051;0;0;5.0;7.0
31068	0
31068	
18154;0;0;5.0;8.0
31171	0
31171	
18257;0;0;5.0;7.0
31274	0
31274	
18360;0;0;5.0;8.0
31377	0
31377	
18463;0;0;6.0;7.0
