0.82
0.82
0.83
0.82
0.83
1.05
0.83
0.82
0.82
0.83
0.83
0.82
0.81
0.86
0.81
0.66
0.54
0.76
1.54
1.52
1.71
1.52
1.51
1.49
1.51
1.52
1.51
1.51
1.54
1.51
1.51
1.49
1.49
1.49
1.51
1.81
0.78
0.77
0.77
0.77
0.77
0.77
0.77
0.79
0.77
0.77
0.77
0.77
0.77
0.77
1.03
0.78
0.79
0.77
0.77
0.77
0.77
0.77
1.02
0.79
0.77
0.77
0.77
0.77
0.77
0.77
1.04
0.79
0.78
0.77
0.77
0.77
0.77
0.77
0.71
1.12
0.78
0.77
0.77
0.77
0.77
0.77
0.72
1.12
0.77
0.77
0.77
0.77
0.77
0.77
0.76
1.07
0.77
0.77
0.77
0.77
0.77
0.77
0.77
0.77
0.77
0.77
