0.38
0.42
0.38
0.38
0.38
0.38
0.32
0.39
0.38
0.38
0.38
0.38
0.36
0.44
0.44
0.48
0.47
0.44
0.44
0.42
0.38
0.38
0.32
0.39
0.36
0.36
0.36
0.36
0.46
0.42
0.50
0.94
0.36
0.36
0.36
0.36
0.36
0.36
0.31
0.36
0.36
0.36
0.36
0.36
0.43
0.37
0.36
0.42
0.92
0.86
0.91
0.98
0.98
1.00
1.02
1.02
1.02
1.03
1.02
1.02
0.98
1.02
1.02
1.02
1.02
1.02
1.16
1.05
1.04
1.04
0.94
0.38
0.37
0.37
0.36
0.36
0.36
0.36
0.36
0.36
0.36
0.36
0.43
0.36
0.36
0.36
0.36
0.39
0.37
0.36
0.36
0.36
0.36
0.36
0.36
0.36
0.36
0.36
0.36
0.36
0.37
0.36
0.36
0.29
0.37
0.36
0.36
0.36
0.35
0.49
0.36
0.36
0.36
0.36
0.36
0.36
0.36
0.36
0.36
0.36
0.36
0.36
0.36
0.36
0.31
0.37
0.36
0.36
0.36
0.36
0.46
0.37
