0.32
0.32
0.34
0.32
0.34
0.34
0.41
0.32
0.32
0.32
0.32
0.39
0.32
0.34
0.34
0.34
0.34
0.34
0.34
0.32
0.34
0.43
0.32
0.32
0.50
0.50
0.72
0.58
0.54
0.50
0.48
0.46
0.46
0.44
0.45
0.45
0.55
0.44
0.54
0.98
0.68
0.93
0.70
0.32
0.32
0.32
0.32
0.32
0.32
0.32
0.31
0.32
0.32
0.32
0.32
0.25
0.33
0.32
0.32
0.32
0.32
0.32
0.32
0.32
0.32
0.39
0.32
0.32
0.32
0.32
0.43
0.32
0.32
0.32
0.32
0.32
0.32
0.32
0.32
0.31
0.32
0.32
0.32
0.32
0.31
0.34
0.32
0.32
0.32
0.32
0.32
0.32
0.32
0.32
0.25
0.32
0.32
0.32
0.32
0.25
0.33
0.32
0.32
0.32
0.32
0.32
0.32
0.32
0.32
0.32
0.32
0.32
0.32
0.32
0.37
0.32
0.32
0.32
