0.46
0.46
0.46
0.45
0.58
0.46
0.46
0.46
0.45
0.39
0.46
0.46
0.46
0.46
0.48
0.42
0.43
0.42
0.42
0.42
0.41
0.42
0.42
0.42
0.42
0.42
0.48
0.42
0.44
0.43
0.44
0.43
0.57
0.44
0.43
0.44
0.44
0.46
0.51
0.44
0.44
0.44
0.44
0.43
0.44
0.44
0.44
0.44
0.38
0.44
0.44
0.44
0.44
0.44
0.49
0.44
0.44
0.44
0.44
0.44
0.56
0.43
0.44
0.44
0.44
0.43
0.44
0.44
0.44
0.44
0.44
0.44
0.44
0.44
0.44
0.44
0.39
0.45
0.44
0.44
0.44
0.43
0.49
0.44
0.44
0.44
0.44
0.44
0.44
0.44
0.44
0.44
0.43
0.44
0.43
0.44
0.44
0.44
0.43
0.56
0.44
