0.15
0.15
0.15
0.13
0.13
0.15
0.13
0.15
0.15
0.38
0.15
0.15
0.15
0.13
0.15
0.39
0.15
0.15
0.13
0.94
2.07
2.71
2.40
2.54
2.39
2.21
1.75
2.00
2.00
2.00
2.07
2.05
2.11
2.09
2.01
2.11
2.00
2.26
0.61
0.48
0.23
0.15
0.15
0.12
0.15
0.14
0.24
0.14
0.12
0.15
0.14
0.12
0.30
0.15
0.14
0.14
0.14
0.15
0.15
0.14
0.14
0.12
0.12
0.13
0.12
0.14
0.14
0.14
0.06
0.12
0.12
0.14
0.15
0.12
0.21
0.17
0.15
0.12
0.14
0.14
0.30
0.13
0.12
0.15
0.14
0.13
0.14
0.12
0.12
0.14
0.12
0.12
0.12
0.13
0.12
0.14
0.14
0.30
0.13
0.13
0.12
0.15
0.20
0.15
0.15
0.14
0.15
