0.52
0.52
0.52
0.57
0.52
0.52
0.52
0.52
0.52
0.52
0.53
0.52
0.52
0.52
0.52
0.52
0.52
0.52
0.52
0.52
0.45
0.52
0.52
0.54
0.60
0.70
0.39
0.27
0.30
0.36
0.42
0.44
0.53
0.48
0.46
0.50
0.45
0.50
0.74
0.50
0.54
0.84
0.60
0.46
0.52
0.53
1.23
0.50
0.49
0.50
0.58
0.50
0.50
0.50
0.50
0.50
0.58
0.51
0.49
0.50
0.50
0.50
0.60
0.50
0.50
0.50
0.50
0.50
0.50
0.50
0.50
0.50
0.50
0.50
0.50
0.50
0.50
0.50
0.50
0.50
0.50
0.50
0.50
0.50
0.50
0.50
0.58
0.50
0.50
0.49
0.50
0.50
0.58
0.50
0.50
0.50
0.49
0.50
0.50
0.50
0.50
0.50
0.49
0.50
0.50
0.50
0.50
0.50
0.50
0.49
0.50
0.50
0.50
0.50
0.50
0.47
0.62
0.50
0.50
0.50
0.50
0.47
0.62
