1.01
0.86
0.86
0.86
0.86
0.86
0.87
0.81
0.86
0.86
0.86
0.86
0.86
0.86
0.86
1.00
0.86
0.86
0.88
1.24
1.66
1.33
1.19
1.20
1.24
1.22
1.20
1.22
1.21
1.20
1.40
1.16
1.16
1.16
1.25
1.16
1.10
0.82
0.82
0.80
0.82
0.82
0.82
0.82
0.82
0.78
0.83
0.80
0.82
0.80
0.83
0.82
0.80
0.83
0.82
0.82
0.80
0.82
0.82
0.80
0.82
0.82
0.80
0.82
0.82
0.82
0.82
0.82
0.80
0.83
0.83
0.83
0.83
0.83
0.82
0.82
0.82
0.83
0.83
0.80
0.83
0.82
0.82
0.83
0.81
0.81
0.82
0.81
0.80
0.82
0.80
0.83
0.83
0.82
0.82
0.82
0.82
0.80
0.82
0.82
0.82
0.81
0.83
0.82
0.82
0.84
0.82
0.83
0.80
0.83
0.83
0.82
0.82
0.83
0.83
0.82
0.81
0.84
0.80
0.81
0.82
0.80
0.83
0.82
0.82
0.83
0.81
0.82
0.82
0.83
0.82
0.83
0.84
0.83
0.83
0.80
0.82
0.81
0.83
0.80
0.84
0.83
