0.72
0.73
0.72
0.73
0.72
0.73
0.72
0.73
0.72
0.72
0.72
0.70
0.72
0.72
0.72
1.43
1.62
1.53
1.38
1.24
1.18
1.20
1.04
1.08
1.22
1.20
1.22
1.24
1.16
1.30
1.25
1.14
1.12
1.19
1.23
1.18
1.16
1.13
1.27
1.16
1.21
1.24
0.66
0.68
0.68
0.68
0.68
0.63
0.70
0.68
0.69
0.68
0.68
0.63
0.70
0.69
0.68
0.68
0.68
0.68
0.70
0.69
0.68
0.70
0.68
0.68
0.68
0.69
0.68
0.68
0.68
0.68
0.69
0.68
0.68
0.68
0.68
0.64
0.68
0.70
0.68
0.68
0.68
0.64
0.75
0.69
0.68
0.68
0.68
0.64
0.86
0.69
0.68
0.68
0.68
0.69
0.68
0.69
0.68
0.68
0.68
0.68
0.68
0.68
0.68
0.68
0.69
0.63
0.68
0.68
0.68
0.68
0.68
0.65
0.70
0.68
0.68
0.68
