0.18
0.16
0.18
0.16
0.16
0.18
0.19
0.16
0.31
0.16
0.19
0.18
0.14
0.30
1.98
1.77
1.94
1.71
1.56
1.43
1.24
1.10
0.98
1.01
0.92
1.10
1.10
1.10
1.30
1.25
1.40
1.70
2.01
1.41
0.66
0.19
0.16
0.16
0.18
0.16
0.18
0.16
0.17
0.16
0.35
0.19
0.16
0.16
0.17
0.31
0.17
0.17
0.18
0.17
0.16
0.18
0.16
0.19
0.17
0.27
0.16
0.17
0.18
0.16
0.27
0.17
0.17
0.16
0.16
0.16
0.16
0.16
0.16
0.18
0.10
0.16
0.17
0.16
0.16
0.16
0.18
0.18
0.16
0.17
0.17
0.17
0.17
0.16
0.17
0.16
0.17
0.16
0.17
0.17
0.16
0.31
0.17
0.16
0.16
0.16
0.27
0.17
0.16
0.16
0.16
0.16
0.16
