0.27
0.30
0.28
0.30
0.30
0.28
0.30
0.34
0.28
0.30
0.30
0.30
0.22
0.31
0.28
0.28
0.26
0.36
0.32
0.32
0.32
0.34
0.31
0.32
0.32
0.30
0.30
0.30
0.35
0.30
0.30
0.30
0.30
0.30
0.31
0.30
0.32
0.30
0.32
0.30
0.32
0.52
0.28
0.28
0.40
0.28
0.28
0.28
0.28
0.33
0.28
0.28
0.28
0.28
0.28
0.28
0.28
0.28
0.28
0.28
0.28
0.28
0.28
0.28
0.28
0.39
0.28
0.28
0.28
0.28
0.22
0.29
0.28
0.28
0.28
0.28
0.28
0.28
0.28
0.28
0.28
0.28
0.28
0.28
0.28
0.28
0.22
0.29
0.28
0.28
0.28
0.28
0.42
0.28
0.28
0.28
0.28
0.28
0.28
0.28
0.28
0.28
0.22
0.28
0.28
0.28
0.28
0.28
0.41
0.28
0.28
0.28
0.28
0.28
0.29
0.28
0.28
0.28
0.28
0.28
0.28
