0.38
0.38
0.42
0.38
0.38
0.38
0.38
0.35
0.40
0.38
0.38
0.38
0.38
0.38
0.39
0.38
0.38
0.38
0.42
0.44
0.38
0.36
0.37
0.36
0.46
0.36
0.36
0.36
0.34
0.39
0.35
0.34
0.34
0.34
0.34
0.34
0.34
0.34
0.34
0.38
0.38
0.38
0.38
0.38
0.38
0.42
0.39
0.38
0.38
0.38
0.32
0.39
0.38
0.38
0.38
0.38
0.38
0.38
0.38
0.38
0.38
0.38
0.38
0.38
0.38
0.38
0.37
0.50
0.38
0.38
0.38
0.38
0.42
0.39
0.38
0.38
0.39
0.38
0.38
0.38
0.38
0.38
0.38
0.38
0.38
0.38
0.38
0.38
0.42
0.39
0.38
0.38
0.38
0.38
0.40
0.38
0.38
0.38
0.38
0.38
0.38
0.38
0.38
