0.31
0.31
0.30
0.30
0.30
0.30
0.30
0.32
0.30
0.32
0.30
0.32
0.32
0.32
0.89
1.51
1.21
1.56
1.52
1.20
0.90
0.72
0.56
0.55
0.49
0.49
0.50
0.48
0.52
0.54
0.51
0.63
0.72
0.70
0.62
0.30
0.32
0.30
0.30
0.30
0.30
0.30
0.30
0.30
0.30
0.29
0.31
0.30
0.30
0.30
0.30
0.41
0.30
0.30
0.30
0.30
0.30
0.30
0.30
0.30
0.30
0.30
0.30
0.30
0.30
0.30
0.35
0.30
0.30
0.30
0.30
0.30
0.30
0.30
0.30
0.30
0.30
0.30
0.30
0.30
0.30
0.33
0.30
0.30
0.30
0.30
0.30
0.31
0.30
0.30
0.30
0.30
0.30
0.30
0.30
0.30
0.31
0.30
0.30
0.29
0.30
0.23
