0.34
0.34
0.34
0.34
0.34
0.35
0.34
0.34
0.44
0.34
0.34
0.34
0.34
0.46
0.34
0.36
0.48
0.46
0.37
0.42
0.38
0.36
0.31
0.34
0.34
0.36
0.42
0.36
0.45
0.40
0.40
0.41
0.40
0.40
0.40
0.40
0.38
0.35
0.46
0.62
0.34
0.34
0.31
0.57
0.60
0.68
0.74
0.72
0.72
0.74
0.40
0.32
0.32
0.34
0.32
0.32
0.34
0.36
0.35
0.34
0.34
0.32
0.32
0.33
0.32
0.32
0.34
0.34
0.34
0.34
0.34
0.32
0.39
0.32
0.34
0.32
0.32
0.32
0.32
0.34
0.34
0.34
0.32
0.32
0.32
0.32
0.32
0.34
0.32
0.32
0.32
0.32
0.34
0.32
0.34
0.32
0.32
0.32
0.32
0.32
0.32
0.27
0.33
0.32
0.32
0.34
0.32
0.35
0.32
0.34
