1.20
1.20
1.20
1.19
1.20
1.20
1.20
1.20
1.19
1.20
1.20
1.20
1.20
1.20
1.20
1.19
1.20
1.20
1.18
1.18
1.38
1.20
1.05
0.99
0.98
0.94
0.92
0.92
1.09
0.93
0.90
0.90
0.90
0.88
0.99
1.09
1.23
1.10
1.09
1.08
1.09
1.09
1.09
1.09
1.05
1.28
1.09
1.09
1.09
1.08
1.08
1.09
1.08
1.27
1.08
1.08
1.08
1.08
1.08
1.08
1.08
1.08
1.09
1.08
1.08
1.08
1.08
1.09
1.08
1.09
1.09
1.09
1.09
1.09
1.09
1.09
1.09
1.08
1.09
1.09
1.08
1.09
1.08
1.09
1.09
1.08
1.08
1.08
1.29
1.09
1.09
1.08
1.08
1.08
1.08
1.08
1.26
1.09
1.09
1.08
1.08
1.08
1.08
1.08
1.04
1.29
1.09
1.08
1.09
1.08
1.09
1.09
1.06
1.28
1.09
1.08
1.09
1.09
1.08
1.08
1.08
1.23
1.08
1.09
1.08
