0.14
0.20
0.15
0.14
0.12
0.10
0.10
1.69
1.26
0.68
0.30
0.24
0.22
0.20
0.22
0.22
0.22
0.23
0.36
0.28
1.64
0.10
0.14
0.20
0.15
0.14
0.14
0.15
0.14
0.14
0.15
0.14
0.14
0.14
0.14
0.14
0.15
0.14
0.14
0.08
0.15
0.14
0.12
0.24
0.20
0.38
0.29
0.26
0.32
0.32
0.34
0.32
0.30
0.32
0.38
0.76
1.21
1.17
0.76
0.78
1.19
0.08
0.15
0.14
0.14
0.16
0.14
0.22
0.15
0.14
0.14
0.16
0.14
0.14
0.15
0.14
0.14
0.14
0.14
0.14
0.15
0.17
0.14
0.09
0.15
0.14
0.15
0.14
0.14
0.22
0.15
0.14
0.14
0.15
0.15
0.14
0.15
0.14
0.14
0.14
0.15
0.12
0.12
0.14
0.14
0.08
0.15
0.14
0.14
0.15
0.14
0.23
0.15
0.14
0.14
0.15
0.15
