0.26
0.39
0.26
0.26
0.26
0.26
0.28
0.26
0.26
0.26
0.26
0.26
0.26
0.22
0.24
0.32
0.33
0.30
0.28
0.24
0.20
0.27
0.26
0.26
0.26
0.26
0.27
0.26
0.26
0.26
0.32
0.26
0.26
0.26
0.26
0.35
0.26
0.25
0.24
0.40
0.26
0.26
0.24
0.26
0.26
0.39
0.26
0.26
0.26
0.24
0.61
0.26
0.26
0.26
0.26
0.26
0.26
0.24
0.24
0.20
0.26
0.26
0.24
0.24
0.20
0.27
0.26
0.26
0.24
0.26
0.24
0.26
0.26
0.26
0.31
0.26
0.24
0.24
0.26
0.31
0.24
0.26
0.24
0.26
0.26
0.26
0.24
0.26
0.24
0.26
0.26
0.26
0.26
0.24
0.35
0.26
0.24
0.24
0.26
0.26
0.26
0.26
0.24
