0.36
0.36
0.36
0.36
0.36
0.36
0.36
0.36
0.31
0.36
0.36
0.36
0.36
0.36
0.46
0.36
0.36
0.36
0.36
0.36
0.37
0.36
0.44
0.58
0.42
0.41
0.42
0.39
0.38
0.38
0.46
0.38
0.40
0.40
0.42
0.35
0.43
0.44
0.44
0.44
0.44
0.46
0.46
0.46
0.46
0.46
0.65
0.36
0.36
0.36
0.36
0.40
0.37
0.36
0.36
0.36
0.36
0.58
0.37
0.37
0.37
0.36
0.36
0.36
0.36
0.36
0.36
0.49
0.36
0.36
0.36
0.36
0.49
0.36
0.36
0.36
0.36
0.36
0.36
0.36
0.36
0.35
0.36
0.36
0.36
0.36
0.31
0.37
0.36
0.36
0.38
0.36
0.36
0.37
0.36
0.36
0.31
0.36
0.36
0.36
0.36
0.29
0.37
0.36
0.36
0.36
0.36
0.36
0.36
0.36
0.36
0.36
0.36
0.36
0.36
0.36
0.43
0.37
0.36
0.36
0.36
0.36
0.37
0.36
0.36
0.36
0.36
0.36
0.36
0.36
