0.45
0.40
0.40
0.40
0.40
0.40
0.52
0.40
0.40
0.40
0.40
0.40
0.41
0.40
0.40
0.42
0.40
0.48
0.54
0.52
0.44
0.40
0.43
0.38
0.36
0.38
0.38
0.35
0.40
0.42
0.40
0.42
0.90
0.40
0.41
0.40
0.40
0.44
0.82
2.70
2.68
2.66
2.62
2.62
2.24
0.38
0.38
0.38
0.40
0.35
0.40
0.39
0.38
0.38
0.38
0.38
0.39
0.38
0.38
0.38
0.38
0.38
0.38
0.38
0.38
0.38
0.51
0.38
0.38
0.38
0.40
0.42
0.39
0.38
0.38
0.38
0.38
0.40
0.40
0.38
0.38
0.38
0.38
0.38
0.38
0.38
0.38
0.32
0.41
0.38
0.38
0.38
0.38
0.46
0.38
0.38
0.38
0.38
0.38
0.38
0.38
0.38
0.38
0.39
0.38
0.38
0.38
0.38
0.38
0.43
0.38
0.38
0.40
0.38
0.38
0.42
0.38
0.38
0.38
0.38
0.38
0.38
0.38
