0.24
0.22
0.24
0.22
0.22
0.24
0.24
0.22
0.24
0.24
0.27
0.22
0.24
0.22
0.24
0.22
0.24
0.39
1.24
0.76
0.48
0.40
0.32
0.32
0.52
0.55
0.60
0.56
0.20
0.24
0.22
0.23
0.24
0.24
0.24
0.22
0.24
0.22
0.24
0.22
0.22
0.31
0.24
0.24
0.22
0.24
0.26
0.22
0.22
0.24
0.22
0.22
0.22
0.22
0.22
0.22
0.16
0.22
0.22
0.22
0.22
0.22
0.33
0.22
0.22
0.22
0.22
0.22
0.22
0.22
0.22
0.22
0.22
0.22
0.22
0.22
0.24
0.16
0.23
0.22
0.22
0.22
0.16
0.23
0.22
0.22
0.22
0.22
0.22
0.22
0.22
0.22
0.22
0.22
0.22
0.22
0.22
0.22
0.24
0.23
0.22
0.22
0.22
0.22
