0.42
0.35
0.42
0.42
0.42
0.42
0.42
0.54
0.43
0.42
0.42
0.42
0.42
0.45
0.48
0.44
0.40
0.40
0.40
0.40
0.40
0.40
0.40
0.34
0.40
0.43
0.40
0.40
0.42
0.48
0.43
0.42
0.42
0.42
0.42
0.43
0.43
0.42
0.42
0.42
0.43
0.42
0.43
0.42
0.42
0.35
0.43
0.42
0.42
0.42
0.42
0.53
0.43
0.42
0.43
0.42
0.42
0.43
0.42
0.42
0.42
0.42
0.42
0.42
0.42
0.42
0.42
0.47
0.42
0.42
0.42
0.42
0.41
0.54
0.43
0.42
0.42
0.42
0.40
0.43
0.42
0.40
0.42
0.42
0.42
0.42
0.42
0.42
0.42
0.47
0.42
0.42
0.42
0.42
0.36
0.43
0.42
0.42
0.42
0.42
0.42
