0.39
0.30
0.31
0.31
0.32
0.30
0.31
0.31
0.31
0.30
0.31
0.31
0.31
0.31
0.31
0.31
0.31
0.24
0.31
0.34
0.31
0.31
0.33
0.34
0.31
0.31
0.31
0.31
0.31
0.31
0.31
0.31
0.32
0.31
0.31
0.31
0.25
0.31
0.34
0.31
0.31
0.31
0.41
0.30
0.32
0.31
0.31
0.31
0.31
0.31
0.31
0.31
0.30
0.31
0.31
0.27
0.31
0.33
0.31
0.31
0.30
0.40
0.31
0.32
0.31
0.31
0.31
0.31
0.30
0.31
0.32
0.31
0.31
0.31
0.31
0.31
0.27
0.31
0.31
0.31
0.35
0.31
0.41
0.30
0.30
0.30
0.31
0.31
0.31
0.30
0.31
0.31
0.31
0.31
0.31
0.30
0.31
0.31
0.31
0.33
0.30
0.35
0.30
0.31
0.31
0.31
0.30
0.31
0.31
0.31
0.31
0.30
0.31
