0.34
0.39
0.35
0.35
0.35
0.35
0.35
0.36
0.35
0.35
0.35
0.35
0.33
0.35
0.35
0.35
0.35
0.33
0.33
0.35
0.37
0.33
0.35
0.35
0.35
0.35
0.36
0.34
0.35
0.35
0.35
0.35
0.35
0.35
0.35
0.35
0.35
0.35
0.35
0.33
0.35
0.35
0.35
0.35
0.35
0.43
0.33
0.35
0.35
0.35
0.32
0.33
0.33
0.33
0.33
0.33
0.33
0.35
0.35
0.35
0.35
0.35
0.35
0.35
0.38
0.35
0.35
0.35
0.33
0.33
0.35
0.32
0.32
0.33
0.33
0.33
0.33
0.33
0.33
0.35
0.35
0.33
0.33
0.27
0.33
0.33
0.33
0.32
0.35
0.43
0.35
0.33
0.35
0.33
0.33
0.33
0.32
0.33
0.33
0.33
0.33
0.33
0.31
0.33
0.35
0.32
0.33
0.33
0.39
0.35
0.33
0.33
0.33
0.33
0.33
0.33
0.33
0.33
0.33
0.33
0.33
0.33
0.32
0.34
0.33
0.33
0.33
0.36
0.33
0.33
0.33
0.33
0.33
0.36
