1.03
0.99
1.03
1.03
1.03
1.03
1.03
1.07
1.03
1.03
1.03
1.03
1.03
1.07
1.03
1.03
1.03
1.03
1.03
1.09
1.03
1.11
1.03
1.03
1.03
1.12
1.02
1.05
1.03
1.03
1.03
1.04
1.03
1.03
1.02
1.02
1.00
1.00
1.00
1.01
1.00
1.00
1.00
0.98
0.98
0.99
0.98
0.98
0.98
0.98
0.99
0.99
0.98
0.99
0.98
0.98
0.98
0.99
0.98
0.99
0.98
0.98
0.99
0.99
0.98
0.98
0.98
0.98
0.98
0.98
0.98
0.99
0.98
0.98
0.98
0.99
0.98
0.99
0.98
0.98
0.98
0.98
0.98
0.98
0.98
0.98
0.98
0.98
0.98
0.98
0.95
0.98
0.98
0.98
0.98
0.99
0.94
0.98
0.98
0.98
0.98
0.98
1.02
0.98
1.05
0.98
0.98
0.98
1.07
0.98
1.07
0.98
0.98
0.98
1.08
0.98
1.00
0.98
0.98
0.98
0.98
0.98
0.99
0.98
0.98
0.98
0.99
0.98
0.99
0.98
0.98
0.98
0.98
0.98
0.99
0.98
0.99
0.98
0.98
0.98
