0.40
0.45
0.47
0.45
0.45
0.45
0.52
0.44
0.46
0.45
0.45
0.45
0.45
0.45
0.45
0.45
0.45
0.45
0.45
0.45
0.45
0.45
0.45
0.45
0.45
0.40
0.45
0.47
0.43
0.45
0.43
0.51
0.43
0.43
0.43
0.43
0.43
0.43
0.43
0.43
0.45
0.45
0.43
0.45
0.45
0.45
0.45
0.45
0.43
0.45
0.45
0.45
0.52
0.43
0.45
0.43
0.45
0.43
0.43
0.43
0.43
0.43
0.45
0.45
0.43
0.43
0.45
0.45
0.43
0.43
0.45
0.43
0.45
0.45
0.45
0.45
0.45
0.46
0.45
0.45
0.45
0.43
0.45
0.46
0.45
0.43
0.45
0.43
0.43
0.45
0.43
0.45
0.43
0.45
0.45
0.43
0.43
0.43
0.45
0.45
0.43
0.43
0.51
