0.93
0.92
1.00
0.92
0.92
0.92
0.92
0.92
1.01
0.92
0.93
0.92
0.92
0.92
0.93
0.92
0.93
0.92
0.93
0.93
0.93
0.92
0.93
0.92
0.92
0.92
0.92
0.92
0.93
0.92
0.92
0.92
0.92
0.93
0.93
0.92
0.92
0.93
0.93
0.92
0.92
0.92
0.92
0.93
0.93
0.92
0.92
0.88
0.92
0.92
0.92
0.92
0.92
0.96
0.92
0.92
0.93
0.92
0.93
0.97
0.92
1.00
0.92
0.93
0.92
1.01
0.92
0.93
0.92
0.93
0.92
0.93
0.92
0.93
0.92
0.93
0.92
0.91
0.90
0.91
0.88
0.88
0.88
0.89
0.88
0.89
0.88
0.87
0.87
0.87
0.87
0.89
0.87
0.87
0.87
0.87
0.87
0.87
0.87
0.87
0.87
0.87
0.87
0.87
0.83
0.87
0.87
0.87
0.87
0.87
0.82
0.87
0.90
0.87
0.87
0.87
0.91
0.87
0.93
0.87
0.87
0.87
0.88
0.87
0.88
0.87
0.87
0.87
0.87
0.87
0.87
0.87
0.87
0.87
0.87
0.87
0.87
0.87
0.87
0.87
0.87
0.87
0.87
0.87
0.87
0.87
0.87
0.87
0.87
0.87
0.87
0.87
0.87
0.87
0.87
0.87
0.87
0.87
0.87
0.87
0.87
0.83
0.87
0.82
0.87
0.87
0.87
0.90
0.87
0.93
0.87
0.87
0.87
0.93
0.87
0.95
0.87
0.87
0.87
0.87
0.87
0.88
0.87
0.87
0.87
0.87
0.87
0.87
0.87
0.87
0.87
0.87
0.87
0.87
0.87
0.87
0.87
0.87
0.87
0.87
0.87
0.87
0.87
0.87
0.87
0.87
0.87
0.87
0.87
0.87
0.87
0.87
0.86
0.87
0.82
0.87
0.87
0.87
0.90
0.87
0.90
0.87
0.87
0.87
0.93
0.87
0.93
0.87
0.87
0.87
0.87
0.87
0.88
0.87
0.87
0.87
0.87
0.87
0.87
0.87
0.87
0.87
0.87
0.87
0.87
0.87
0.87
0.87
0.87
0.87
0.87
0.87
0.87
0.87
0.87
0.87
0.87
0.87
0.87
0.87
0.87
0.87
0.87
0.86
0.87
0.82
0.87
0.87
0.87
0.90
0.87
0.90
0.87
0.87
0.87
0.93
0.87
0.93
0.87
0.87
