0.27
0.25
0.36
0.25
0.41
0.25
0.25
0.25
0.25
0.25
0.25
0.25
0.25
0.27
0.25
0.20
0.25
0.37
0.25
0.25
0.27
0.26
0.24
0.25
0.25
0.25
0.27
0.25
0.27
0.25
0.27
0.25
0.27
0.25
0.41
0.25
0.25
0.25
0.25
0.27
0.27
0.25
0.25
0.25
0.27
0.26
0.27
0.36
0.27
0.25
0.25
0.27
0.25
0.25
0.27
0.27
0.27
0.27
0.27
0.25
0.23
0.24
0.27
0.25
0.25
0.25
0.26
0.25
0.25
0.25
0.27
0.24
0.25
0.27
0.27
0.25
0.24
0.25
0.25
0.39
0.24
0.25
0.25
0.25
0.27
0.25
0.25
0.25
0.25
0.25
0.25
0.25
0.20
0.25
0.25
0.25
0.25
0.25
0.27
0.24
0.25
0.25
0.27
0.25
0.24
0.25
0.25
0.25
0.27
0.34
0.27
0.39
0.25
0.25
0.25
0.25
0.25
0.25
0.24
0.25
0.25
0.25
0.23
0.27
0.34
0.25
0.25
0.25
0.26
0.25
0.25
0.25
0.25
0.25
0.27
0.25
0.24
0.25
0.25
0.25
0.25
0.35
0.24
0.43
0.25
0.25
0.25
0.25
0.25
0.25
0.25
0.25
0.24
0.25
0.34
0.25
0.39
0.25
0.25
0.25
0.25
0.24
