0.27
0.26
0.27
0.27
0.24
0.27
0.26
0.24
0.27
0.27
0.26
0.26
0.26
0.27
0.27
0.27
0.31
0.26
0.31
0.26
0.27
0.26
0.27
0.26
0.25
0.26
0.26
0.24
0.24
0.26
0.25
0.31
0.24
0.24
0.24
0.26
0.24
0.27
0.24
0.27
0.25
0.27
0.24
0.26
0.26
0.27
0.27
0.27
0.32
0.27
0.38
0.27
0.27
0.26
0.27
0.26
0.26
0.24
0.27
0.27
0.26
0.21
0.26
0.33
0.27
0.26
0.26
0.27
0.26
0.27
0.27
0.27
0.27
0.27
0.26
0.26
0.26
0.27
0.27
0.27
0.38
0.26
0.27
0.27
0.27
0.27
0.27
0.27
0.26
0.26
0.26
0.26
0.24
0.31
0.26
0.26
0.26
0.26
0.24
0.25
0.27
0.27
0.25
0.26
0.27
0.27
0.21
0.27
0.27
0.27
0.26
0.27
0.27
0.26
0.26
0.27
0.27
0.27
0.24
0.24
