0.24
0.25
0.26
0.25
0.24
0.24
0.26
0.24
0.24
0.27
0.24
0.24
0.32
0.25
0.26
0.24
0.24
0.25
0.25
0.24
0.24
0.25
0.24
0.25
0.25
0.31
0.24
0.24
0.24
0.25
0.25
0.25
0.24
0.25
0.25
0.24
0.25
0.25
0.23
0.25
0.24
0.25
0.25
0.24
0.25
0.24
0.25
0.25
0.27
0.27
0.25
0.24
0.24
0.24
0.25
0.25
0.25
0.36
0.24
0.27
0.27
0.25
0.25
0.25
0.27
0.24
0.24
0.25
0.20
0.24
0.31
0.24
0.27
0.25
0.25
0.24
0.27
0.24
0.24
0.27
0.25
0.24
0.25
0.20
0.26
0.25
0.25
0.37
0.24
0.25
0.24
0.25
0.25
0.25
0.24
0.24
0.24
0.24
0.25
0.25
0.32
0.24
0.37
0.24
0.25
0.25
0.27
0.24
0.25
0.24
0.25
0.25
0.25
0.19
0.24
0.33
0.24
0.25
0.24
0.25
0.24
0.27
0.27
0.25
0.25
0.25
0.23
0.24
0.24
0.25
0.25
0.24
0.28
0.26
0.25
0.24
0.24
0.25
0.25
0.25
0.24
0.24
0.25
0.25
0.26
0.39
0.24
0.24
0.25
0.25
0.24
0.25
0.26
0.26
0.24
0.25
0.25
0.25
0.31
0.24
0.25
0.24
0.27
0.25
0.25
0.25
0.26
0.26
0.27
0.24
0.24
0.19
0.24
0.27
0.25
0.25
0.26
0.25
0.24
0.25
0.25
0.24
0.27
0.25
0.24
0.24
0.27
0.24
0.32
0.24
0.26
0.24
0.25
0.25
0.24
0.27
0.25
0.24
0.24
0.24
0.24
0.31
0.25
0.36
0.25
0.25
0.27
0.27
0.25
0.25
0.24
0.25
0.25
0.27
0.20
0.24
0.32
0.24
0.24
0.25
0.25
0.24
0.25
0.25
0.25
0.25
0.25
0.26
0.24
0.24
0.25
0.25
0.24
0.36
0.24
0.27
0.27
0.24
0.25
0.25
0.24
0.24
0.25
0.25
0.27
0.27
0.33
0.26
0.26
0.25
0.25
0.25
0.25
0.24
0.24
0.26
0.26
0.24
0.24
0.20
0.27
0.27
0.26
0.27
0.27
0.25
0.24
0.25
0.25
0.25
0.27
0.24
0.20
0.24
0.27
0.27
0.26
0.24
0.26
0.26
0.24
0.25
0.26
0.26
0.25
0.24
0.25
0.27
0.25
0.30
0.24
0.36
0.24
0.27
0.24
0.25
0.24
0.27
0.27
0.27
0.25
0.25
0.20
0.27
0.32
0.26
0.27
0.24
0.25
0.25
0.27
0.26
0.25
0.24
0.24
0.23
0.25
0.32
0.27
0.27
0.27
0.28
0.27
0.27
0.24
0.27
0.24
0.27
0.27
0.27
0.26
0.27
0.27
0.26
0.35
0.26
0.28
0.27
0.27
0.26
0.27
0.27
0.27
0.27
0.25
0.26
0.27
0.33
0.26
0.27
0.27
0.27
0.27
0.27
0.26
0.27
0.26
0.26
0.27
0.27
0.22
0.26
0.26
0.27
0.27
0.26
0.27
0.26
0.27
0.27
0.27
0.27
0.26
0.26
0.24
0.27
0.27
0.27
0.24
0.39
0.26
0.25
0.24
0.27
0.27
0.27
0.24
0.27
0.25
0.27
0.21
0.26
0.35
0.25
0.27
0.27
0.27
0.27
0.25
0.26
0.27
0.27
0.27
0.27
0.27
0.20
0.24
