0.36
0.33
0.33
0.33
0.35
0.33
0.33
0.33
0.33
0.33
0.33
0.33
0.33
0.33
0.32
0.33
0.33
0.35
0.33
0.27
0.33
0.33
0.33
0.33
0.33
0.34
0.32
0.33
0.32
0.33
0.33
0.33
0.32
0.33
0.33
0.33
0.33
0.33
0.31
0.33
0.32
0.33
0.33
0.31
0.42
0.33
0.32
0.33
0.33
0.33
0.33
0.33
0.33
0.33
0.33
0.33
0.33
0.32
0.33
0.32
0.33
0.33
0.33
0.37
0.33
0.42
0.31
0.33
0.31
0.34
0.31
0.31
0.31
0.33
0.31
0.31
0.31
0.31
0.31
0.31
0.31
0.31
0.34
0.31
0.42
0.33
0.31
0.31
0.31
0.31
0.31
0.31
0.31
0.31
0.31
0.31
0.33
0.31
0.31
0.31
0.31
0.34
0.31
0.39
0.31
0.31
0.31
0.34
0.31
0.31
0.33
0.32
0.33
0.33
0.31
0.33
0.31
0.31
0.33
0.31
0.25
0.33
0.33
0.31
0.30
0.31
0.41
0.31
0.31
0.30
0.31
0.31
0.31
0.31
0.31
0.31
0.31
0.31
0.31
0.31
0.31
0.25
0.31
0.31
0.31
0.35
0.31
0.34
0.31
0.31
0.31
0.31
0.30
0.31
0.31
0.33
0.31
0.31
0.31
0.31
0.27
0.31
0.31
0.31
0.33
0.31
