0.61
0.61
0.56
0.61
0.64
0.61
0.61
0.61
0.69
0.61
0.69
0.61
0.61
0.61
0.61
0.61
0.62
0.61
0.61
0.61
0.61
0.61
0.61
0.61
0.61
0.61
0.61
0.61
0.61
0.61
0.61
0.61
0.61
0.61
0.61
0.63
0.61
0.61
0.61
0.61
0.61
0.69
0.61
0.61
0.61
0.61
0.61
0.61
0.61
0.61
0.61
0.61
0.61
0.61
0.61
0.61
0.61
0.61
0.61
0.61
0.61
0.61
0.61
0.61
0.61
0.61
0.56
0.61
0.64
0.61
0.61
0.61
0.69
0.61
0.62
0.61
0.61
0.61
0.62
0.61
0.61
0.61
0.61
0.61
0.61
0.61
0.61
0.61
0.61
0.61
0.61
0.61
0.61
0.61
0.61
0.61
0.61
0.63
0.61
0.64
0.61
0.61
0.61
0.61
0.61
0.62
0.61
0.61
0.61
0.61
0.61
0.61
0.61
0.61
0.61
0.61
0.61
0.61
0.61
0.61
0.61
0.61
0.61
0.61
0.57
0.61
0.61
0.61
0.61
0.61
0.64
0.61
0.61
0.61
0.61
0.61
0.62
0.61
0.62
0.61
0.61
0.61
0.62
0.61
0.61
0.61
0.61
0.61
0.61
0.61
0.61
0.61
0.61
0.61
0.61
0.57
0.61
0.55
0.61
0.61
0.61
0.64
0.61
0.68
0.61
0.61
0.61
0.64
0.61
0.64
0.61
0.61
0.61
0.61
0.61
0.61
0.61
0.61
0.61
0.61
0.61
0.61
0.61
0.61
0.61
0.61
0.57
0.63
0.56
0.61
0.61
0.61
0.61
0.61
0.71
0.61
0.61
0.61
0.61
0.61
0.62
0.61
0.61
0.61
0.61
0.61
0.61
0.61
0.61
0.61
0.61
0.61
0.63
0.61
0.61
0.61
0.61
0.61
0.61
0.64
0.61
0.61
0.61
0.61
0.59
0.67
0.59
0.60
0.59
0.61
0.59
0.59
0.59
0.59
0.59
0.59
0.59
0.59
0.59
0.59
0.59
0.59
0.59
0.59
0.59
0.59
0.59
0.59
0.59
0.59
0.55
0.59
0.53
0.59
0.59
0.59
0.63
0.59
0.66
0.59
0.59
0.59
0.59
0.59
0.60
0.59
0.59
0.59
0.59
0.59
0.59
0.59
0.59
0.59
0.59
0.59
0.59
0.59
0.59
0.59
0.59
0.59
0.59
0.59
0.59
0.59
0.59
0.59
0.59
0.62
0.59
0.59
0.59
0.59
0.59
0.67
0.59
0.60
0.59
0.59
0.59
0.60
0.59
0.59
0.59
0.59
0.59
0.59
0.59
0.59
0.59
0.59
0.59
0.59
0.59
