0.27
0.24
0.26
0.21
0.27
0.35
0.26
0.27
0.27
0.27
0.26
0.27
0.26
0.27
0.26
0.27
0.27
0.26
0.22
0.27
0.26
0.27
0.28
0.26
0.27
0.26
0.27
0.27
0.27
0.26
0.26
0.26
0.27
0.27
0.26
0.33
0.26
0.38
0.27
0.27
0.26
0.27
0.26
0.27
0.27
0.27
0.26
0.26
0.31
0.26
0.26
0.27
0.27
0.26
0.25
0.24
0.27
0.27
0.27
0.27
0.27
0.26
0.26
0.27
0.27
0.27
0.27
0.38
0.26
0.26
0.27
0.27
0.26
0.26
0.26
0.27
0.27
0.27
0.25
0.27
0.31
0.26
0.27
0.27
0.26
0.27
0.27
0.26
0.27
0.26
0.26
0.26
0.26
0.26
0.27
0.26
0.26
0.27
0.24
0.27
0.26
0.25
0.24
0.27
0.27
0.27
0.26
0.26
0.27
0.25
0.31
0.27
0.37
0.26
0.27
0.24
0.26
0.26
0.27
