0.33
0.33
0.33
0.33
0.33
0.33
0.33
0.33
0.33
0.33
0.33
0.33
0.31
0.33
0.33
0.33
0.31
0.33
0.27
0.33
0.33
0.33
0.33
0.33
0.33
0.58
0.33
0.33
0.33
0.33
0.33
0.34
0.33
0.34
0.33
0.33
0.33
0.34
0.33
0.33
0.33
0.33
0.33
0.31
0.33
0.31
0.33
0.33
0.33
0.33
0.33
0.33
0.33
0.34
0.33
0.33
0.63
0.71
0.80
0.69
0.29
0.27
0.55
0.27
0.44
0.27
0.29
0.27
0.27
0.27
0.28
0.29
0.27
0.27
0.27
0.29
0.27
0.27
0.27
0.27
0.27
0.27
0.27
0.27
0.27
0.27
0.27
0.27
0.26
0.37
0.27
0.27
0.27
0.27
0.27
0.29
0.26
0.27
0.27
0.27
0.27
0.27
0.27
0.27
0.27
0.27
0.27
0.27
0.21
0.27
0.27
0.27
0.27
0.27
0.28
0.26
0.27
0.27
0.27
0.26
0.27
0.27
0.27
0.27
0.27
