0.89
0.81
0.89
0.81
0.81
0.81
0.81
0.81
0.82
0.81
0.81
0.81
0.81
0.81
0.81
0.81
0.81
0.81
0.81
0.81
0.81
0.81
0.81
0.81
0.81
0.81
0.81
0.81
0.81
0.81
0.81
0.81
0.81
0.78
0.81
0.81
0.81
0.81
0.81
0.84
0.81
0.85
0.81
0.81
0.81
0.89
0.81
0.89
0.81
0.81
0.81
0.83
0.81
0.82
0.81
0.81
0.81
0.81
0.81
0.82
0.83
0.81
0.81
0.81
0.81
0.81
0.81
0.81
0.81
0.81
0.81
0.81
0.81
0.81
0.81
0.81
0.81
0.81
0.81
0.81
0.81
0.81
0.81
0.81
0.83
0.81
0.81
0.81
0.81
0.81
0.86
0.81
0.88
0.81
0.81
0.81
0.89
0.81
0.83
0.81
0.81
0.81
0.82
0.81
0.82
0.81
0.81
0.81
0.81
0.81
0.81
0.81
0.81
0.81
0.81
0.81
0.81
0.81
0.81
0.81
0.81
0.81
0.81
0.81
0.81
0.81
0.81
0.81
0.81
0.78
0.81
0.81
0.81
0.81
0.81
0.85
0.79
0.79
0.79
0.79
0.79
0.87
0.77
0.88
0.77
0.77
0.77
0.78
0.77
0.78
0.77
0.77
0.77
0.78
0.77
0.78
0.77
0.77
0.77
0.77
0.77
0.77
0.77
0.77
0.77
0.77
0.77
0.77
0.77
0.77
0.77
0.77
0.77
0.77
0.77
0.77
0.77
0.77
0.77
0.77
0.72
0.77
0.77
0.77
0.77
0.77
0.82
0.77
0.77
0.77
0.77
0.77
0.86
0.77
0.79
0.77
0.77
0.77
0.78
0.77
0.78
0.77
0.77
0.77
0.78
0.77
0.77
0.77
0.77
0.77
0.77
0.77
0.77
0.77
0.77
0.77
0.77
0.77
0.77
0.77
0.77
0.77
0.77
0.77
0.77
0.76
0.77
0.77
0.77
0.77
0.77
0.80
0.77
0.77
0.77
0.77
0.77
0.82
0.77
0.77
0.77
0.77
