0.67
0.63
0.63
0.65
0.65
0.63
0.74
0.65
0.63
0.65
0.65
0.63
0.64
0.63
0.65
0.65
0.65
0.65
0.65
0.65
0.63
0.63
0.63
0.63
0.63
0.63
0.63
0.63
0.63
0.63
0.63
0.58
0.63
0.63
0.63
0.63
0.63
0.70
0.63
0.71
0.63
0.61
0.61
0.62
0.61
0.62
0.61
0.61
0.63
0.62
0.61
0.61
0.61
0.61
0.61
0.61
0.61
0.61
0.61
0.61
0.61
0.61
0.61
0.61
0.57
0.61
0.61
0.61
0.63
0.61
0.64
0.61
0.61
0.61
0.61
0.61
0.70
0.61
0.61
0.61
0.61
0.61
0.61
0.61
0.61
0.61
0.61
0.61
0.61
0.61
0.61
0.61
0.61
0.61
0.61
0.61
0.61
0.61
0.61
0.61
0.61
0.63
0.61
0.61
0.61
0.61
0.61
0.70
0.61
0.62
0.61
0.61
0.61
0.62
0.61
0.61
0.61
0.61
0.61
0.62
0.61
0.61
0.61
0.61
0.61
0.61
0.61
0.61
0.59
0.61
