0.38
0.24
0.25
0.25
0.26
0.27
0.25
0.24
0.24
0.24
0.27
0.25
0.25
0.32
0.26
0.25
0.27
0.24
0.27
0.25
0.26
0.25
0.24
0.25
0.24
0.24
0.23
0.24
0.24
0.24
0.27
0.24
0.25
0.26
0.25
0.25
0.25
0.27
0.25
0.24
0.24
0.25
0.24
0.25
0.25
0.35
0.24
0.24
0.25
0.24
0.24
0.25
0.27
0.26
0.27
0.24
0.20
0.24
0.31
0.26
0.25
0.25
0.25
0.24
0.27
0.27
0.24
0.26
0.24
0.24
0.24
0.23
0.26
0.27
0.27
0.36
0.24
0.25
0.24
0.24
0.25
0.25
0.25
0.25
0.24
0.25
0.24
0.24
0.29
0.27
0.35
0.25
0.25
0.25
0.25
0.26
0.25
0.25
0.25
0.24
0.25
0.23
0.24
0.31
0.27
0.24
0.25
0.25
