0.59
0.59
0.59
0.59
0.59
0.54
0.59
0.63
0.59
0.59
0.59
0.67
0.59
0.60
0.59
0.59
0.59
0.59
0.59
0.60
0.59
0.59
0.59
0.59
0.59
0.59
0.59
0.59
0.59
0.59
0.59
0.59
0.59
0.59
0.59
0.59
0.59
0.59
0.54
0.59
0.59
0.59
0.59
0.59
0.66
0.59
0.59
0.59
0.57
0.59
0.58
0.57
0.58
0.57
0.57
0.57
0.58
0.57
0.57
0.57
0.57
0.57
0.57
0.57
0.57
0.57
0.57
0.57
0.57
0.52
0.57
0.60
0.57
0.57
0.57
0.60
0.57
0.62
0.57
0.57
0.57
0.58
0.57
0.57
0.57
0.57
0.57
0.57
0.57
0.57
0.57
0.57
0.57
0.57
0.57
0.57
0.57
0.57
0.57
0.57
0.52
0.57
0.59
0.57
0.57
0.57
0.57
0.57
0.58
0.57
0.57
0.57
0.57
0.57
0.57
0.57
0.57
0.57
0.57
0.57
0.57
0.57
0.57
0.57
0.57
0.57
0.57
0.55
0.57
0.57
0.57
0.57
0.57
0.60
0.57
0.57
0.57
0.57
0.57
0.58
0.57
0.57
0.57
0.57
0.57
0.57
0.57
0.57
0.57
0.57
0.57
0.57
0.57
0.57
0.57
0.57
0.57
0.57
0.52
0.57
0.59
0.57
0.57
0.57
0.62
0.57
0.65
0.57
0.57
0.57
0.58
0.57
0.57
0.57
0.57
0.57
0.57
0.57
0.57
0.57
0.57
0.57
0.57
0.57
