0.25
0.25
0.25
0.27
0.25
0.25
0.27
0.25
0.24
0.25
0.27
0.26
0.25
0.25
0.25
0.25
0.25
0.25
0.25
0.24
0.24
0.25
0.25
0.25
0.37
0.25
0.25
0.25
0.25
0.25
0.25
0.25
0.25
0.25
0.25
0.25
0.26
0.36
0.24
0.25
0.25
0.25
0.25
0.25
0.25
0.25
0.25
0.25
0.27
0.25
0.25
0.25
0.25
0.25
0.25
0.25
0.41
0.24
0.25
0.25
0.27
0.27
0.25
0.27
0.24
0.25
0.25
0.33
0.25
0.39
0.27
0.25
0.25
0.27
0.25
0.27
0.24
0.24
0.25
0.27
0.24
0.25
0.19
0.25
0.25
0.25
0.26
0.25
0.25
0.27
0.24
0.25
0.25
0.24
0.25
0.23
0.25
0.25
0.25
0.35
0.25
0.26
0.25
0.25
0.25
0.25
0.24
0.25
0.25
0.25
0.25
0.25
0.34
0.25
0.40
0.25
0.25
0.25
0.25
0.25
0.25
0.25
0.25
0.27
0.25
0.26
0.25
0.24
0.25
0.25
0.25
0.41
0.25
0.25
0.23
0.25
0.25
0.25
0.25
0.25
0.25
0.25
0.25
0.24
0.35
0.25
0.27
0.25
0.25
0.25
0.25
0.25
0.25
0.25
0.25
0.25
0.25
0.23
0.24
0.25
0.25
0.27
0.25
0.25
0.25
0.25
0.25
0.25
0.25
0.25
0.24
0.24
0.25
0.25
0.25
0.27
0.41
0.27
0.25
0.25
0.25
0.27
0.25
0.27
0.25
0.25
0.25
0.34
0.27
0.39
0.24
0.25
0.27
0.25
0.25
0.25
0.25
0.25
0.25
0.27
0.24
0.25
0.19
0.25
0.27
0.27
0.26
0.25
0.25
0.24
0.27
0.25
0.25
0.25
0.25
0.23
0.25
0.25
0.25
0.39
0.26
0.26
0.27
0.25
0.25
0.25
0.24
0.25
0.25
0.25
0.27
0.25
0.36
0.25
0.40
0.25
0.27
0.25
0.25
0.27
0.27
0.27
0.25
0.25
0.25
0.23
0.25
0.24
0.27
0.25
0.25
0.26
0.24
0.25
0.25
0.25
0.24
0.25
0.25
0.25
0.25
0.24
0.25
0.25
0.41
0.25
0.25
0.25
0.27
0.25
0.27
0.25
0.25
0.25
0.25
0.24
0.25
0.36
0.25
0.25
0.25
0.25
0.25
0.25
0.24
0.25
0.25
0.25
0.25
0.25
0.22
0.25
0.25
0.25
0.25
0.25
0.26
0.25
0.25
0.25
0.25
0.24
0.25
0.24
0.25
0.25
0.27
0.35
0.25
0.26
0.24
0.27
0.26
0.25
0.25
0.25
0.25
0.25
0.25
0.25
0.21
0.25
0.37
0.25
0.25
0.24
0.25
0.25
0.25
0.25
0.25
0.25
0.25
0.20
0.24
0.34
0.25
0.25
0.25
0.26
0.25
0.25
0.25
0.25
0.25
0.25
0.25
0.25
0.25
0.25
0.25
0.25
0.43
0.25
0.25
0.25
0.25
0.25
0.25
0.24
0.25
0.25
0.25
0.25
0.25
0.34
0.25
0.25
0.25
0.25
0.25
0.25
0.24
0.25
0.23
0.25
0.25
0.25
0.19
0.25
0.27
0.25
0.25
0.25
0.25
0.25
0.25
0.25
0.27
0.25
0.25
0.24
0.24
0.27
0.25
0.25
0.24
0.41
0.25
0.25
0.25
0.27
0.25
0.25
0.24
0.25
0.25
0.25
0.36
0.24
0.39
0.25
0.25
0.24
0.25
0.25
0.25
0.25
0.25
0.25
0.25
0.25
0.25
0.17
0.24
0.25
0.27
0.26
0.24
0.25
0.25
0.25
0.25
0.25
0.25
0.25
0.23
0.25
0.24
0.27
0.39
0.25
0.26
0.25
0.25
0.25
0.25
0.27
0.25
0.25
0.25
0.25
0.25
0.34
0.25
0.41
0.25
0.25
0.25
0.25
0.25
0.25
0.25
0.25
0.26
0.24
0.22
0.24
0.25
0.25
0.27
0.25
0.25
0.25
0.25
0.24
0.25
0.23
0.25
0.20
0.24
0.25
0.27
0.24
0.24
0.25
0.24
0.25
0.25
0.25
0.25
0.25
0.24
0.24
0.25
0.25
0.24
0.25
0.25
0.27
0.25
0.24
0.25
0.25
0.24
0.23
0.24
0.24
0.24
0.37
0.25
0.25
0.24
0.27
0.24
0.25
0.24
0.25
0.24
0.25
0.24
0.25
0.33
0.25
0.25
0.24
0.25
0.25
0.27
0.24
0.24
0.24
0.27
0.61
0.24
0.32
0.25
0.48
0.25
0.25
0.27
0.26
0.25
0.26
0.25
0.25
0.25
0.25
0.25
0.25
0.27
0.25
0.25
0.25
0.33
0.27
0.40
0.25
0.25
0.25
0.26
0.25
0.25
0.25
0.25
0.25
0.25
0.25
0.25
0.25
0.25
0.25
0.27
0.39
0.27
0.26
0.25
0.25
0.25
0.25
0.25
0.25
0.25
0.24
0.25
0.25
0.23
0.25
0.25
0.25
0.25
0.25
0.39
0.25
0.26
0.25
0.25
0.25
0.25
0.25
0.25
0.25
0.25
0.25
0.27
0.31
0.25
0.25
0.25
0.25
0.25
0.26
0.25
0.25
0.25
0.25
0.25
0.25
0.25
0.25
0.25
0.25
0.25
0.25
0.31
0.25
0.25
0.25
0.25
0.25
0.25
0.24
0.27
0.27
0.25
0.27
0.27
0.23
0.24
0.24
0.25
0.25
0.25
0.30
0.25
0.25
0.25
0.25
0.25
0.27
0.25
0.25
0.25
0.25
0.27
0.25
0.32
0.25
0.25
0.25
0.27
0.25
0.25
0.27
0.25
0.23
0.25
0.25
7
0.28

0.27
0.40
0.25
0.25
0.27
0.25
0.27
0.25
0.27
0.27
0.27
0.27
0.25
0.25
0.18
0.25
0.25
0.27
0.25
0.27
0.28
0.24
0.25
0.25
0.27
0.27
0.25
0.24
0.25
0.25
0.27
0.29
0.24
0.31
0.24
0.25
0.27
0.25
0.25
0.26
0.25
0.25
0.25
0.25
0.27
0.25
0.18
0.25
0.25
0.25
0.39
0.25
0.26
0.25
0.25
0.27
0.25
0.27
0.25
0.27
0.26
0.25
0.25
0.18
0.27
0.29
0.27
0.25
0.25
0.26
0.25
