0.41
0.42
0.43
0.41
0.42
0.42
0.43
0.42
0.41
0.41
0.41
0.41
0.39
0.42
0.37
0.41
0.43
0.41
0.48
0.41
0.50
0.41
0.41
0.41
0.41
0.41
0.42
0.41
0.41
0.41
0.41
0.41
0.42
0.41
0.41
0.41
0.41
0.39
0.41
0.35
0.41
0.42
0.41
0.41
0.41
0.50
0.41
0.42
0.42
0.42
0.41
0.42
0.41
0.42
0.42
0.41
0.41
0.41
0.41
0.41
0.41
0.42
0.41
0.41
0.43
0.41
0.41
0.41
0.41
0.41
0.43
0.41
0.42
0.41
0.41
0.41
0.42
0.41
0.42
0.42
0.41
0.41
0.41
0.41
0.41
0.41
0.41
0.41
0.41
0.44
0.41
0.41
0.42
0.42
0.42
0.43
0.41
0.42
0.42
0.41
0.41
0.42
0.41
0.41
