0.37
0.39
0.39
0.39
0.39
0.38
0.39
0.39
0.37
0.39
0.37
0.39
0.39
0.39
0.39
0.39
0.39
0.39
0.37
0.37
0.37
0.39
0.39
0.39
0.39
0.37
0.44
0.39
0.39
0.37
0.38
0.39
0.39
0.39
0.39
0.39
0.37
0.39
0.39
0.39
0.39
0.39
0.39
0.35
0.39
0.33
0.39
0.39
0.39
0.46
0.39
0.47
0.39
0.39
0.39
0.40
0.39
0.39
0.39
0.39
0.39
0.41
0.39
0.39
0.39
0.39
0.39
0.39
0.35
0.39
0.33
0.36
0.37
0.39
0.43
0.39
0.47
0.37
0.39
0.39
0.39
0.39
0.37
0.39
0.39
0.37
0.37
0.39
0.39
0.39
0.37
0.39
0.37
0.34
0.39
0.38
0.39
0.39
0.39
0.39
0.39
0.40
0.39
0.39
0.39
0.39
0.39
0.39
0.39
0.37
0.39
0.37
0.39
0.39
0.39
0.37
0.39
0.37
0.39
0.39
0.39
0.39
0.39
0.37
0.37
0.37
0.40
0.39
0.36
0.39
0.39
0.37
0.39
0.37
0.39
0.39
0.39
0.37
0.39
0.38
0.39
0.39
0.37
0.39
0.39
0.42
0.39
0.39
0.39
0.37
0.37
0.38
0.37
0.37
0.37
0.37
0.37
0.37
0.37
0.37
0.37
0.37
0.37
0.37
0.31
0.37
0.37
0.37
0.37
0.37
0.45
0.37
0.38
0.37
0.37
0.37
0.37
0.37
0.37
0.37
0.37
0.37
0.37
0.37
0.37
0.37
0.37
0.37
0.37
0.39
0.37
0.44
0.37
0.37
0.37
0.38
0.37
0.37
0.36
0.37
0.37
0.37
0.37
0.37
0.37
0.37
0.37
0.37
0.31
0.37
0.39
0.37
0.37
0.37
0.45
0.36
0.38
0.37
0.37
0.37
0.37
0.37
0.37
0.37
0.37
