0.27
0.25
0.25
0.26
0.27
0.25
0.27
0.24
0.24
0.21
0.25
0.25
0.25
0.40
0.24
0.25
0.25
0.25
0.24
0.24
0.24
0.27
0.23
0.25
0.25
0.25
0.39
0.24
0.26
0.25
0.25
0.25
0.25
0.26
0.24
0.26
0.25
0.25
0.27
0.20
0.24
0.38
0.24
0.25
0.25
0.25
0.24
0.25
0.27
0.25
0.24
0.25
0.23
0.25
0.24
0.25
0.24
0.24
0.26
0.25
0.25
0.25
0.25
0.25
0.25
0.25
0.24
0.27
0.25
0.25
0.25
0.38
0.25
0.25
0.25
0.27
0.23
0.27
0.27
0.25
0.25
0.24
0.24
0.25
0.32
0.25
0.25
0.25
0.25
0.24
0.25
0.25
0.24
0.25
0.25
0.25
0.25
0.23
0.25
0.25
0.25
0.25
0.24
0.26
0.24
0.25
0.26
0.24
0.24
0.25
0.25
0.26
0.25
0.27
0.19
0.24
0.38
0.24
0.27
0.24
0.25
0.25
0.27
0.24
0.27
0.25
0.25
0.26
0.24
0.19
0.24
0.25
0.27
0.39
0.25
0.25
0.27
0.25
0.25
0.25
0.24
0.25
0.23
0.25
0.25
0.25
0.37
0.24
0.26
0.25
0.25
0.25
0.25
0.25
0.26
0.24
0.24
0.25
0.25
0.20
0.24
0.33
0.25
0.25
0.27
0.25
0.24
0.25
0.25
0.27
0.25
0.27
0.22
0.24
0.27
0.25
0.25
0.25
0.25
0.24
0.25
0.25
0.24
0.24
0.25
0.24
0.25
0.25
0.24
0.25
0.24
0.39
0.25
0.25
0.27
0.25
0.25
0.25
0.26
0.25
0.25
0.25
0.25
0.27
0.33
0.24
0.25
0.25
0.25
0.25
0.25
0.24
0.24
0.25
0.26
0.23
0.24
0.32
0.24
0.25
0.25
0.24
0.24
0.25
0.25
0.27
0.25
0.27
0.24
0.25
0.22
0.24
0.24
0.25
0.38
0.26
0.25
0.27
0.24
0.25
0.25
0.25
0.25
0.25
0.25
0.27
0.25
0.33
0.24
0.39
0.25
0.25
0.25
0.25
0.25
0.27
0.25
0.25
0.25
0.25
0.20
0.24
0.39
0.27
0.25
0.24
0.25
0.25
0.25
0.27
0.25
0.25
0.27
0.23
0.25
0.24
0.25
0.24
0.25
0.26
0.24
0.27
0.27
0.25
0.25
0.25
0.24
0.24
0.25
0.27
0.25
0.24
0.41
0.24
0.24
0.25
0.25
0.27
0.25
0.27
0.25
0.25
0.25
0.25
0.25
0.34
0.26
0.26
0.26
0.25
0.26
0.27
0.24
0.24
0.25
0.27
0.22
0.27
0.34
0.24
0.25
0.25
0.27
0.24
0.25
0.25
0.27
0.27
0.27
0.26
0.27
0.20
0.25
0.27
0.24
0.39
0.24
0.27
0.27
0.25
0.27
0.27
0.25
0.25
0.23
0.26
0.24
0.25
0.38
0.24
0.28
0.27
0.27
0.27
0.27
0.24
0.25
0.26
0.27
0.25
0.27
0.34
0.24
0.26
0.25
0.25
0.27
0.25
0.27
0.27
0.25
0.25
0.27
0.25
0.31
0.24
0.25
0.27
0.25
0.25
0.25
0.26
0.27
0.25
0.25
0.25
0.25
0.19
0.24
0.27
0.25
0.27
0.25
0.25
0.24
0.25
0.25
0.26
0.27
0.25
0.23
0.27
0.25
0.27
0.27
0.24
0.28
0.24
0.26
0.25
0.26
0.27
0.25
0.24
0.24
0.24
0.27
0.33
0.24
0.39
0.24
0.27
0.27
0.27
0.24
0.27
0.24
0.27
0.24
0.24
0.19
0.24
0.33
0.25
0.27
0.25
0.25
0.26
0.27
0.24
0.25
0.25
0.24
0.20
0.27
0.34
0.26
0.24
0.27
0.25
0.27
0.25
0.25
0.25
0.25
0.25
0.24
0.24
0.25
0.27
0.27
0.24
0.25
0.24
0.27
0.25
0.27
0.24
0.25
0.27
0.27
0.25
0.24
0.27
0.25
0.38
0.25
0.27
0.27
0.25
0.25
0.25
0.25
0.24
0.27
0.25
0.25
0.25
0.40
0.27
0.25
0.25
0.25
0.24
0.25
0.27
0.27
0.24
0.25
0.23
0.27
0.34
0.25
0.25
0.25
0.25
0.25
0.25
0.25
0.25
0.24
0.24
0.23
0.25
0.31
0.25
0.25
0.25
0.28
0.26
0.27
0.27
0.27
0.25
0.24
0.24
0.27
0.23
0.25
0.25
0.25
0.39
0.24
0.25
0.24
0.25
0.27
0.25
0.24
0.27
0.27
0.25
0.27
0.25
0.37
0.24
0.27
0.25
0.27
0.25
0.27
0.24
0.25
0.25
0.27
0.27
0.25
0.35
0.24
0.24
0.25
0.27
0.25
0.25
0.24
0.27
0.24
0.25
0.25
0.25
0.31
0.27
0.25
0.25
0.25
0.25
0.25
0.27
0.25
0.25
0.25
0.25
0.27
0.22
0.26
0.25
0.27
0.25
0.27
0.25
0.24
0.24
0.25
0.27
0.24
0.25
0.23
0.25
0.25
0.25
0.35
0.24
0.26
0.24
0.25
0.25
0.25
0.24
0.25
0.24
0.24
0.25
0.25
0.33
0.24
0.26
0.24
0.25
0.25
0.27
0.25
0.25
0.24
0.25
0.27
0.26
0.19
0.25
0.39
0.25
0.25
0.24
0.27
0.24
0.25
0.25
0.25
0.25
0.27
0.20
0.25
0.24
0.27
0.27
0.27
0.25
0.24
0.25
0.25
0.25
0.27
0.27
0.26
0.27
0.25
0.25
0.25
0.27
0.25
0.26
0.24
0.25
0.24
0.25
0.24
0.24
0.24
0.25
0.27
0.27
0.27
0.22
0.27
0.25
0.27

0.25
0.27
0.27
0.27
0.35
0.27
0.41
0.26
0.27
0.25
0.25
0.24
0.27
0.25
0.27
0.27
0.27
0.22
0.27
0.25
0.27
0.26
0.25
0.28
0.25
0.27
0.24
0.25
0.27
0.25
0.27
0.24
0.25
0.27
0.27
0.25
0.26
0.27
0.27
0.27
0.24
0.27
0.27
0.24
0.25
0.25
0.27
0.25
0.25
0.33
0.24
0.27
0.25
0.27
0.25
0.27
0.27
0.27
0.25
0.25
0.25
0.25
0.20
0.24
0.25
0.27
0.27
0.25
0.27
0.25
