0.26
0.26
0.27
0.27
0.26
0.27
0.32
0.26
0.26
0.26
0.26
0.27
0.27
0.27
0.27
0.27
0.27
0.27
0.27
0.26
0.26
0.26
0.27
0.27
0.26
0.39
0.26
0.26
0.27
0.27
0.27
0.27
0.26
0.27
0.27
0.27
0.26
0.26
0.32
0.27
0.27
0.26
0.27
0.27
0.27
0.26
0.27
0.27
0.27
0.27
0.27
0.25
0.27
0.27
0.26
0.27
0.27
0.29
0.27
0.27
0.26
0.27
0.27
0.27
0.26
0.26
0.27
0.26
0.23
0.26
0.31
0.26
0.27
0.27
0.26
0.26
0.27
0.26
0.26
0.27
0.27
0.27
0.26
0.23
0.26
0.26
0.26
0.35
0.26
0.28
0.27
0.26
0.26
0.27
0.26
0.27
0.26
0.26
0.26
0.27
0.21
0.27
0.37
0.26
0.27
0.27
0.27
0.26
0.27
0.26
0.27
0.27
0.27
0.26
0.26
0.21
0.27
0.26
0.27
0.38
0.26
0.27
0.26
0.27
0.27
0.27
0.26
0.27
0.26
0.27
0.26
0.27
0.32
0.26
0.38
0.27
0.27
0.26
0.27
0.26
0.27
0.27
0.27
0.27
0.27
0.25
0.27
0.26
0.27
0.26
0.27
0.28
0.26
0.27
0.26
0.27
0.27
0.27
0.26
0.27
0.27
0.27
0.26
0.26
0.31
0.26
0.26
0.27
0.26
0.26
0.27
0.26
0.27
0.27
0.27
0.26
0.27
0.21
0.26
0.27
0.27
0.27
0.27
0.27
0.26
0.26
0.27
0.27
0.27
0.27
0.26
0.27
0.26
0.26
0.27
0.27
0.35
0.26
0.26
0.26
0.27
0.27
0.27
0.26
0.26
0.27
0.26
0.25
0.26
0.21
0.26
0.27
0.26
0.27
0.26
0.27
0.26
0.27
0.27
0.27
0.27
0.27
0.26
0.27
0.27
0.26
0.35
0.27
0.28
0.26
0.27
0.27
0.27
0.26
0.27
0.26
0.27
0.27
0.26
0.22
0.26
0.31
0.26
0.27
0.27
0.28
0.27
0.27
0.26
0.26
0.27
0.26
0.26
0.27
0.22
0.26
0.27
0.27
0.37
0.27
0.28
0.26
0.26
0.27
0.27
0.26
0.27
0.27
0.27
0.26
0.27
0.21
0.26
0.35
0.27
0.27
0.27
0.27
0.26
0.27
0.26
0.27
0.27
0.26
0.26
0.26
0.27
0.27
0.27
0.27
0.36
0.24
0.27
0.27
0.27
0.26
0.27
0.26
0.27
0.27
0.26
0.27
0.26
0.31
0.27
0.27
0.25
0.27
0.27
0.27
0.26
0.27
0.26
0.26
0.27
0.27
0.22
0.27
0.26
0.26
0.27
0.26
0.27
0.27
0.26
0.26
0.26
0.27
0.27
0.27
0.26
0.27
0.27
0.26
0.27
0.37
0.26
0.26
0.26
0.27
0.27
0.27
0.26
0.26
0.27
0.24
0.25
0.27
0.31
0.26
0.27
0.25
0.27
0.26
0.27
0.26
0.27
0.27
0.26
0.26
0.26
0.23
0.27
0.27
0.27
0.33
0.24
0.38
0.26
0.26
0.26
0.27
0.26
0.27
0.26
