0.29
0.29
0.29
0.29
0.29
0.29
0.31
0.29
0.29
0.29
0.44
0.29
0.46
0.29
0.29
0.29
0.52
0.31
0.30
0.29
0.29
0.29
0.30
0.29
0.29
0.29
0.29
0.29
0.29
0.29
0.29
0.29
0.29
0.29
0.29
0.31
0.31
0.23
0.31
0.29
0.29
0.48
0.31
0.54
0.31
0.31
0.31
0.29
0.31
0.32
0.31
0.31
0.31
0.31
0.31
0.31
0.31
0.31
0.31
0.33
0.31
0.31
0.31
0.31
0.31
0.31
0.33
0.33
0.25
0.31
0.33
0.31
0.31
0.31
0.50
0.31
0.31
0.33
0.31
0.31
0.32
0.31
0.32
0.31
0.31
0.33
0.31
0.31
0.33
0.31
0.33
0.31
0.31
0.31
0.31
0.31
0.31
0.31
0.31
0.25
0.31
0.49
0.31
0.31
0.31
0.52
0.31
0.54
0.31
0.31
0.31
0.33
0.31
0.32
0.31
0.31
0.31
0.31
0.31
0.31
0.31
0.31
0.33
0.31
0.31
0.31
0.31
0.31
0.33
0.33
0.33
0.31
0.31
0.31
0.31
0.31
0.31
0.31
0.53
0.31
0.31
0.31
0.31
0.31
0.60
