1.12
1.12
1.12
1.12
1.12
1.12
1.12
1.12
1.12
1.12
1.12
1.12
1.12
1.12
1.12
1.09
1.12
1.09
1.12
1.12
1.12
1.12
1.12
1.19
1.12
1.12
1.12
1.12
1.12
1.22
1.12
1.12
1.12
1.12
1.12
1.13
1.12
1.13
1.10
1.10
1.09
1.09
1.07
1.07
1.07
1.05
1.05
1.05
1.05
1.05
1.04
1.05
1.05
1.05
1.05
1.05
1.05
1.05
1.05
1.05
1.05
1.05
1.05
1.04
1.05
1.05
1.05
1.05
1.05
1.05
1.05
1.05
1.05
1.05
1.05
1.05
1.05
1.05
1.05
1.05
1.05
1.05
1.05
1.05
1.05
1.05
1.04
1.05
1.05
1.05
1.05
1.05
1.05
1.05
1.04
1.05
1.05
1.05
1.02
1.05
0.99
1.03
1.03
1.03
1.03
1.03
1.01
1.03
1.03
1.05
1.03
1.03
1.08
1.03
1.03
1.03
1.03
1.03
1.09
1.03
1.11
1.03
1.03
1.03
1.12
1.03
1.05
1.03
1.03
1.03
1.05
1.03
1.04
1.03
1.03
1.03
1.03
1.03
1.03
1.03
1.03
1.03
1.03
1.03
1.03
1.03
1.03
1.03
1.03
1.03
1.03
1.03
1.03
1.03
1.03
1.03
1.03
1.03
1.03
1.03
1.03
1.03
1.03
1.03
1.03
1.03
1.03
1.03
1.03
1.03
1.03
1.03
1.03
1.03
1.03
1.03
1.03
1.02
1.03
1.03
1.03
1.02
