0.25
0.25
0.25
0.25
0.25
0.18
0.24
0.24
0.24
0.27
0.27
0.26
0.25
0.25
0.25
0.25
0.25
0.25
0.24
0.25
0.25
0.25
0.25
0.25
0.28
0.25
0.25
0.25
0.25
0.25
0.25
0.25
0.25
0.25
0.25
0.25
0.25
0.23
0.25
0.25
0.25
0.25
0.25
0.38
0.25
0.25
0.25
0.27
0.25
0.25
0.25
0.25
0.25
0.25
0.25
0.25
0.31
0.24
0.25
0.25
0.25
0.25
0.25
0.25
0.23
0.25
0.25
0.25
0.25
0.24
0.25
0.25
0.25
0.25
0.25
0.31
0.25
0.25
0.23
0.23
0.25
0.25
0.25
0.25
0.25
0.24
0.25
0.25
0.19
0.25
0.25
0.25
0.25
0.25
0.26
0.23
0.25
0.27
0.23
0.25
0.25
0.25
0.25
0.25
0.25
0.18
0.24
0.29
0.25
0.25
0.25
0.25
0.25
0.25
0.23
0.25
0.25
0.25
0.22
0.27
0.23
0.25
0.23
0.25
0.31
0.25
0.26
0.24
0.25
0.25
0.25
0.24
0.25
0.25
0.25
0.25
0.23
0.20
0.25
0.28
0.25
0.24
0.25
0.58
0.25
0.26
0.25
0.23
0.25
0.25
0.25
0.25
0.23
0.25
0.25
0.25
0.28
0.25
0.38
0.24
0.25
0.25
0.26
0.25
0.25
0.25
0.25
0.25
0.27
0.27
0.27
0.19
0.25
0.25
0.25
0.34
0.24
0.23
0.25
0.25
0.25
0.25
0.25
0.25
0.23
0.25
0.25
0.24
0.18
0.23
0.31
0.25
0.25
0.24
0.26
0.23
0.25
0.25
0.25
0.25
0.25
0.25
0.25
0.27
0.25
0.25
0.25
0.31
0.25
0.26
0.25
0.25
0.25
0.25
0.25
0.25
0.25
0.25
0.25
0.23
0.18
0.25
0.25
0.23
0.27
0.25
0.25
0.25
0.25
0.25
0.25
0.25
0.25
0.24
0.25
0.23
0.25
0.25
0.25
0.37
0.25
0.27
0.25
0.25
0.24
0.25
0.25
0.25
0.25
0.23
0.25
0.25
0.18
0.25
0.25
0.25
0.25
0.25
0.26
0.22
0.24
0.23
0.24
0.25
0.25
0.25
0.25
0.25
0.25
0.23
0.25
0.29
0.25
0.25
0.25
0.25
0.25
0.25
0.25
0.25
0.25
0.25
0.25
0.24
0.23
0.25
0.25
0.25
0.25
0.25
0.36
0.25
0.25
0.25
0.25
0.24
0.25
0.24
0.25
0.25
0.25
0.19
0.25
0.28
0.25
0.25
0.25
0.23
0.25
0.25
0.25
0.23
0.25
0.25
0.25
0.25
0.25
0.24
0.25
0.25
0.31
0.24
0.26
0.25
0.25
0.25
0.25
0.23
0.23
0.24
0.25
0.25
0.25
0.19
0.25
0.28
0.25
0.25
0.25
0.26
0.24
0.25
0.24
0.25
0.23
0.23
0.25
0.23
0.16
0.25
0.25
0.27
0.31
0.25
0.26
0.23
0.25
0.23
0.25
0.25
0.25
0.24
0.25
0.25
0.25
0.19
0.27
0.28
0.25
0.24
0.25
0.26
0.23
0.25
0.25
0.25
0.25
0.25
0.25
0.25
0.25
0.25
0.24
0.25
0.31
0.25
0.24
0.25
0.25
0.25
0.25
0.25
0.25
0.25
0.25
0.25
0.25
0.27
0.23
0.24
0.25
0.25
0.24
0.26
0.25
0.25
0.25
0.24
0.25
0.25
0.25
0.23
0.25
0.24
0.25
0.25
0.31
0.25
0.24
0.25
0.25
0.25
0.25
0.25
0.25
0.25
0.25
0.25
0.25
0.27
0.23
0.24
0.25
0.23
0.25
0.26
0.25
0.25
0.25
0.25
0.25
0.25
0.24
0.25
0.25
0.25
0.25
0.25
0.26
0.25
0.25
0.25
0.25
0.25
0.25
0.25
0.24
0.25
0.25
0.20
0.25
0.27
0.25
0.25
0.24
0.25
0.25
0.25
0.22
0.24
0.25
0.25
0.23
0.25
0.18
0.25
0.25
0.24
0.31
0.25
0.26
0.25
0.25
0.25
0.23
0.25
0.25
0.24
0.25
0.23
0.24
0.27
0.25
0.35
0.25
0.25
0.25
0.26
0.25
0.25
0.25
0.25
0.24
0.25
0.24
0.25
0.18
0.25
0.25
0.25
0.35
0.25
0.26
0.25
0.24
0.25
0.25
0.25
0.25
0.25
0.23
0.25
0.25
0.28
0.25
0.36
0.25
0.25
0.25
0.25
0.24
0.25
0.25
0.25
0.25
0.25
0.20
0.27
0.24
0.25
0.24
0.25
0.26
0.24
0.25
0.25
0.23
0.22
0.25
0.25
0.25
0.25
0.25
0.25
0.25
0.31
0.25
0.23
0.24
0.25
0.23
0.25
0.25
0.25
0.24
0.23
0.25
0.25
0.27
0.25
0.25
0.25
0.24
0.25
0.25
0.25
0.25
0.25
0.25
0.25
0.24
0.24
0.25
0.24
0.24
0.23
0.25
0.35
0.24
0.24
0.25
0.25
0.25
0.23
0.25
0.27
0.25
0.25
0.18
0.25
0.28
0.25
0.25
0.25
0.25
0.25
0.25
0.25
0.25
0.24
0.25
0.25
0.25
0.19
0.24
0.25
0.25
0.35
0.25
0.26
0.24
0.25
0.24
0.25
0.23
0.23
0.25
0.25
0.25
0.24
0.29
0.25
0.31
0.25
0.25
0.24
0.25
0.25
0.25
0.24
0.25
0.27
0.24
0.20
0.25
0.27
0.25
0.25
0.25
0.26
0.25
0.25
0.27
0.25
0.26
0.25
0.25
0.25
0.25
0.25
0.24
0.25
0.31
0.24
0.26
0.24
0.25
0.24
0.25
.23
0.21
0.21
0.21
0.21
0.16

0.25
0.25
0.23
0.23
0.25
0.18
0.25
0.27
0.25
0.25
0.25
0.26
0.25
0.25
0.23
0.23
0.21
0.21
0.21
0.21
0.16
0.19
0.19
0.21
0.33
0.23
0.23
0.24
0.25
0.25
0.25
0.24
0.25
0.25
0.25
0.25
0.25
0.27
0.25
0.31
0.23
0.25
0.25
0.25
0.25
0.25
0.25
0.24
0.25
0.25
0.23
0.25
0.27
0.25
0.25
0.24
0.26
0.24
0.26
0.25
0.24
0.25
0.25
0.25
0.23
0.24
0.25
0.25
0.25
0.27
