0.27
0.31
0.24
0.29
0.31
0.31
0.39
0.28
0.42
0.31
0.31
0.29
0.31
0.31
0.31
0.31
0.31
0.31
0.31
0.31
0.31
0.29
0.31
0.31
0.31
0.37
0.29
0.37
0.31
0.29
0.29
0.30
0.29
0.29
0.29
0.29
0.29
0.29
0.29
0.29
0.29
0.29
0.29
0.29
0.28
0.28
0.25
0.29
0.29
0.29
0.37
0.31
0.42
0.29
0.29
0.29
0.29
0.29
0.29
0.31
0.29
0.29
0.28
0.29
0.31
0.31
0.29
0.31
0.29
0.25
0.29
0.35
0.29
0.29
0.29
0.31
0.31
0.32
0.31
0.29
0.29
0.31
0.29
0.31
0.29
0.29
0.29
0.31
0.31
0.31
0.28
0.29
0.29
0.29
0.29
0.29
0.37
0.31
0.29
0.31
0.29
0.29
0.29
0.29
0.31
0.29
0.29
0.29
0.31
0.29
0.29
0.31
0.29
0.29
0.29
0.27
