0.28
0.31
0.29
0.31
0.29
0.43
0.29
0.31
0.31
0.31
0.29
0.29
0.29
0.29
0.31
0.31
0.29
0.29
0.31
0.29
0.29
0.29
0.31
0.29
0.23
0.29
0.31
0.29
0.31
0.31
0.43
0.31
0.30
0.31
0.29
0.29
0.29
0.29
0.29
0.29
0.29
0.31
0.29
0.29
0.31
0.29
0.29
0.29
0.29
0.23
0.29
0.43
0.29
0.29
0.29
0.46
0.29
0.30
0.29
0.29
0.29
0.30
0.29
0.29
0.29
0.29
0.31
0.29
0.29
0.29
0.29
0.29
0.29
0.29
0.29
0.29
0.25
0.29
0.29
0.29
0.41
0.31
0.46
0.29
0.29
0.29
0.29
0.29
0.32
0.29
0.29
0.29
0.31
0.29
0.29
0.29
0.31
0.31
0.29
0.29
0.29
0.29
0.29
0.29
0.29
0.29
0.31
0.43
0.29
0.29
0.29
0.29
0.29
0.30
0.29
0.29
0.29
0.29
0.29
0.29
0.29
0.29
0.29
0.29
0.29
0.29
0.29
0.31
0.29
0.29
0.29
0.29
0.23
0.29
0.29
0.29
0.29
0.29
0.46
0.29
0.47
0.29
0.29
0.29
0.30
0.31
0.29
