0.57
0.55
0.57
0.57
0.57
0.59
0.57
0.60
0.57
0.57
0.57
0.57
0.57
0.58
0.57
0.57
0.57
0.57
0.57
0.57
0.57
0.57
0.57
0.57
0.57
0.57
0.57
0.57
0.57
0.57
0.57
0.57
0.52
0.57
0.57
0.57
0.57
0.57
0.62
0.57
0.57
0.57
0.57
0.57
0.58
0.57
0.57
0.57
0.57
0.57
0.57
0.57
0.57
0.57
0.57
0.57
0.57
0.57
0.57
0.57
0.57
0.57
0.57
0.49
0.55
0.58
0.55
0.55
0.55
0.62
0.55
0.56
0.55
0.55
0.55
0.55
0.55
0.55
0.55
0.55
0.55
0.55
0.55
0.55
0.55
0.55
0.55
0.55
0.55
0.55
0.51
0.55
0.55
0.55
0.59
0.55
0.62
0.55
0.55
0.55
0.55
0.55
0.55
0.55
0.55
0.55
0.55
0.55
0.55
0.55
0.55
0.55
0.55
0.55
0.55
0.55
0.55
0.55
0.55
0.55
0.55
0.58
0.55
0.55
0.55
0.55
0.55
0.56
0.55
0.55
0.55
0.55
0.55
0.55
0.55
0.55
0.55
0.55
0.55
0.55
0.55
0.55
0.55
0.55
0.55
0.55
0.51
0.55
