0.35
0.35
0.35
0.37
0.35
0.35
0.35
0.35
0.35
0.36
0.35
0.35
0.35
0.35
0.35
0.35
0.35
0.35
0.35
0.35
0.35
0.34
0.28
0.35
0.35
0.35
0.35
0.35
0.36
0.34
0.35
0.35
0.35
0.35
0.37
0.35
0.37
0.35
0.35
0.35
0.35
0.29
0.35
0.35
0.35
0.35
0.35
0.44
0.35
0.35
0.35
0.35
0.35
0.35
0.34
0.35
0.35
0.35
0.35
0.35
0.35
0.35
0.34
0.35
0.35
0.35
0.39
0.35
0.35
0.35
0.35
0.35
0.35
0.34
0.35
0.35
0.35
0.35
0.35
0.35
0.35
0.35
0.35
0.35
0.35
0.29
0.35
0.35
0.35
0.35
0.35
0.36
0.34
0.35
0.35
0.35
0.35
0.35
0.35
0.35
0.35
0.34
0.35
0.35
0.35
0.35
0.35
0.35
0.35
0.35
0.39
0.34
0.36
0.35
