0.37
0.36
0.37
0.37
0.37
0.37
0.37
0.43
0.37
0.37
0.37
0.37
0.37
0.38
0.37
0.37
0.37
0.37
0.37
0.37
0.36
0.37
0.37
0.37
0.37
0.37
0.37
0.37
0.37
0.37
0.37
0.37
0.38
0.37
0.37
0.37
0.37
0.37
0.37
0.37
0.37
0.37
0.37
0.37
0.37
0.37
0.37
0.37
0.37
0.37
0.37
0.44
0.37
0.46
0.37
0.37
0.37
0.37
0.37
0.37
0.36
0.37
0.37
0.37
0.37
0.37
0.37
0.37
0.37
0.37
0.28
0.35
0.37
0.37
0.37
0.35
0.36
0.34
0.37
0.35
0.35
0.37
0.37
0.37
0.37
0.37
0.37
0.37
0.37
0.31
0.37
0.39
0.37
0.37
0.37
0.43
0.36
0.38
0.37
0.37
0.37
0.37
0.37
0.37
0.37
0.37
0.35
0.37
0.35
0.35
0.31
0.35
0.37
0.37
0.39
0.35
0.44
0.37
0.35
0.37
0.36
0.37
0.37
0.37
0.37
0.36
0.35
0.37
0.37
0.36
0.37
0.35
0.37
0.39
0.34
0.41
0.35
0.35
0.37
0.38
0.37
0.35
0.37
0.35
0.35
0.37
0.36
0.37
0.34
0.37
0.35
0.35
