0.31
0.31
0.31
0.31
0.31
0.29
0.31
0.31
0.31
0.31
0.31
0.40
0.31
0.31
0.31
0.31
0.31
0.31
0.31
0.31
0.31
0.31
0.30
0.31
0.31
0.31
0.31
0.31
0.31
0.30
0.37
0.31
0.31
0.31
0.31
0.31
0.31
0.31
0.31
0.31
0.31
0.31
0.31
0.31
0.31
0.31
0.31
0.31
0.31
0.34
0.31
0.31
0.31
0.31
0.31
0.31
0.30
0.30
0.31
0.31
0.31
0.31
0.31
0.31
0.31
0.31
0.31
0.31
0.34
0.31
0.31
0.31
0.31
0.31
0.31
0.31
0.30
0.31
0.31
0.31
0.31
0.31
0.31
0.31
0.31
0.31
0.31
0.24
0.31
0.31
0.31
0.31
0.31
0.42
0.30
0.31
0.31
0.31
0.31
0.31
0.31
0.31
0.31
0.31
0.31
0.31
0.25
0.31
0.31
0.31
0.31
0.31
0.42
0.28
0.31
0.31
0.31
0.31
0.31
0.30
0.31
0.31
0.29
0.29
0.29
0.29
0.29
0.31
0.31
0.29
0.29
0.38
0.29
0.31
0.31
0.31
0.31
0.32
0.31
0.29
0.29
0.31
0.31
0.29
0.31
0.31
0.31
0.29
0.31
0.31
0.25
0.31
0.31
0.31
0.31
0.31
0.44
0.31
0.32
0.31
0.31
0.31
0.31
0.31
0.31
0.31
0.31
0.31
0.31
0.31
0.31
0.31
0.31
0.31
0.31
0.37
0.30
0.43
0.31
0.31
0.31
0.31
0.31
0.31
0.29
0.31
0.29
0.29
0.31
0.31
0.31
0.29
0.31
0.31
0.25
0.31
0.37
0.29
0.31
0.31
0.32
0.31
0.31
0.31
0.31
0.31
0.29
0.31
0.31
0.29
0.31
0.31
0.29
