0.26
0.27
0.27
0.27
0.27
0.37
0.26
0.27
0.27
0.27
0.27
0.27
0.27
0.24
0.27
0.24
0.22
0.24
0.31
0.26
0.26
0.26
0.26
0.26
0.27
0.26
0.27
0.27
0.27
0.27
0.26
0.22
0.26
0.27
0.27
0.38
0.26
0.27
0.26
0.27
0.26
0.27
0.26
0.26
0.26
0.27
0.27
0.27
0.32
0.26
0.38
0.27
0.27
0.27
0.27
0.27
0.27
0.26
0.26
0.26
0.27
0.31
0.26
0.35
0.26
0.24
0.26
0.27
0.27
0.27
0.25
0.27
0.27
0.27
0.26
0.26
0.27
0.27
0.27
0.27
0.38
0.26
0.27
0.24
0.24
0.27
0.27
0.26
0.26
0.24
0.27
0.27
0.24
0.32
0.26
0.26
0.27
0.25
0.25
0.25
0.26
0.27
0.27
0.26
0.26
0.27
0.19
0.24
0.27
0.26
0.24
0.26
0.27
0.26
0.27
0.27
0.27
0.27
0.27
0.23
0.26
0.27
0.27
0.27
0.24
0.28
0.24
0.26
0.26
