0.23
0.29
0.29
0.29
0.43
0.29
0.46
0.29
0.29
0.29
0.30
0.29
0.29
0.29
0.29
0.29
0.29
0.29
0.29
0.31
0.29
0.29
0.29
0.29
0.29
0.29
0.29
0.29
0.29
0.23
0.29
0.42
0.31
0.29
0.29
0.29
0.29
0.48
0.29
0.29
0.29
0.29
0.29
0.29
0.29
0.29
0.29
0.29
0.29
0.29
0.29
0.29
0.29
0.29
0.29
0.29
0.27
0.29
0.29
0.29
0.31
0.29
0.43
0.29
0.29
0.29
0.29
0.29
0.30
0.29
0.30
0.29
0.29
0.29
0.29
0.29
0.29
0.29
0.29
0.29
0.29
0.29
0.29
0.29
0.29
0.29
0.29
0.24
0.29
0.40
0.29
0.29
0.29
0.44
0.29
0.48
0.29
0.29
0.29
0.30
0.29
0.29
0.29
0.29
0.29
0.29
0.29
0.29
0.29
0.29
0.29
0.29
0.29
0.29
0.29
0.29
0.29
0.29
0.23
0.29
0.43
0.29
0.29
0.29
0.29
0.29
0.49
0.29
0.29
0.29
0.29
0.29
0.29
0.29
0.29
0.29
0.29
0.29
0.29
0.29
0.29
0.29
0.29
0.29
0.29
0.29
0.29
0.29
0.29
0.29
0.29
0.42
