0.39
0.39
0.39
0.39
0.39
0.39
0.39
0.39
0.39
0.39
0.39
0.41
0.39
0.39
0.39
0.39
0.39
0.48
0.39
0.40
0.39
0.39
0.41
0.42
0.39
0.39
0.39
0.39
0.39
0.39
0.39
0.39
0.39
0.39
0.39
0.39
0.42
0.39
0.46
0.39
0.39
0.41
0.40
0.39
0.39
0.41
0.39
0.39
0.39
0.41
0.39
0.39
0.39
0.39
0.39
0.38
0.39
0.33
0.39
0.39
0.39
0.42
0.41
0.46
0.39
0.39
0.39
0.40
0.39
0.39
0.39
0.39
0.38
0.39
0.39
0.39
0.41
0.39
0.39
0.39
0.35
0.39
0.33
0.39
0.41
0.39
0.43
0.41
0.50
0.39
0.39
0.39
0.41
0.39
0.39
0.39
0.39
0.39
0.39
0.39
0.39
0.39
0.39
0.39
0.39
0.33
0.39
0.41
0.39
0.39
0.39
0.39
0.39
0.47
0.39
0.39
0.39
0.42
0.39
0.39
0.39
0.41
0.39
0.42
0.39
0.39
0.39
0.39
0.39
0.39
0.39
0.41
0.35
0.41
0.39
0.39
0.39
0.39
0.50
0.41
0.41
0.41
0.41
0.41
0.42
0.39
0.39
0.39
0.39
0.39
0.39
0.39
0.39
0.39
0.39
0.39
0.39
0.41
0.39
0.39
0.39
0.39
0.39
0.47
0.39
0.40
0.39
0.39
0.39
0.39
0.39
0.39
0.39
0.39
0.39
0.39
0.39
0.39
0.39
0.39
0.39
0.39
0.34
0.39
0.41
0.39
0.39
0.39
0.46
0.39
0.42
0.39
0.39
0.39
0.40
0.39
0.39
0.39
0.39
0.39
0.39
0.39
0.39
0.39
0.39
0.39
0.39
0.33
0.39
0.41
0.39
0.39
0.39
0.46
0.39
0.40
0.39
0.39
0.39
0.39
0.39
0.39
0.39
0.39
