0.35
0.35
0.35
0.34
0.35
0.35
0.35
0.35
0.35
0.35
0.35
0.35
0.35
0.35
0.35
0.37
0.35
0.39
0.35
0.35
0.35
0.36
0.34
0.35
0.35
0.35
0.35
0.33
0.33
0.33
0.34
0.33
0.33
0.35
0.31
0.35
0.26
0.33
0.33
0.33
0.39
0.32
0.44
0.34
0.35
0.33
0.35
0.35
0.35
0.35
0.32
0.35
0.35
0.35
0.35
0.31
0.35
0.33
0.35
0.37
0.35
0.37
0.35
0.35
0.35
0.34
0.32
0.35
0.35
0.35
0.34
0.35
0.35
0.35
0.35
0.35
0.34
0.35
0.31
0.35
0.37
0.34
0.35
0.35
0.43
0.33
0.36
0.35
0.35
0.35
0.35
0.35
0.35
0.35
0.35
0.35
0.35
0.34
0.33
0.31
0.35
0.35
0.35
0.39
0.35
0.43
0.35
0.35
0.35
0.35
0.35
0.35
0.35
0.35
0.35
0.35
0.35
0.35
0.35
0.34
0.35
0.33
0.37
