0.25
0.26
0.27
0.25
0.25
0.25
0.25
0.19
0.25
0.25
0.25
0.31
0.25
0.26
0.25
0.25
0.27
0.25
0.24
0.27
0.25
0.27
0.25
0.27
0.18
0.25
0.31
0.25
0.25
0.25
0.26
0.25
0.27
0.25
0.25
0.25
0.25
0.25
0.25
0.25
0.25
0.25
0.25
0.29
0.27
0.39
0.27
0.25
0.25
0.27
0.25
0.25
0.25
0.25
0.25
0.27
0.18
0.27
0.25
0.25
0.25
0.25
0.26
0.25
0.27
0.25
0.25
0.27
0.25
0.25
0.25
0.25
0.25
0.25
0.25
0.31
0.27
0.25
0.27
0.25
0.25
0.25
0.25
0.25
0.25
0.25
0.25
0.25
0.20
0.27
0.25
0.27
0.25
0.27
0.37
0.25
0.24
0.25
0.25
0.24
0.25
0.25
0.25
0.25
0.25
0.25
0.27
0.28
0.27
0.25
0.25
0.27
0.25
0.26
0.25
0.25
0.25
0.25
0.25
0.25
0.23
0.25
0.27
0.24
0.27
0.25
0.26
0.27
0.27
0.27
0.27
0.24
0.25
0.27
0.24
0.25
0.25
0.23
0.25
0.28
0.24
0.25
0.25
0.25
0.27
0.25
0.25
0.25
0.25
0.25
0.27
0.27
0.23
0.27
0.27
0.24
0.31
0.24
0.39
0.25
0.25
0.25
0.25
0.24
0.25
0.27
0.27
0.27
0.25
0.23
0.27
0.27
0.24
0.25
0.24
0.37
0.27
0.26
0.27
0.25
0.27
0.27
0.27
0.25
0.27
0.27
0.26
0.27
0.18
0.27
0.33
0.25
0.23
0.27
0.26
0.25
0.27
0.27
0.25
0.26
0.27
0.25
0.25
0.21
0.25
0.25
0.25
0.31
0.25
0.26
0.23
0.25
0.27
0.25
0.25
0.27
0.25
0.25
0.24
0.25
0.18
0.25
0.35
0.25
0.25
0.25
0.26
0.25
0.27
0.27
0.25
0.27
0.23
0.25
0.25
0.25
0.25
0.25
0.25
0.31
0.25
0.26
0.26
0.27
0.25
0.25
0.24
0.25
0.24
0.25
0.24
0.25
