0.37
0.37
0.37
0.37
0.37
0.37
0.37
0.37
0.39
0.37
0.43
0.37
0.37
0.37
0.38
0.37
0.37
0.37
0.37
0.37
0.37
0.37
0.37
0.37
0.37
0.37
0.37
0.35
0.37
0.31
0.36
0.37
0.37
0.45
0.37
0.38
0.37
0.37
0.37
0.37
0.37
0.37
0.37
0.37
0.37
0.37
0.36
0.37
0.37
0.37
0.37
0.37
0.31
0.37
0.39
0.37
0.37
0.37
0.37
0.37
0.37
0.37
0.37
0.37
0.37
0.37
0.37
0.37
0.37
0.37
0.37
0.35
0.37
0.31
0.37
0.37
0.37
0.37
0.37
0.45
0.37
0.37
0.37
0.37
0.37
0.37
0.37
0.37
0.37
0.37
0.37
0.37
0.35
0.37
0.37
0.37
0.37
0.36
0.41
0.37
0.37
0.37
0.37
0.37
0.37
0.37
0.37
0.37
0.37
0.37
0.37
0.37
0.37
0.37
0.37
0.37
0.37
0.39
0.37
0.37
0.37
0.37
0.37
0.38
0.37
0.37
0.37
0.37
0.37
0.37
0.37
0.37
0.37
0.37
0.37
0.37
0.31
0.37
0.37
0.37
0.37
0.37
0.45
0.37
0.37
0.37
0.36
0.37
0.37
0.37
0.37
0.37
0.37
0.37
