0.51
0.51
0.51
0.51
0.51
0.45
0.51
0.54
0.51
0.51
0.51
0.53
0.51
0.52
0.51
0.51
0.51
0.51
0.51
0.51
0.51
0.51
0.51
0.51
0.51
0.51
0.51
0.51
0.51
0.51
0.46
0.51
0.54
0.51
0.51
0.51
0.51
0.51
0.52
0.51
0.51
0.51
0.51
0.51
0.51
0.51
0.51
0.51
0.51
0.51
0.51
0.51
0.51
0.51
0.51
0.51
0.51
0.53
0.51
0.51
0.51
0.51
0.51
0.52
0.51
0.51
0.51
0.51
0.51
0.51
0.51
0.51
0.51
0.51
0.51
0.51
0.51
0.51
0.51
0.51
0.51
0.51
0.54
0.51
0.51
0.51
0.51
0.51
0.52
0.51
0.51
0.51
0.51
0.51
0.51
0.51
0.51
0.51
0.51
0.49
0.49
0.49
0.49
0.49
0.49
0.49
0.49
0.43
0.49
0.52
0.49
0.49
0.49
0.57
0.49
0.50
0.49
0.49
0.49
0.49
0.49
0.49
0.49
0.49
0.49
0.49
0.49
0.49
0.49
0.49
0.49
0.49
0.47
0.49
0.43
0.49
0.49
0.49
0.52
0.49
0.57
0.49
0.49
0.49
0.49
0.49
0.49
0.51
0.49
0.49
0.49
0.49
0.49
0.49
0.49
0.49
0.49
0.49
0.49
0.48
0.49
0.49
0.49
0.49
0.49
0.43
0.49
0.49
0.49
0.49
0.49
0.54
0.49
0.49
0.49
0.49
0.49
0.50
0.49
0.49
0.49
0.49
0.49
0.49
0.49
0.49
0.49
0.49
0.49
0.49
0.49
0.49
0.49
0.49
0.49
0.49
0.51
0.49
