milliseconds	Werte
463	0
463	
6;0;0;56;54;0.0
487	0
487	
30;0;0;56;54;0.0
515	0
515	
54;0;0;56;54;10.0
539	0
539	
78;0;0;56;54;10.0
563	0
563	
102;0;0;56;54;10.0
587	0
587	
129;0;0;56;54;10.0
612	0
612	
154;0;0;56;54;10.0
648	0
648	
184;0;0;56;54;10.0
669	0
669	
208;0;0;56;54;10.0
693	0
693	
233;0;0;56;54;10.0
718	0
718	
260;0;0;56;54;11.0
742	0
742	
284;0;0;55;54;9.0
766	0
766	
308;0;0;56;54;9.0
790	0
790	
332;0;0;56;54;10.0
817	0
817	
356;0;0;56;54;10.0
850	0
850	
380;0;0;55;54;10.0
869	0
869	
405;0;0;55;54;10.0
890	0
890	
431;0;0;55;54;10.0
915	0
915	
457;0;0;56;54;11.0
939	0
939	
481;0;0;56;54;11.0
963	0
963	
505;0;0;56;54;10.0
987	0
987	
529;0;0;56;54;10.0
1014	0
1014	
553;0;0;56;54;10.0
1038	0
1038	
577;0;0;56;54;10.0
1069	0
1069	
601;0;0;56;54;10.0
1091	0
1091	
629;0;0;56;54;10.0
1111	0
1111	
653;0;0;56;54;10.0
1135	0
1135	
677;0;0;56;54;10.0
1159	0
1159	
701;0;0;56;54;10.0
1183	0
1183	
725;0;0;56;54;10.0
1210	0
1210	
749;0;0;56;54;10.0
1234	0
1234	
773;0;0;56;54;10.0
1258	0
1258	
797;0;0;56;54;10.0
1289	0
1289	
824;0;0;56;54;10.0
1310	0
1310	
849;0;0;56;54;10.0
1332	0
1332	
874;0;0;56;54;10.0
1356	0
1356	
898;0;0;56;54;9.0
1381	0
1381	
922;0;0;56;54;9.0
1407	0
1407	
946;0;0;56;54;15.0
1431	0
1431	
970;0;0;56;54;15.0
1455	0
1455	
995;0;0;56;54;9.0
1480	0
1480	
1022;0;0;56;54;10.0
1516	0
1516	
1046;0;0;56;54;9.0
1532	0
1532	
1070;0;0;56;54;9.0
1552	0
1552	
1094;0;0;56;54;10.0
1580	0
1580	
1119;0;0;56;54;10.0
1604	0
1604	
1143;0;0;56;54;9.0
1627	0
1627	
1167;0;0;56;54;9.0
1652	0
1652	
1195;0;0;56;54;10.0
1678	0
1678	
1220;0;0;56;54;10.0
1703	0
1703	
1245;0;0;56;54;10.0
1735	0
1735	
1273;0;0;56;54;10.0
1758	0
1758	
1298;0;0;56;54;10.0
1783	0
1783	
1325;0;0;56;54;9.0
1807	0
1807	
1349;0;0;56;54;10.0
1831	0
1831	
1373;0;0;56;54;10.0
1855	0
1855	
1397;0;0;56;54;10.0
1882	0
1882	
1421;0;0;56;54;10.0
1906	0
1906	
1445;0;0;56;54;10.0
1930	0
1930	
1469;0;0;56;54;10.0
1964	0
1964	
1501;0;0;56;54;9.0
1985	0
1985	
1527;0;0;56;54;10.0
2009	0
2009	
1551;0;0;56;54;10.0
2033	0
2033	
1575;0;0;56;54;9.0
2058	0
2058	
1599;0;0;56;54;9.0
2084	0
2084	
1623;0;0;56;54;10.0
2108	0
2108	
1647;0;0;56;54;10.0
2132	0
2132	
1673;0;0;56;54;10.0
2161	0
2161	
1699;0;0;56;54;13.0
2185	0
2185	
1724;0;0;56;54;13.0
2206	0
2206	
1748;0;0;56;54;10.0
2230	0
2230	
1772;0;0;56;54;10.0
2255	0
2255	
1796;0;0;56;54;10.0
2281	0
2281	
1820;0;0;56;54;10.0
2305	0
2305	
1844;0;0;56;54;9.0
2329	0
2329	
1869;0;0;56;54;9.0
2354	0
2354	
1897;0;0;56;54;10.0
2391	0
2391	
1921;0;0;56;54;10.0
2407	0
2407	
1946;0;0;56;54;10.0
2428	0
2428	
1970;0;0;56;54;13.0
2454	0
2454	
1995;0;0;56;54;13.0
2480	0
2480	
2019;0;0;56;54;10.0
2504	0
2504	
2043;0;0;56;54;10.0
2528	0
2528	
2068;0;0;56;54;12.0
2553	0
2553	
2095;0;0;56;54;9.0
2578	0
2578	
2120;0;0;56;54;10.0
2614	0
2614	
2144;0;0;56;54;10.0
2633	0
2633	
2168;0;0;56;54;9.0
2650	0
2650	
2192;0;0;56;54;9.0
2677	0
2677	
2216;0;0;56;54;10.0
2701	0
2701	
2240;0;0;56;54;10.0
2725	0
2725	
2264;0;0;56;54;10.0
2749	0
2749	
2291;0;0;56;54;10.0
2774	0
2774	
2316;0;0;56;54;10.0
2798	0
2798	
2340;0;0;56;54;10.0
2830	0
2830	
2368;0;0;56;54;10.0
2853	0
2853	
2393;0;0;56;54;10.0
2878	0
2878	
2420;0;0;56;54;10.0
2903	0
2903	
2445;0;0;56;54;10.0
2927	0
2927	
2469;0;0;56;54;12.0
2951	0
2951	
2494;0;0;56;54;12.0
2979	0
2979	
2518;0;0;56;54;11.0
3003	0
3003	
2542;0;0;56;54;11.0
3027	0
3027	
2566;0;0;56;54;10.0
3060	0
3060	
2601;0;0;56;54;9.0
3083	0
3083	
2625;0;0;56;54;9.0
3107	0
3107	
2649;0;0;56;54;12.0
3132	0
3132	
2673;0;0;56;54;12.0
3158	0
3158	
2698;0;0;56;54;10.0
3183	0
3183	
2723;0;0;56;54;10.0
3208	0
3208	
2750;0;0;56;54;10.0
3232	0
3232	
2774;0;0;56;54;10.0
3267	0
3267	
2799;0;0;56;54;10.0
3288	0
3288	
2824;0;0;56;54;10.0
3310	0
3310	
2849;0;0;56;54;10.0
3334	0
3334	
2873;0;0;56;54;9.0
3358	0
3358	
2899;0;0;56;54;9.0
3383	0
3383	
2925;0;0;56;54;10.0
3407	0
3407	
2949;0;0;56;54;10.0
3431	0
3431	
2973;0;0;56;54;10.0
3458	0
3458	
2998;0;0;56;54;10.0
3492	0
3492	
3022;0;0;56;54;9.0
3511	0
3511	
3048;0;0;56;54;10.0
3531	0
3531	
3072;0;0;56;54;10.0
3556	0
3556	
3098;0;0;56;54;11.0
3580	0
3580	
3122;0;0;56;54;11.0
3605	0
3605	
3146;0;0;56;54;10.0
3629	0
3629	
3170;0;0;56;54;10.0
3655	0
3655	
3194;0;0;56;54;10.0
3679	0
3679	
3219;0;0;56;54;10.0
3713	0
3713	
3253;0;0;56;54;10.0
3735	0
3735	
3277;0;0;56;54;10.0
3759	0
3759	
3302;0;0;56;54;10.0
3785	0
3785	
3326;0;0;56;54;10.0
3811	0
3811	
3350;0;0;56;54;10.0
3835	0
3835	
3374;0;0;56;54;11.0
3859	0
3859	
3400;0;0;56;54;11.0
3884	0
3884	
3426;0;0;56;54;10.0
3920	0
3920	
3450;0;0;56;54;10.0
3938	0
3938	
3475;0;0;56;54;10.0
3959	0
3959	
3500;0;0;56;54;13.0
3985	0
3985	
3524;0;0;56;54;13.0
4009	0
4009	
3548;0;0;56;54;10.0
4033	0
4033	
3573;0;0;56;54;10.0
4058	0
4058	
3601;0;0;56;54;10.0
4083	0
4083	
3625;0;0;56;54;10.0
4107	0
4107	
3649;0;0;56;54;10.0
4143	0
4143	
3673;0;0;56;54;10.0
4162	0
4162	
3697;0;0;56;54;10.0
4182	0
4182	
3721;0;0;56;54;12.0
4206	0
4206	
3745;0;0;56;54;12.0
4230	0
4230	
3771;0;0;56;54;10.0
4255	0
4255	
3797;0;0;56;54;10.0
4279	0
4279	
3821;0;0;56;54;10.0
4303	0
4303	
3845;0;0;56;54;10.0
4331	0
4331	
3869;0;0;56;54;10.0
4369	0
4369	
3893;0;0;56;54;10.0
4383	0
4383	
3917;0;0;56;54;10.0
4403	0
4403	
3943;0;0;56;54;10.0
4427	0
4427	
3969;0;0;56;54;11.0
4451	0
4451	
3993;0;0;56;54;11.0
4475	0
4475	
4017;0;0;56;54;10.0
4499	0
4499	
4041;0;0;56;54;10.0
4526	0
4526	
4065;0;0;56;54;10.0
4550	0
4550	
4089;0;0;56;54;10.0
4583	0
4583	
4123;0;0;56;54;10.0
4605	0
4605	
4147;0;0;56;54;10.0
4629	0
4629	
4171;0;0;56;54;10.0
4653	0
4653	
4195;0;0;56;54;10.0
4678	0
4678	
4219;0;0;56;54;10.0
4704	0
4704	
4243;0;0;56;54;11.0
4728	0
4728	
4267;0;0;56;54;11.0
4752	0
4752	
4292;0;0;56;54;10.0
4781	0
4781	
4319;0;0;56;54;9.0
4805	0
4805	
4345;0;0;56;54;10.0
4827	0
4827	
4369;0;0;56;54;9.0
4851	0
4851	
4393;0;0;56;54;10.0
4876	0
4876	
4417;0;0;56;54;10.0
4900	0
4900	
4441;0;0;56;54;9.0
4925	0
4925	
4465;0;0;56;54;9.0
4950	0
4950	
4491;0;0;56;54;10.0
4975	0
4975	
4517;0;0;56;54;10.0
5011	0
5011	
4541;0;0;56;54;10.0
5029	0
5029	
4566;0;0;56;54;10.0
5049	0
5049	
4590;0;0;56;54;10.0
5073	0
5073	
4614;0;0;56;54;10.0
5099	0
5099	
4638;0;0;56;54;10.0
5123	0
5123	
4664;0;0;56;54;10.0
5148	0
5148	
4690;0;0;56;54;10.0
5172	0
5172	
4714;0;0;56;54;10.0
5196	0
5196	
4738;0;0;56;54;11.0
5232	0
5232	
4762;0;0;56;54;11.0
5251	0
5251	
4787;0;0;56;54;10.0
5272	0
5272	
4811;0;0;56;54;10.0
5296	0
5296	
4837;0;0;56;54;10.0
5321	0
5321	
4863;0;0;56;54;10.0
5345	0
5345	
4887;0;0;56;54;10.0
5369	0
5369	
4911;0;0;56;54;9.0
5393	0
5393	
4935;0;0;56;54;9.0
5420	0
5420	
4959;0;0;56;54;10.0
5453	0
5453	
4983;0;0;56;54;10.0
5472	0
5472	
5009;0;0;56;54;10.0
5494	0
5494	
5036;0;0;56;54;10.0
5519	0
5519	
5061;0;0;56;54;10.0
5543	0
5543	
5085;0;0;56;54;10.0
5567	0
5567	
5109;0;0;56;54;10.0
5592	0
5592	
5133;0;0;56;54;10.0
5618	0
5618	
5157;0;0;56;54;10.0
5642	0
5642	
5181;0;0;56;54;10.0
5670	0
5670	
5212;0;0;56;54;9.0
5695	0
5695	
5237;0;0;56;54;11.0
5719	0
5719	
5261;0;0;56;54;10.0
5745	0
5745	
5285;0;0;56;54;9.0
5770	0
5770	
5309;0;0;56;54;9.0
5794	0
5794	
5333;0;0;56;54;10.0
5818	0
5818	
5358;0;0;56;54;10.0
5843	0
5843	
5385;0;0;56;54;10.0
5872	0
5872	
5410;0;0;56;54;10.0
5895	0
5895	
5435;0;0;56;54;10.0
5917	0
5917	
5459;0;0;56;54;10.0
5942	0
5942	
5483;0;0;56;54;10.0
5968	0
5968	
5508;0;0;56;54;10.0
5993	0
5993	
5533;0;0;56;54;10.0
6018	0
6018	
5560;0;0;56;54;10.0
6042	0
6042	
5584;0;0;56;54;10.0
6068	0
6068	
5610;0;0;56;54;10.0
6104	0
6104	
5638;0;0;56;54;10.0
6123	0
6123	
5664;0;0;56;54;10.0
6148	0
6148	
5690;0;0;56;54;11.0
6172	0
6172	
5714;0;0;56;54;10.0
6196	0
6196	
5738;0;0;56;54;10.0
6222	0
6222	
5762;0;0;56;54;11.0
6245	0
6245	
5786;0;0;56;54;11.0
6271	0
6271	
5810;0;0;56;54;10.0
6295	0
6295	
5834;0;0;56;54;10.0
6324	0
6324	
5866;0;0;56;54;10.0
6348	0
6348	
5890;0;0;56;54;10.0
6372	0
6372	
5914;0;0;56;54;10.0
6396	0
6396	
5938;0;0;56;54;10.0
6421	0
6421	
5962;0;0;56;54;10.0
6448	0
6448	
5987;0;0;56;54;10.0
6472	0
6472	
6013;0;0;56;54;10.0
6497	0
6497	
6039;0;0;56;54;10.0
6531	0
6531	
6063;0;0;56;54;10.0
6552	0
6552	
6088;0;0;56;54;10.0
6574	0
6574	
6113;0;0;56;54;10.0
6598	0
6598	
6137;0;0;56;54;10.0
6622	0
6622	
6163;0;0;56;54;10.0
6647	0
6647	
6189;0;0;56;54;10.0
6671	0
6671	
6213;0;0;56;54;10.0
6695	0
6695	
6237;0;0;56;54;11.0
6720	0
6720	
6261;0;0;56;54;11.0
6755	0
6755	
6285;0;0;56;54;10.0
6774	0
6774	
6311;0;0;56;54;10.0
6796	0
6796	
6338;0;0;56;54;9.0
6820	0
6820	
6363;0;0;56;54;9.0
6845	0
6845	
6387;0;0;56;54;9.0
6869	0
6869	
6412;0;0;56;54;10.0
6897	0
6897	
6436;0;0;56;54;10.0
6922	0
6922	
6461;0;0;56;54;9.0
6946	0
6946	
6488;0;0;56;54;9.0
6974	0
6974	
6516;0;0;56;54;11.0
6998	0
6998	
6540;0;0;56;54;10.0
7022	0
7022	
6564;0;0;56;54;10.0
7047	0
7047	
6588;0;0;56;54;10.0
7073	0
7073	
6613;0;0;56;54;10.0
7098	0
7098	
6639;0;0;56;54;10.0
7123	0
7123	
6665;0;0;56;54;10.0
7147	0
7147	
6689;0;0;56;54;10.0
7185	0
7185	
6714;0;0;56;54;10.0
7203	0
7203	
6739;0;0;56;54;10.0
7224	0
7224	
6763;0;0;56;54;10.0
7248	0
7248	
6787;0;0;56;54;10.0
7273	0
7273	
6815;0;0;56;54;9.0
7298	0
7298	
6840;0;0;56;54;10.0
7322	0
7322	
6864;0;0;56;54;10.0
7346	0
7346	
6888;0;0;56;54;10.0
7373	0
7373	
6913;0;0;56;54;10.0
7407	0
7407	
6948;0;0;56;54;10.0
7430	0
7430	
6972;0;0;56;54;10.0
7454	0
7454	
6996;0;0;56;54;10.0
7478	0
7478	
7020;0;0;56;54;10.0
7503	0
7503	
7044;0;0;56;54;9.0
7529	0
7529	
7068;0;0;56;54;10.0
7553	0
7553	
7092;0;0;56;54;10.0
7577	0
7577	
7118;0;0;56;54;10.0
7602	0
7602	
7144;0;0;56;54;10.0
7630	0
7630	
7172;0;0;56;54;10.0
7655	0
7655	
7196;0;0;56;54;10.0
7681	0
7681	
7220;0;0;56;54;10.0
7705	0
7705	
7244;0;0;56;54;10.0
7729	0
7729	
7269;0;0;56;54;10.0
7754	0
7754	
7296;0;0;56;54;10.0
7778	0
7778	
7320;0;0;56;54;10.0
7802	0
7802	
7344;0;0;56;54;10.0
7836	0
7836	
7368;0;0;56;54;10.0
7857	0
7857	
7393;0;0;56;54;10.0
7878	0
7878	
7417;0;0;56;54;10.0
7902	0
7902	
7442;0;0;56;54;10.0
7927	0
7927	
7469;0;0;56;54;13.0
7951	0
7951	
7493;0;0;56;54;10.0
7975	0
7975	
7517;0;0;56;54;10.0
8004	0
8004	
7542;0;0;56;54;10.0
8027	0
8027	
7566;0;0;56;54;10.0
8060	0
8060	
7590;0;0;56;54;10.0
8079	0
8079	
7615;0;0;56;54;10.0
8100	0
8100	
7641;0;0;56;54;13.0
8126	0
8126	
7668;0;0;56;54;11.0
8150	0
8150	
7692;0;0;56;54;9.0
8174	0
8174	
7716;0;0;56;54;9.0
8198	0
8198	
7740;0;0;56;54;13.0
8225	0
8225	
7764;0;0;56;54;13.0
8250	0
8250	
7789;0;0;56;54;10.0
8281	0
8281	
7816;0;0;56;54;10.0
8302	0
8302	
7842;0;0;56;54;10.0
8324	0
8324	
7866;0;0;56;54;11.0
8348	0
8348	
7890;0;0;56;54;11.0
8375	0
8375	
7915;0;0;56;54;10.0
8400	0
8400	
7939;0;0;56;54;10.0
8424	0
8424	
7964;0;0;56;54;10.0
8449	0
8449	
7991;0;0;56;54;13.0
8474	0
8474	
8016;0;0;56;54;11.0
8510	0
8510	
8040;0;0;56;54;11.0
8528	0
8528	
8065;0;0;56;54;10.0
8547	0
8547	
8089;0;0;56;54;10.0
8574	0
8574	
8113;0;0;56;54;9.0
8597	0
8597	
8137;0;0;56;54;9.0
8622	0
8622	
8161;0;0;56;54;10.0
8646	0
8646	
8186;0;0;56;54;10.0
8671	0
8671	
8213;0;0;56;54;10.0
8695	0
8695	
8237;0;0;56;54;10.0
8737	0
8737	
8261;0;0;56;54;10.0
8752	0
8752	
8285;0;0;56;54;10.0
8769	0
8769	
8309;0;0;56;54;10.0
8794	0
8794	
8333;0;0;56;54;14.0
8818	0
8818	
8357;0;0;56;54;14.0
8842	0
8842	
8382;0;0;56;54;9.0
8867	0
8867	
8409;0;0;56;54;10.0
8891	0
8891	
8433;0;0;56;54;10.0
8915	0
8915	
8457;0;0;56;54;10.0
8957	0
8957	
8481;0;0;56;54;10.0
8972	0
8972	
8505;0;0;56;54;10.0
8990	0
8990	
8529;0;0;56;54;10.0
9014	0
9014	
8555;0;0;56;54;10.0
9039	0
9039	
8581;0;0;56;54;10.0
9063	0
9063	
8605;0;0;56;54;10.0
9087	0
9087	
8629;0;0;56;54;10.0
9113	0
9113	
8654;0;0;56;54;10.0
9139	0
9139	
8678;0;0;56;54;10.0
9168	0
9168	
8702;0;0;56;54;10.0
9192	0
9192	
8731;0;0;56;54;10.0
9213	0
9213	
8755;0;0;56;54;9.0
9237	0
9237	
8779;0;0;56;54;9.0
9261	0
9261	
8803;0;0;56;54;10.0
9286	0
9286	
8827;0;0;56;54;10.0
9312	0
9312	
8851;0;0;56;54;10.0
9336	0
9336	
8875;0;0;56;54;10.0
9360	0
9360	
8901;0;0;56;54;10.0
9390	0
9390	
8927;0;0;56;54;10.0
9416	0
9416	
8952;0;0;56;54;10.0
9434	0
9434	
8976;0;0;56;54;10.0
9462	0
9462	
9001;0;0;56;54;10.0
9486	0
9486	
9025;0;0;56;54;11.0
9510	0
9510	
9050;0;0;56;54;11.0
9535	0
9535	
9077;0;0;56;54;10.0
9559	0
9559	
9101;0;0;56;54;10.0
9583	0
9583	
9125;0;0;56;54;10.0
9620	0
9620	
9149;0;0;56;54;10.0
9638	0
9638	
9174;0;0;56;54;10.0
9659	0
9659	
9198;0;0;56;54;13.0
9683	0
9683	
9223;0;0;56;54;13.0
9709	0
9709	
9251;0;0;56;54;10.0
9733	0
9733	
9275;0;0;56;54;10.0
9757	0
9757	
9299;0;0;56;54;10.0
9784	0
9784	
9324;0;0;56;54;10.0
9809	0
9809	
9348;0;0;56;54;10.0
9842	0
9842	
9383;0;0;56;54;11.0
9865	0
9865	
9407;0;0;56;54;11.0
9889	0
9889	
9431;0;0;56;54;10.0
9913	0
9913	
9455;0;0;56;54;10.0
9938	0
9938	
9479;0;0;56;54;10.0
9964	0
9964	
9503;0;0;56;54;10.0
9988	0
9988	
9527;0;0;56;54;10.0
10012	0
10012	
9552;0;0;56;54;10.0
10037	0
10037	
9579;0;0;56;54;10.0
10068	0
10068	
9610;0;0;56;54;10.0
10093	0
10093	
9634;0;0;56;54;10.0
10117	0
10117	
9658;0;0;56;54;10.0
10143	0
10143	
9682;0;0;56;54;10.0
10167	0
10167	
9708;0;0;56;54;11.0
10192	0
10192	
9734;0;0;56;54;10.0
10216	0
10216	
9758;0;0;56;54;10.0
10240	0
10240	
9782;0;0;56;54;16.0
10264	0
10264	
9806;0;0;56;54;16.0
10300	0
10300	
9834;0;0;56;54;10.0
10319	0
10319	
9862;0;0;56;54;9.0
10344	0
10344	
9886;0;0;56;54;9.0
10368	0
10368	
9910;0;0;56;54;10.0
10392	0
10392	
9934;0;0;56;54;10.0
10417	0
10417	
9958;0;0;56;54;10.0
10444	0
10444	
9983;0;0;56;54;10.0
10468	0
10468	
10009;0;0;56;54;10.0
10497	0
10497	
10035;0;0;56;54;10.0
10521	0
10521	
10060;0;0;56;54;10.0
10542	0
10542	
10084;0;0;56;54;11.0
10566	0
10566	
10108;0;0;56;54;11.0
10590	0
10590	
10132;0;0;56;54;10.0
10617	0
10617	
10156;0;0;56;54;10.0
10641	0
10641	
10180;0;0;56;54;10.0
10665	0
10665	
10204;0;0;56;54;10.0
10689	0
10689	
10231;0;0;56;54;10.0
10726	0
10726	
10261;0;0;56;54;11.0
10746	0
10746	
10285;0;0;56;54;10.0
10770	0
10770	
10309;0;0;56;54;10.0
10794	0
10794	
10333;0;0;56;54;10.0
10818	0
10818	
10360;0;0;56;54;10.0
10843	0
10843	
10385;0;0;56;54;10.0
10867	0
10867	
10409;0;0;56;54;10.0
10892	0
10892	
10434;0;0;56;54;10.0
10927	0
10927	
10458;0;0;56;54;13.0
10947	0
10947	
10482;0;0;56;54;13.0
10967	0
10967	
10506;0;0;56;54;10.0
10991	0
10991	
10531;0;0;56;54;10.0
11017	0
11017	
10559;0;0;56;54;11.0
11041	0
11041	
10583;0;0;56;54;10.0
11066	0
11066	
10607;0;0;56;54;10.0
11089	0
11089	
10631;0;0;56;54;14.0
11116	0
11116	
10655;0;0;56;54;14.0
11150	0
11150	
10691;0;0;56;54;10.0
11174	0
11174	
10716;0;0;56;54;11.0
11198	0
11198	
10740;0;0;56;54;11.0
11222	0
11222	
10764;0;0;56;54;11.0
11247	0
11247	
10788;0;0;56;54;11.0
11273	0
11273	
10812;0;0;56;54;11.0
11297	0
11297	
10836;0;0;56;54;11.0
11321	0
11321	
10862;0;0;56;54;10.0
11350	0
11350	
10888;0;0;56;54;10.0
11373	0
11373	
10914;0;0;56;54;10.0
11396	0
11396	
10939;0;0;56;54;11.0
11422	0
11422	
10963;0;0;56;54;11.0
11448	0
11448	
10987;0;0;56;54;10.0
11472	0
11472	
11011;0;0;56;54;10.0
11496	0
11496	
11037;0;0;56;54;10.0
11521	0
11521	
11063;0;0;56;54;9.0
11545	0
11545	
11087;0;0;56;54;9.0
11586	0
11586	
11111;0;0;56;54;10.0
11600	0
11600	
11135;0;0;56;54;10.0
11618	0
11618	
11159;0;0;56;54;10.0
11644	0
11644	
11183;0;0;56;54;10.0
11668	0
11668	
11207;0;0;56;54;10.0
11692	0
11692	
11232;0;0;56;54;10.0
11717	0
11717	
11259;0;0;56;54;10.0
11741	0
11741	
11283;0;0;56;54;10.0
11778	0
11778	
11307;0;0;56;54;10.0
11797	0
11797	
11332;0;0;56;54;10.0
11815	0
11815	
11356;0;0;56;54;10.0
11841	0
11841	
11380;0;0;56;54;10.0
11865	0
11865	
11404;0;0;56;54;10.0
11889	0
11889	
11430;0;0;56;54;11.0
11914	0
11914	
11456;0;0;56;54;10.0
11938	0
11938	
11480;0;0;56;54;10.0
11962	0
11962	
11504;0;0;56;54;10.0
12000	0
12000	
11530;0;0;56;54;10.0
12019	0
12019	
11555;0;0;56;54;10.0
12040	0
12040	
11581;0;0;56;54;10.0
12065	0
12065	
11607;0;0;56;54;10.0
12090	0
12090	
11632;0;0;56;54;10.0
12114	0
12114	
11656;0;0;56;54;11.0
12139	0
12139	
11680;0;0;56;54;11.0
12165	0
12165	
11704;0;0;56;54;10.0
12194	0
12194	
11729;0;0;56;54;10.0
12217	0
12217	
11758;0;0;56;54;11.0
12241	0
12241	
11782;0;0;56;54;10.0
12265	0
12265	
11807;0;0;56;54;10.0
12292	0
12292	
11832;0;0;56;54;10.0
12317	0
12317	
11856;0;0;56;54;10.0
12341	0
12341	
11880;0;0;56;54;9.0
12365	0
12365	
11907;0;0;56;54;9.0
12391	0
12391	
11933;0;0;56;54;10.0
12427	0
12427	
11957;0;0;56;54;10.0
12446	0
12446	
11982;0;0;56;54;10.0
12465	0
12465	
12006;0;0;56;54;10.0
12491	0
12491	
12031;0;0;56;54;10.0
12516	0
12516	
12057;0;0;56;54;10.0
12541	0
12541	
12083;0;0;56;54;10.0
12565	0
12565	
12107;0;0;56;54;10.0
12590	0
12590	
12132;0;0;56;54;13.0
12623	0
12623	
12157;0;0;56;54;13.0
12646	0
12646	
12184;0;0;56;54;10.0
12669	0
12669	
12211;0;0;56;54;10.0
12694	0
12694	
12236;0;0;56;54;13.0
12718	0
12718	
12260;0;0;56;54;10.0
12742	0
12742	
12284;0;0;56;54;10.0
12769	0
12769	
12308;0;0;56;54;10.0
12793	0
12793	
12333;0;0;56;54;10.0
12818	0
12818	
12360;0;0;56;54;11.0
12849	0
12849	
12385;0;0;56;54;10.0
12872	0
12872	
12410;0;0;56;54;10.0
12893	0
12893	
12435;0;0;56;54;10.0
12917	0
12917	
12459;0;0;56;54;10.0
12944	0
12944	
12483;0;0;56;54;10.0
12968	0
12968	
12507;0;0;56;54;10.0
12993	0
12993	
12531;0;0;56;54;10.0
13016	0
13016	
12558;0;0;56;54;10.0
13045	0
13045	
12583;0;0;56;54;10.0
13069	0
13069	
12608;0;0;56;54;10.0
13091	0
13091	
12632;0;0;56;54;10.0
13114	0
13114	
12656;0;0;56;54;10.0
13138	0
13138	
12680;0;0;56;54;10.0
13163	0
13163	
12704;0;0;56;54;10.0
13189	0
13189	
12728;0;0;56;54;10.0
13213	0
13213	
12752;0;0;56;54;10.0
13237	0
13237	
12777;0;0;56;54;10.0
13271	0
13271	
12808;0;0;56;54;12.0
13291	0
13291	
12832;0;0;56;54;12.0
13314	0
13314	
12856;0;0;56;54;10.0
13341	0
13341	
12880;0;0;56;54;10.0
13365	0
13365	
12904;0;0;56;54;10.0
13389	0
13389	
12928;0;0;56;54;10.0
13413	0
13413	
12955;0;0;56;54;10.0
13438	0
13438	
12980;0;0;56;54;10.0
13473	0
13473	
13004;0;0;56;54;10.0
13495	0
13495	
13028;0;0;56;54;10.0
13513	0
13513	
13052;0;0;56;54;10.0
13536	0
13536	
13076;0;0;56;54;11.0
13561	0
13561	
13100;0;0;56;54;11.0
13585	0
13585	
13124;0;0;56;54;10.0
13609	0
13609	
13149;0;0;56;54;10.0
13634	0
13634	
13176;0;0;56;54;10.0
13658	0
13658	
13200;0;0;56;54;9.0
13695	0
13695	
13224;0;0;56;54;9.0
13712	0
13712	
13249;0;0;56;54;10.0
13733	0
13733	
13274;0;0;56;54;10.0
13759	0
13759	
13298;0;0;56;54;10.0
13783	0
13783	
13322;0;0;56;54;10.0
13807	0
13807	
13348;0;0;56;54;10.0
13832	0
13832	
13374;0;0;56;54;10.0
13856	0
13856	
13398;0;0;56;54;10.0
13897	0
13897	
13422;0;0;56;54;11.0
13910	0
13910	
13446;0;0;56;54;11.0
13930	0
13930	
13470;0;0;56;54;10.0
13953	0
13953	
13494;0;0;56;54;10.0
13979	0
13979	
13518;0;0;56;54;9.0
14003	0
14003	
13544;0;0;56;54;10.0
14028	0
14028	
13570;0;0;56;54;10.0
14052	0
14052	
13594;0;0;56;54;10.0
14076	0
14076	
13618;0;0;56;54;12.0
14114	0
14114	
13656;0;0;56;54;12.0
14138	0
14138	
13680;0;0;56;54;10.0
14162	0
14162	
13704;0;0;56;54;10.0
14186	0
14186	
13728;0;0;56;54;10.0
14211	0
14211	
13752;0;0;56;54;10.0
14238	0
14238	
13776;0;0;56;54;10.0
14261	0
14261	
13800;0;0;56;54;10.0
14285	0
14285	
13825;0;0;56;54;10.0
14314	0
14314	
13852;0;0;56;54;10.0
14338	0
14338	
13878;0;0;56;54;10.0
14361	0
14361	
13903;0;0;56;54;10.0
14385	0
14385	
13927;0;0;56;54;10.0
14412	0
14412	
13951;0;0;56;54;10.0
14436	0
14436	
13975;0;0;56;54;10.0
14460	0
14460	
13999;0;0;56;54;10.0
14485	0
14485	
14027;0;0;56;54;10.0
14509	0
14509	
14051;0;0;56;54;9.0
14545	0
14545	
14079;0;0;56;54;9.0
14564	0
14564	
14103;0;0;56;54;10.0
14588	0
14588	
14127;0;0;56;54;10.0
14612	0
14612	
14151;0;0;56;54;14.0
14636	0
14636	
14178;0;0;56;54;14.0
14661	0
14661	
14203;0;0;56;54;10.0
14685	0
14685	
14227;0;0;56;54;10.0
14709	0
14709	
14251;0;0;56;54;10.0
14745	0
14745	
14275;0;0;56;54;10.0
14764	0
14764	
14299;0;0;56;54;10.0
14784	0
14784	
14323;0;0;56;54;12.0
14808	0
14808	
14347;0;0;56;54;12.0
14832	0
14832	
14373;0;0;56;54;10.0
14857	0
14857	
14399;0;0;56;54;9.0
14881	0
14881	
14423;0;0;56;54;9.0
14905	0
14905	
14447;0;0;56;54;10.0
14930	0
14930	
14471;0;0;56;54;10.0
14965	0
14965	
14507;0;0;56;54;10.0
14990	0
14990	
14532;0;0;56;54;10.0
15014	0
15014	
14556;0;0;56;54;10.0
15039	0
15039	
14580;0;0;56;54;10.0
15063	0
15063	
14604;0;0;56;54;10.0
15090	0
15090	
14630;0;0;56;54;9.0
15115	0
15115	
14657;0;0;56;54;10.0
15139	0
15139	
14681;0;0;56;54;10.0
15174	0
15174	
14705;0;0;56;54;10.0
15194	0
15194	
14729;0;0;56;54;10.0
15213	0
15213	
14754;0;0;56;54;10.0
15239	0
15239	
14778;0;0;56;54;10.0
15263	0
15263	
14802;0;0;56;54;10.0
15287	0
15287	
14828;0;0;56;54;10.0
15312	0
15312	
14854;0;0;56;54;9.0
15337	0
15337	
14879;0;0;56;54;9.0
15361	0
15361	
14903;0;0;56;54;11.0
15397	0
15397	
14939;0;0;56;54;11.0
15423	0
15423	
14964;0;0;56;54;10.0
15446	0
15446	
14988;0;0;56;54;10.0
15470	0
15470	
15012;0;0;56;54;10.0
15495	0
15495	
15036;0;0;56;54;10.0
15521	0
15521	
15060;0;0;56;54;10.0
15545	0
15545	
15084;0;0;56;54;10.0
15569	0
15569	
15109;0;0;56;54;10.0
15601	0
15601	
15136;0;0;56;54;10.0
15622	0
15622	
15160;0;0;56;54;10.0
15642	0
15642	
15184;0;0;56;54;10.0
15666	0
15666	
15208;0;0;56;54;10.0
15690	0
15690	
15232;0;0;56;54;10.0
15715	0
15715	
15256;0;0;56;54;10.0
15741	0
15741	
15280;0;0;56;54;10.0
15765	0
15765	
15304;0;0;56;54;10.0
15789	0
15789	
15329;0;0;56;54;10.0
15822	0
15822	
15356;0;0;56;54;12.0
15843	0
15843	
15381;0;0;56;54;11.0
15863	0
15863	
15405;0;0;56;54;11.0
15887	0
15887	
15429;0;0;56;54;10.0
15914	0
15914	
15453;0;0;56;54;10.0
15938	0
15938	
15477;0;0;56;54;10.0
15962	0
15962	
15501;0;0;56;54;10.0
15986	0
15986	
15528;0;0;56;54;10.0
16017	0
16017	
15553;0;0;56;54;9.0
16039	0
16039	
15577;0;0;56;54;10.0
16059	0
16059	
15601;0;0;56;54;9.0
16083	0
16083	
15625;0;0;56;54;10.0
16110	0
16110	
15651;0;0;56;54;10.0
16136	0
16136	
15675;0;0;56;54;10.0
16160	0
16160	
15700;0;0;56;54;10.0
16185	0
16185	
15727;0;0;56;54;10.0
16210	0
16210	
15752;0;0;56;54;9.0
16246	0
16246	
15780;0;0;56;54;9.0
16265	0
16265	
15804;0;0;56;54;10.0
16289	0
16289	
15828;0;0;56;54;10.0
16313	0
16313	
15854;0;0;56;54;10.0
16338	0
16338	
15880;0;0;56;54;10.0
16362	0
16362	
15904;0;0;56;54;10.0
16386	0
16386	
15928;0;0;56;54;10.0
16411	0
16411	
15952;0;0;56;54;10.0
16441	0
16441	
15976;0;0;56;54;14.0
16465	0
16465	
16003;0;0;56;54;14.0
16488	0
16488	
16030;0;0;56;54;10.0
16512	0
16512	
16054;0;0;56;54;10.0
16536	0
16536	
16078;0;0;56;54;10.0
16560	0
16560	
16102;0;0;56;54;10.0
16585	0
16585	
16126;0;0;56;54;10.0
16612	0
16612	
16152;0;0;56;54;10.0
16639	0
16639	
16177;0;0;56;54;10.0
16664	0
16664	
16206;0;0;56;54;10.0
16688	0
16688	
16230;0;0;56;54;10.0
16712	0
16712	
16254;0;0;56;54;10.0
16736	0
16736	
16278;0;0;56;54;11.0
16761	0
16761	
16302;0;0;56;54;11.0
16787	0
16787	
16326;0;0;56;54;12.0
16811	0
