milliseconds	Werte
481	0
481	
25;0;0;56;54;19.0
506	0
506	
49;0;0;56;54;19.0
530	0
530	
73;0;0;56;54;19.0
556	0
556	
97;0;0;56;54;19.0
581	0
581	
121;0;0;56;54;18.0
605	0
605	
145;0;0;56;54;18.0
629	0
629	
172;0;0;56;54;17.0
664	0
664	
205;0;0;56;54;17.0
687	0
687	
229;0;0;56;54;17.0
711	0
711	
253;0;0;56;54;19.0
737	0
737	
278;0;0;56;54;19.0
762	0
762	
304;0;0;56;54;19.0
786	0
786	
329;0;0;56;54;18.0
811	0
811	
354;0;0;56;54;18.0
835	0
835	
378;0;0;56;54;19.0
871	0
871	
402;0;0;56;54;19.0
891	0
891	
426;0;0;56;54;19.0
910	0
910	
451;0;0;56;54;19.0
935	0
935	
477;0;0;56;54;19.0
959	0
959	
502;0;0;56;54;19.0
984	0
984	
527;0;0;56;54;19.0
1008	0
1008	
551;0;0;56;54;19.0
1034	0
1034	
576;0;0;56;54;19.0
1060	0
1060	
600;0;0;56;54;18.0
1093	0
1093	
634;0;0;56;54;19.0
1115	0
1115	
658;0;0;56;54;19.0
1139	0
1139	
682;0;0;56;54;19.0
1164	0
1164	
706;0;0;56;54;19.0
1188	0
1188	
730;0;0;56;54;19.0
1214	0
1214	
754;0;0;56;54;19.0
1238	0
1238	
780;0;0;56;54;19.0
1263	0
1263	
806;0;0;56;54;19.0
1294	0
1294	
830;0;0;56;54;19.0
1317	0
1317	
855;0;0;56;54;19.0
1337	0
1337	
879;0;0;56;54;19.0
1361	0
1361	
903;0;0;56;54;19.0
1387	0
1387	
927;0;0;56;54;19.0
1411	0
1411	
952;0;0;56;54;19.0
1436	0
1436	
979;0;0;56;54;18.0
1460	0
1460	
1003;0;0;56;54;19.0
1484	0
1484	
1027;0;0;56;54;19.0
1520	0
1520	
1051;0;0;56;54;19.0
1541	0
1541	
1076;0;0;56;54;19.0
1560	0
1560	
1100;0;0;56;54;18.0
1584	0
1584	
1125;0;0;56;54;18.0
1609	0
1609	
1152;0;0;56;54;20.0
1633	0
1633	
1176;0;0;56;54;19.0
1657	0
1657	
1200;0;0;56;54;19.0
1681	0
1681	
1224;0;0;56;54;18.0
1708	0
1708	
1248;0;0;56;54;18.0
1741	0
1741	
1272;0;0;56;54;19.0
1762	0
1762	
1296;0;0;56;54;19.0
1780	0
1780	
1321;0;0;56;54;18.0
1805	0
1805	
1346;0;0;56;54;19.0
1830	0
1830	
1373;0;0;56;54;19.0
1854	0
1854	
1397;0;0;56;54;18.0
1878	0
1878	
1422;0;0;56;54;18.0
1903	0
1903	
1446;0;0;56;54;19.0
1930	0
1930	
1470;0;0;56;54;19.0
1963	0
1963	
1506;0;0;56;54;19.0
1988	0
1988	
1531;0;0;56;54;19.0
2012	0
2012	
1555;0;0;56;54;19.0
2036	0
2036	
1579;0;0;56;54;19.0
2061	0
2061	
1603;0;0;56;54;19.0
2087	0
2087	
1627;0;0;56;54;18.0
2111	0
2111	
1651;0;0;56;54;18.0
2135	0
2135	
1677;0;0;56;54;19.0
2164	0
2164	
1703;0;0;56;54;19.0
2188	0
2188	
1728;0;0;56;54;19.0
2209	0
2209	
1752;0;0;56;54;19.0
2235	0
2235	
1777;0;0;56;54;18.0
2259	0
2259	
1801;0;0;56;54;19.0
2285	0
2285	
1826;0;0;56;54;19.0
2310	0
2310	
1851;0;0;56;54;17.0
2333	0
2333	
1876;0;0;56;54;18.0
2358	0
2358	
1901;0;0;56;54;19.0
2395	0
2395	
1926;0;0;56;54;19.0
2413	0
2413	
1951;0;0;56;54;19.0
2435	0
2435	
1975;0;0;56;54;19.0
2459	0
2459	
2001;0;0;56;54;19.0
2484	0
2484	
2027;0;0;56;54;18.0
2508	0
2508	
2051;0;0;56;54;18.0
2532	0
2532	
2075;0;0;56;54;18.0
2558	0
2558	
2099;0;0;56;54;18.0
2584	0
2584	
2123;0;0;56;54;17.0
2612	0
2612	
2154;0;0;56;54;17.0
2638	0
2638	
2181;0;0;56;54;17.0
2662	0
2662	
2205;0;0;56;54;19.0
2686	0
2686	
2230;0;0;56;54;19.0
2711	0
2711	
2254;0;0;56;54;19.0
2738	0
2738	
2278;0;0;56;54;19.0
2762	0
2762	
2302;0;0;56;54;21.0
2786	0
2786	
2327;0;0;56;54;21.0
2811	0
2811	
2354;0;0;56;54;19.0
2845	0
2845	
2386;0;0;56;54;19.0
2868	0
2868	
2410;0;0;56;54;19.0
2892	0
2892	
2434;0;0;56;54;18.0
2918	0
2918	
2459;0;0;56;54;18.0
2943	0
2943	
2485;0;0;56;54;17.0
2967	0
2967	
2510;0;0;56;54;19.0
2992	0
2992	
2535;0;0;56;54;19.0
3016	0
3016	
2559;0;0;56;54;17.0
3049	0
3049	
2583;0;0;56;54;17.0
3071	0
3071	
2608;0;0;56;54;19.0
3092	0
3092	
2634;0;0;56;54;18.0
3117	0
3117	
2658;0;0;56;54;19.0
3140	0
3140	
2683;0;0;56;54;19.0
3165	0
3165	
2708;0;0;56;54;19.0
3190	0
3190	
2732;0;0;56;54;19.0
3214	0
3214	
2756;0;0;56;54;19.0
3238	0
3238	
2780;0;0;56;54;19.0
3273	0
3273	
2812;0;0;56;54;18.0
3294	0
3294	
2837;0;0;56;54;19.0
3318	0
3318	
2861;0;0;56;54;17.0
3342	0
3342	
2885;0;0;56;54;17.0
3367	0
3367	
2909;0;0;56;54;17.0
3391	0
3391	
2933;0;0;56;54;17.0
3417	0
3417	
2957;0;0;56;54;19.0
3441	0
3441	
2982;0;0;56;54;19.0
3471	0
3471	
3009;0;0;56;54;19.0
3494	0
3494	
3035;0;0;56;54;19.0
3516	0
3516	
3059;0;0;56;54;19.0
3540	0
3540	
3083;0;0;56;54;19.0
3564	0
3564	
3107;0;0;56;54;19.0
3591	0
3591	
3132;0;0;56;54;17.0
3616	0
3616	
3156;0;0;56;54;17.0
3640	0
3640	
3183;0;0;56;54;17.0
3665	0
3665	
3208;0;0;56;54;19.0
3702	0
3702	
3233;0;0;56;54;19.0
3719	0
3719	
3257;0;0;56;54;19.0
3740	0
3740	
3281;0;0;56;54;19.0
3763	0
3763	
3305;0;0;56;54;19.0
3789	0
3789	
3330;0;0;56;54;19.0
3814	0
3814	
3356;0;0;56;54;19.0
3839	0
3839	
3382;0;0;56;54;18.0
3863	0
3863	
3406;0;0;56;54;18.0
3888	0
3888	
3431;0;0;56;54;19.0
3922	0
3922	
3462;0;0;56;54;19.0
3946	0
3946	
3489;0;0;56;54;17.0
3970	0
3970	
3513;0;0;56;54;19.0
3994	0
3994	
3537;0;0;56;54;19.0
4018	0
4018	
3561;0;0;56;54;19.0
4046	0
4046	
3586;0;0;56;54;19.0
4070	0
4070	
3610;0;0;56;54;18.0
4094	0
4094	
3636;0;0;56;54;18.0
4123	0
4123	
3662;0;0;56;54;19.0
4147	0
4147	
3687;0;0;56;54;19.0
4169	0
4169	
3712;0;0;56;54;19.0
4193	0
4193	
3736;0;0;56;54;19.0
4218	0
4218	
3760;0;0;56;54;19.0
4244	0
4244	
3784;0;0;56;54;19.0
4268	0
4268	
3808;0;0;56;54;19.0
4294	0
4294	
3835;0;0;56;54;19.0
4318	0
4318	
3861;0;0;56;54;19.0
4354	0
4354	
3885;0;0;56;54;19.0
4372	0
4372	
3909;0;0;56;54;17.0
4390	0
4390	
3934;0;0;56;54;17.0
4416	0
4416	
3958;0;0;56;54;19.0
4442	0
4442	
3982;0;0;56;54;19.0
4466	0
4466	
4006;0;0;56;54;19.0
4490	0
4490	
4032;0;0;56;54;19.0
4515	0
4515	
4058;0;0;56;54;17.0
4539	0
4539	
4082;0;0;56;54;18.0
4576	0
4576	
4113;0;0;56;54;18.0
4597	0
4597	
4137;0;0;56;54;19.0
4621	0
4621	
4164;0;0;56;54;19.0
4646	0
4646	
4189;0;0;56;54;19.0
4670	0
4670	
4213;0;0;56;54;18.0
4694	0
4694	
4237;0;0;56;54;18.0
4719	0
4719	
4261;0;0;56;54;18.0
4745	0
4745	
4285;0;0;56;54;18.0
4774	0
4774	
4309;0;0;56;54;17.0
4797	0
4797	
4338;0;0;56;54;19.0
4820	0
4820	
4363;0;0;56;54;19.0
4844	0
4844	
4387;0;0;56;54;19.0
4868	0
4868	
4411;0;0;56;54;19.0
4895	0
4895	
4436;0;0;56;54;19.0
4920	0
4920	
4460;0;0;56;54;19.0
4944	0
4944	
4486;0;0;56;54;19.0
4969	0
4969	
4512;0;0;56;54;17.0
5006	0
5006	
4537;0;0;56;54;17.0
5023	0
5023	
4561;0;0;56;54;19.0
5042	0
5042	
4585;0;0;56;54;19.0
5067	0
5067	
4609;0;0;56;54;19.0
5093	0
5093	
4633;0;0;56;54;19.0
5117	0
5117	
4657;0;0;56;54;17.0
5141	0
5141	
4682;0;0;56;54;17.0
5166	0
5166	
4709;0;0;56;54;19.0
5190	0
5190	
4733;0;0;56;54;17.0
5226	0
5226	
4762;0;0;56;54;17.0
5246	0
5246	
4786;0;0;56;54;19.0
5270	0
5270	
4810;0;0;56;54;19.0
5294	0
5294	
4838;0;0;56;54;19.0
5319	0
5319	
4862;0;0;56;54;19.0
5343	0
5343	
4886;0;0;56;54;19.0
5367	0
5367	
4910;0;0;56;54;17.0
5394	0
5394	
4934;0;0;56;54;17.0
5422	0
5422	
4958;0;0;56;54;18.0
5445	0
5445	
4986;0;0;56;54;18.0
5469	0
5469	
5012;0;0;56;54;19.0
5493	0
5493	
5037;0;0;56;54;19.0
5518	0
5518	
5061;0;0;56;54;19.0
5542	0
5542	
5085;0;0;56;54;19.0
5569	0
5569	
5109;0;0;56;54;19.0
5594	0
5594	
5134;0;0;56;54;19.0
5618	0
5618	
5161;0;0;56;54;19.0
5655	0
5655	
5186;0;0;56;54;19.0
5671	0
5671	
5211;0;0;56;54;19.0
5692	0
5692	
5235;0;0;56;54;18.0
5716	0
5716	
5259;0;0;56;54;18.0
5744	0
5744	
5283;0;0;56;54;19.0
5767	0
5767	
5307;0;0;56;54;19.0
5791	0
5791	
5331;0;0;56;54;19.0
5815	0
5815	
5358;0;0;56;54;19.0
5840	0
5840	
5383;0;0;56;54;19.0
5876	0
5876	
5414;0;0;56;54;19.0
5898	0
5898	
5439;0;0;56;54;19.0
5923	0
5923	
5466;0;0;56;54;19.0
5948	0
5948	
5491;0;0;56;54;18.0
5972	0
5972	
5515;0;0;56;54;18.0
5996	0
5996	
5540;0;0;56;54;19.0
6024	0
6024	
5564;0;0;56;54;19.0
6049	0
6049	
5589;0;0;56;54;19.0
6078	0
6078	
5616;0;0;56;54;19.0
6102	0
6102	
5643;0;0;56;54;19.0
6124	0
6124	
5667;0;0;56;54;19.0
6148	0
6148	
5691;0;0;56;54;19.0
6173	0
6173	
5715;0;0;56;54;19.0
6199	0
6199	
5739;0;0;56;54;19.0
6223	0
6223	
5763;0;0;56;54;19.0
6247	0
6247	
5788;0;0;56;54;19.0
6272	0
6272	
5815;0;0;56;54;19.0
6313	0
6313	
5839;0;0;56;54;19.0
6324	0
6324	
5863;0;0;56;54;19.0
6344	0
6344	
5887;0;0;56;54;19.0
6368	0
6368	
5911;0;0;56;54;19.0
6396	0
6396	
5936;0;0;56;54;19.0
6420	0
6420	
5960;0;0;56;54;19.0
6444	0
6444	
5987;0;0;56;54;19.0
6469	0
6469	
6012;0;0;56;54;20.0
6493	0
6493	
6036;0;0;56;54;20.0
6530	0
6530	
6068;0;0;56;54;19.0
6552	0
6552	
6095;0;0;56;54;19.0
6577	0
6577	
6120;0;0;56;54;19.0
6602	0
6602	
6145;0;0;56;54;19.0
6626	0
6626	
6169;0;0;56;54;19.0
6653	0
6653	
6193;0;0;56;54;19.0
6677	0
6677	
6217;0;0;56;54;19.0
6701	0
6701	
6241;0;0;56;54;17.0
6725	0
6725	
6268;0;0;56;54;17.0
6753	0
6753	
6296;0;0;56;54;18.0
6777	0
6777	
6320;0;0;56;54;19.0
6801	0
6801	
6345;0;0;56;54;19.0
6829	0
6829	
6369;0;0;56;54;19.0
6853	0
6853	
6393;0;0;56;54;17.0
6877	0
6877	
6417;0;0;56;54;17.0
6901	0
6901	
6444;0;0;56;54;18.0
6926	0
6926	
6469;0;0;56;54;19.0
6962	0
6962	
6493;0;0;56;54;19.0
6980	0
6980	
6517;0;0;56;54;19.0
6998	0
6998	
6541;0;0;56;54;19.0
7023	0
7023	
6565;0;0;56;54;19.0
7049	0
7049	
6589;0;0;56;54;19.0
7073	0
7073	
6613;0;0;56;54;18.0
7097	0
7097	
6638;0;0;56;54;18.0
7122	0
7122	
6665;0;0;56;54;19.0
7146	0
7146	
6689;0;0;56;54;19.0
7182	0
7182	
6713;0;0;56;54;19.0
7202	0
7202	
6738;0;0;56;54;21.0
7219	0
7219	
6762;0;0;56;54;21.0
7244	0
7244	
6786;0;0;56;54;19.0
7270	0
7270	
6810;0;0;56;54;19.0
7294	0
7294	
6834;0;0;56;54;19.0
7318	0
7318	
6859;0;0;56;54;19.0
7343	0
7343	
6886;0;0;56;54;19.0
7367	0
7367	
6910;0;0;56;54;19.0
7401	0
7401	
6939;0;0;56;54;19.0
7423	0
7423	
6963;0;0;56;54;19.0
7447	0
7447	
6987;0;0;56;54;19.0
7471	0
7471	
7013;0;0;56;54;19.0
7496	0
7496	
7039;0;0;56;54;18.0
7520	0
7520	
7063;0;0;56;54;18.0
7544	0
7544	
7087;0;0;56;54;18.0
7569	0
7569	
7111;0;0;56;54;18.0
7595	0
7595	
7135;0;0;56;54;18.0
7628	0
7628	
7171;0;0;56;54;19.0
7652	0
7652	
7195;0;0;56;54;19.0
7676	0
7676	
7219;0;0;56;54;19.0
7702	0
7702	
7243;0;0;56;54;19.0
7725	0
7725	
7267;0;0;56;54;17.0
7751	0
7751	
7291;0;0;56;54;17.0
7775	0
7775	
7317;0;0;56;54;19.0
7800	0
7800	
7343;0;0;56;54;19.0
7836	0
7836	
7367;0;0;56;54;19.0
7854	0
7854	
7392;0;0;56;54;17.0
7874	0
7874	
7416;0;0;56;54;17.0
7900	0
7900	
7440;0;0;56;54;17.0
7924	0
7924	
7464;0;0;56;54;18.0
7948	0
7948	
7489;0;0;56;54;19.0
7973	0
7973	
7516;0;0;56;54;16.0
7997	0
7997	
7540;0;0;56;54;19.0
8021	0
8021	
7564;0;0;56;54;19.0
8057	0
8057	
7588;0;0;56;54;19.0
8076	0
8076	
7613;0;0;56;54;19.0
8097	0
8097	
7637;0;0;56;54;19.0
8122	0
8122	
7663;0;0;56;54;19.0
8147	0
8147	
7690;0;0;56;54;18.0
8171	0
8171	
7714;0;0;56;54;19.0
8195	0
8195	
7738;0;0;56;54;19.0
8219	0
8219	
7762;0;0;56;54;19.0
8250	0
8250	
7786;0;0;56;54;19.0
8274	0
8274	
7812;0;0;56;54;19.0
8296	0
8296	
7839;0;0;56;54;19.0
8321	0
8321	
7864;0;0;56;54;19.0
8345	0
8345	
7888;0;0;56;54;19.0
8369	0
8369	
7912;0;0;56;54;19.0
8394	0
8394	
7936;0;0;56;54;19.0
8420	0
8420	
7960;0;0;56;54;19.0
8444	0
8444	
7984;0;0;56;54;19.0
8472	0
8472	
8009;0;0;56;54;19.0
8497	0
8497	
8038;0;0;56;54;19.0
8519	0
8519	
8062;0;0;56;54;19.0
8543	0
8543	
8086;0;0;56;54;19.0
8567	0
8567	
8110;0;0;56;54;18.0
8592	0
8592	
8134;0;0;56;54;18.0
8618	0
8618	
8158;0;0;56;54;19.0
8642	0
8642	
8182;0;0;56;54;19.0
8666	0
8666	
8208;0;0;56;54;19.0
8704	0
8704	
8234;0;0;56;54;19.0
8719	0
8719	
8259;0;0;56;54;19.0
8741	0
8741	
8284;0;0;56;54;19.0
8766	0
8766	
8308;0;0;56;54;19.0
8792	0
8792	
8332;0;0;56;54;18.0
8816	0
8816	
8356;0;0;56;54;18.0
8840	0
8840	
8382;0;0;56;54;18.0
8865	0
8865	
8408;0;0;56;54;19.0
8889	0
8889	
8432;0;0;56;54;19.0
8926	0
8926	
8463;0;0;56;54;17.0
8947	0
8947	
8490;0;0;56;54;17.0
8972	0
8972	
8515;0;0;56;54;19.0
8996	0
8996	
8539;0;0;56;54;20.0
9020	0
9020	
8563;0;0;56;54;20.0
9044	0
9044	
8587;0;0;56;54;17.0
9071	0
9071	
8611;0;0;56;54;17.0
9095	0
9095	
8635;0;0;56;54;19.0
9124	0
9124	
8659;0;0;56;54;19.0
9146	0
9146	
8688;0;0;56;54;19.0
9169	0
9169	
8712;0;0;56;54;19.0
9193	0
9193	
8736;0;0;56;54;19.0
9217	0
9217	
8760;0;0;56;54;19.0
9242	0
9242	
8784;0;0;56;54;19.0
9268	0
9268	
8808;0;0;56;54;19.0
9292	0
9292	
8832;0;0;56;54;19.0
9316	0
9316	
8857;0;0;56;54;19.0
9348	0
9348	
8885;0;0;56;54;19.0
9371	0
9371	
8910;0;0;56;54;19.0
9391	0
9391	
8934;0;0;56;54;19.0
9415	0
9415	
8958;0;0;56;54;19.0
9439	0
9439	
8982;0;0;56;54;19.0
9466	0
9466	
9006;0;0;56;54;19.0
9490	0
9490	
9030;0;0;56;54;19.0
9514	0
9514	
9055;0;0;56;54;19.0
9539	0
9539	
9082;0;0;56;54;19.0
9575	0
9575	
9106;0;0;56;54;19.0
9591	0
9591	
9131;0;0;56;54;17.0
9612	0
9612	
9156;0;0;56;54;17.0
9640	0
9640	
9180;0;0;56;54;19.0
9664	0
9664	
9204;0;0;56;54;19.0
9688	0
9688	
9228;0;0;56;54;19.0
9712	0
9712	
9255;0;0;56;54;19.0
9738	0
9738	
9281;0;0;56;54;19.0
9762	0
9762	
9305;0;0;56;54;18.0
9792	0
9792	
9332;0;0;56;54;18.0
9816	0
9816	
9357;0;0;56;54;18.0
9841	0
9841	
9381;0;0;56;54;18.0
9865	0
9865	
9407;0;0;56;54;19.0
9890	0
9890	
9433;0;0;56;54;19.0
9915	0
9915	
9458;0;0;56;54;19.0
9939	0
9939	
9482;0;0;56;54;19.0
9964	0
9964	
9506;0;0;56;54;19.0
9999	0
9999	
9530;0;0;56;54;18.0
10018	0
10018	
9556;0;0;56;54;18.0
10040	0
10040	
9581;0;0;56;54;19.0
10065	0
10065	
9608;0;0;56;54;20.0
10092	0
10092	
9634;0;0;56;54;19.0
10115	0
10115	
9659;0;0;56;54;19.0
10143	0
10143	
9683;0;0;56;54;19.0
10167	0
10167	
9707;0;0;56;54;19.0
10191	0
10191	
9731;0;0;56;54;19.0
10225	0
10225	
9764;0;0;56;54;19.0
10246	0
10246	
9789;0;0;56;54;19.0
10270	0
10270	
9813;0;0;56;54;19.0
10294	0
10294	
9837;0;0;56;54;19.0
10320	0
10320	
9862;0;0;56;54;17.0
10346	0
10346	
9886;0;0;56;54;17.0
10370	0
10370	
9912;0;0;56;54;19.0
10395	0
10395	
9938;0;0;56;54;18.0
10420	0
10420	
9963;0;0;56;54;18.0
10449	0
10449	
9991;0;0;56;54;19.0
10475	0
10475	
10015;0;0;56;54;19.0
10499	0
10499	
10041;0;0;56;54;19.0
10524	0
10524	
10067;0;0;56;54;19.0
10548	0
10548	
10091;0;0;56;54;19.0
10573	0
10573	
10116;0;0;56;54;19.0
10598	0
10598	
10140;0;0;56;54;19.0
10624	0
10624	
10164;0;0;56;54;19.0
10655	0
10655	
10188;0;0;56;54;19.0
10676	0
10676	
10215;0;0;56;54;18.0
10698	0
10698	
10240;0;0;56;54;19.0
10722	0
10722	
10265;0;0;56;54;19.0
10749	0
10749	
10290;0;0;56;54;19.0
10772	0
10772	
10314;0;0;56;54;19.0
10797	0
10797	
10338;0;0;56;54;19.0
10822	0
10822	
10364;0;0;56;54;19.0
10847	0
10847	
10389;0;0;56;54;18.0
10882	0
10882	
10423;0;0;56;54;17.0
10905	0
10905	
10448;0;0;56;54;17.0
10933	0
10933	
10474;0;0;56;54;18.0
10956	0
10956	
10498;0;0;56;54;18.0
10980	0
10980	
10522;0;0;56;54;18.0
11004	0
11004	
10547;0;0;56;54;19.0
11032	0
11032	
10573;0;0;56;54;19.0
11056	0
11056	
10597;0;0;56;54;19.0
11090	0
11090	
10622;0;0;56;54;19.0
11109	0
11109	
10648;0;0;56;54;17.0
11130	0
11130	
10672;0;0;56;54;18.0
11154	0
11154	
10697;0;0;56;54;18.0
11181	0
11181	
10722;0;0;56;54;19.0
11204	0
11204	
10746;0;0;56;54;19.0
11228	0
11228	
10770;0;0;56;54;19.0
11252	0
11252	
10795;0;0;56;54;19.0
11279	0
11279	
10821;0;0;56;54;19.0
11308	0
11308	
10850;0;0;56;54;19.0
11332	0
11332	
10875;0;0;56;54;19.0
11357	0
11357	
10899;0;0;56;54;19.0
11381	0
11381	
10923;0;0;56;54;19.0
11405	0
11405	
10947;0;0;56;54;18.0
11432	0
11432	
10973;0;0;56;54;19.0
11455	0
11455	
10997;0;0;56;54;17.0
11479	0
11479	
11021;0;0;56;54;19.0
11513	0
11513	
11046;0;0;56;54;19.0
11534	0
11534	
11072;0;0;56;54;19.0
11555	0
11555	
11097;0;0;56;54;19.0
11579	0
11579	
11122;0;0;56;54;19.0
11606	0
11606	
11147;0;0;56;54;17.0
11629	0
11629	
11171;0;0;56;54;19.0
11653	0
11653	
11195;0;0;56;54;19.0
11678	0
11678	
11221;0;0;56;54;19.0
11706	0
11706	
11245;0;0;56;54;19.0
11732	0
11732	
11271;0;0;56;54;17.0
11753	0
11753	
11296;0;0;56;54;17.0
11780	0
11780	
11322;0;0;56;54;19.0
11804	0
11804	
11346;0;0;56;54;19.0
11828	0
11828	
11370;0;0;56;54;19.0
11852	0
11852	
11395;0;0;56;54;19.0
11879	0
11879	
11420;0;0;56;54;19.0
11903	0
11903	
11444;0;0;56;54;19.0
11937	0
11937	
11473;0;0;56;54;19.0
11955	0
11955	
11497;0;0;56;54;17.0
11979	0
11979	
11521;0;0;56;54;17.0
12003	0
12003	
11546;0;0;56;54;17.0
12030	0
12030	
11571;0;0;56;54;17.0
12053	0
12053	
11595;0;0;56;54;17.0
12078	0
12078	
11621;0;0;56;54;19.0
12105	0
12105	
11645;0;0;56;54;20.0
12130	0
12130	
11669;0;0;56;54;20.0
12158	0
12158	
11696;0;0;56;54;19.0
12180	0
12180	
11721;0;0;56;54;19.0
12203	0
12203	
11745;0;0;56;54;20.0
12227	0
12227	
11770;0;0;56;54;20.0
12254	0
12254	
11796;0;0;56;54;19.0
12279	0
12279	
11821;0;0;56;54;19.0
12303	0
12303	
11846;0;0;56;54;19.0
12328	0
12328	
11871;0;0;56;54;19.0
12364	0
12364	
11895;0;0;56;54;19.0
12383	0
12383	
11919;0;0;56;54;19.0
12401	0
12401	
11943;0;0;56;54;19.0
12427	0
12427	
11969;0;0;56;54;19.0
12452	0
12452	
11993;0;0;56;54;19.0
12475	0
12475	
12018;0;0;56;54;19.0
12500	0
12500	
12043;0;0;56;54;19.0
12527	0
12527	
12069;0;0;56;54;19.0
12558	0
12558	
12093;0;0;56;54;19.0
12581	0
12581	
12120;0;0;56;54;19.0
12602	0
12602	
12145;0;0;56;54;19.0
12627	0
12627	
12170;0;0;56;54;19.0
12651	0
12651	
12194;0;0;56;54;19.0
12677	0
12677	
12218;0;0;56;54;19.0
12700	0
12700	
12242;0;0;56;54;19.0
12726	0
12726	
12267;0;0;56;54;20.0
12751	0
12751	
12292;0;0;56;54;19.0
12782	0
12782	
12325;0;0;56;54;19.0
12808	0
12808	
12349;0;0;56;54;18.0
12831	0
12831	
12373;0;0;56;54;18.0
12857	0
12857	
12397;0;0;56;54;19.0
12881	0
12881	
12422;0;0;56;54;19.0
12906	0
12906	
12449;0;0;56;54;19.0
12930	0
12930	
12473;0;0;56;54;19.0
12954	0
12954	
12497;0;0;56;54;17.0
12986	0
12986	
12521;0;0;56;54;17.0
13009	0
13009	
12547;0;0;56;54;18.0
13031	0
13031	
12572;0;0;56;54;18.0
13056	0
13056	
12599;0;0;56;54;18.0
13080	0
13080	
12623;0;0;56;54;19.0
13104	0
13104	
12647;0;0;56;54;19.0
13130	0
13130	
12672;0;0;56;54;19.0
13156	0
13156	
12696;0;0;56;54;19.0
13180	0
13180	
12720;0;0;56;54;19.0
13213	0
13213	
12754;0;0;56;54;19.0
13235	0
13235	
12778;0;0;56;54;19.0
13259	0
13259	
12802;0;0;56;54;16.0
13285	0
13285	
12826;0;0;56;54;16.0
13310	0
13310	
12850;0;0;56;54;19.0
13334	0
13334	
12874;0;0;56;54;19.0
13358	0
13358	
12898;0;0;56;54;19.0
13382	0
13382	
12923;0;0;56;54;19.0
13414	0
13414	
12950;0;0;56;54;19.0
13435	0
13435	
12974;0;0;56;54;19.0
13456	0
13456	
12999;0;0;56;54;19.0
13481	0
13481	
13024;0;0;56;54;18.0
13508	0
13508	
13048;0;0;56;54;18.0
13532	0
13532	
13073;0;0;56;54;21.0
13557	0
13557	
13100;0;0;56;54;21.0
13582	0
13582	
13125;0;0;56;54;19.0
13611	0
13611	
13149;0;0;56;54;19.0
13637	0
13637	
13173;0;0;56;54;19.0
13655	0
13655	
13197;0;0;56;54;18.0
13678	0
13678	
13221;0;0;56;54;18.0
13704	0
13704	
13245;0;0;56;54;19.0
13729	0
13729	
13270;0;0;56;54;19.0
13754	0
13754	
13296;0;0;56;54;19.0
13779	0
13779	
13322;0;0;56;54;19.0
13803	0
13803	
13346;0;0;56;54;19.0
13841	0
13841	
13376;0;0;56;54;19.0
13860	0
13860	
13400;0;0;56;54;19.0
13884	0
13884	
13426;0;0;56;54;18.0
13909	0
13909	
13452;0;0;56;54;19.0
13933	0
13933	
13476;0;0;56;54;19.0
13958	0
13958	
13501;0;0;56;54;17.0
13983	0
13983	
13525;0;0;56;54;17.0
14009	0
14009	
13549;0;0;56;54;19.0
14039	0
14039	
13574;0;0;56;54;19.0
14061	0
14061	
13603;0;0;56;54;17.0
14084	0
14084	
13627;0;0;56;54;19.0
14109	0
14109	
13651;0;0;56;54;19.0
14132	0
14132	
13675;0;0;56;54;19.0
14158	0
14158	
13699;0;0;56;54;19.0
14183	0
14183	
13723;0;0;56;54;19.0
14207	0
14207	
13747;0;0;56;54;19.0
14231	0
14231	
13773;0;0;56;54;19.0
14268	0
14268	
13804;0;0;56;54;19.0
14287	0
14287	
13828;0;0;56;54;19.0
14312	0
14312	
13852;0;0;56;54;19.0
14336	0
14336	
13876;0;0;56;54;17.0
14360	0
14360	
13901;0;0;56;54;17.0
14385	0
14385	
13928;0;0;56;54;20.0
14409	0
14409	
13952;0;0;56;54;19.0
14434	0
14434	
13977;0;0;56;54;19.0
14470	0
14470	
14001;0;0;56;54;19.0
14490	0
14490	
14025;0;0;56;54;19.0
14509	0
14509	
14049;0;0;56;54;19.0
14533	0
14533	
14074;0;0;56;54;19.0
14559	0
14559	
14102;0;0;56;54;19.0
14583	0
14583	
14126;0;0;56;54;19.0
14607	0
14607	
14150;0;0;56;54;19.0
14634	0
14634	
14175;0;0;56;54;19.0
14659	0
14659	
14199;0;0;56;54;19.0
14692	0
14692	
14235;0;0;56;54;19.0
14716	0
14716	
14259;0;0;56;54;19.0
14740	0
14740	
14283;0;0;56;54;19.0
14764	0
14764	
14307;0;0;56;54;19.0
14789	0
14789	
14331;0;0;56;54;19.0
14816	0
14816	
14356;0;0;56;54;19.0
14840	0
14840	
14381;0;0;56;54;19.0
14865	0
14865	
14408;0;0;56;54;19.0
14901	0
14901	
14432;0;0;56;54;19.0
14917	0
14917	
14457;0;0;56;54;19.0
14939	0
14939	
14482;0;0;56;54;17.0
14964	0
14964	
14506;0;0;56;54;17.0
14990	0
14990	
14530;0;0;56;54;19.0
15014	0
15014	
14554;0;0;56;54;19.0
15038	0
15038	
14580;0;0;56;54;18.0
15064	0
15064	
14607;0;0;56;54;20.0
15088	0
15088	
14631;0;0;56;54;18.0
15124	0
15124	
14662;0;0;56;54;18.0
15146	0
15146	
14686;0;0;56;54;18.0
15170	0
15170	
14713;0;0;56;54;18.0
15195	0
15195	
14738;0;0;56;54;19.0
15219	0
15219	
14762;0;0;56;54;19.0
15243	0
15243	
14786;0;0;56;54;19.0
15270	0
15270	
14810;0;0;56;54;19.0
15296	0
15296	
14835;0;0;56;54;19.0
15326	0
15326	
14861;0;0;56;54;19.0
15347	0
15347	
14888;0;0;56;54;19.0
15369	0
15369	
14912;0;0;56;54;19.0
15393	0
15393	
14936;0;0;56;54;19.0
15418	0
15418	
14960;0;0;56;54;19.0
15444	0
15444	
14984;0;0;56;54;19.0
15468	0
15468	
15008;0;0;56;54;19.0
15492	0
15492	
15034;0;0;56;54;19.0
15517	0
