milliseconds	Werte
463	0
463	
6;0;0;56;54;0.0
488	0
488	
30;0;0;56;54;26.0
515	0
515	
54;0;0;56;54;26.0
539	0
539	
78;0;0;56;54;23.0
563	0
563	
102;0;0;56;54;23.0
587	0
587	
129;0;0;56;54;28.0
612	0
612	
154;0;0;56;54;27.0
648	0
648	
183;0;0;56;54;27.0
668	0
668	
207;0;0;56;54;29.0
692	0
692	
231;0;0;56;54;29.0
716	0
716	
257;0;0;56;54;27.0
741	0
741	
283;0;0;56;54;27.0
765	0
765	
307;0;0;56;54;27.0
789	0
789	
331;0;0;56;54;24.0
814	0
814	
355;0;0;56;54;24.0
848	0
848	
379;0;0;56;54;27.0
868	0
868	
403;0;0;56;54;27.0
888	0
888	
429;0;0;56;54;29.0
913	0
913	
455;0;0;56;54;25.0
938	0
938	
480;0;0;56;54;25.0
962	0
962	
504;0;0;56;54;29.0
987	0
987	
528;0;0;56;54;29.0
1011	0
1011	
552;0;0;56;54;29.0
1037	0
1037	
576;0;0;56;54;29.0
1070	0
1070	
602;0;0;56;54;27.0
1090	0
1090	
629;0;0;56;54;27.0
1111	0
1111	
653;0;0;56;54;27.0
1135	0
1135	
677;0;0;56;54;27.0
1160	0
1160	
701;0;0;56;54;29.0
1186	0
1186	
725;0;0;56;54;29.0
1210	0
1210	
749;0;0;56;54;27.0
1234	0
1234	
774;0;0;56;54;27.0
1259	0
1259	
801;0;0;56;54;29.0
1295	0
1295	
825;0;0;56;54;24.0
1314	0
1314	
850;0;0;56;54;24.0
1332	0
1332	
874;0;0;56;54;29.0
1357	0
1357	
898;0;0;56;54;29.0
1383	0
1383	
922;0;0;56;54;28.0
1407	0
1407	
946;0;0;56;54;28.0
1431	0
1431	
972;0;0;56;54;26.0
1456	0
1456	
998;0;0;56;54;29.0
1480	0
1480	
1022;0;0;56;54;29.0
1521	0
1521	
1046;0;0;56;54;26.0
1535	0
1535	
1070;0;0;56;54;26.0
1555	0
1555	
1095;0;0;56;54;29.0
1581	0
1581	
1121;0;0;56;54;29.0
1606	0
1606	
1148;0;0;56;54;29.0
1630	0
1630	
1172;0;0;56;54;28.0
1654	0
1654	
1197;0;0;56;54;28.0
1679	0
1679	
1221;0;0;56;54;27.0
1706	0
1706	
1245;0;0;56;54;27.0
1739	0
1739	
1269;0;0;56;54;29.0
1758	0
1758	
1293;0;0;56;54;29.0
1778	0
1778	
1319;0;0;56;54;29.0
1803	0
1803	
1345;0;0;56;54;27.0
1827	0
1827	
1369;0;0;56;54;27.0
1851	0
1851	
1393;0;0;56;54;24.0
1876	0
1876	
1417;0;0;56;54;24.0
1902	0
1902	
1441;0;0;56;54;29.0
1926	0
1926	
1465;0;0;56;54;29.0
1963	0
1963	
1493;0;0;56;54;27.0
1981	0
1981	
1518;0;0;56;54;27.0
2000	0
2000	
1542;0;0;56;54;27.0
2024	0
2024	
1566;0;0;56;54;29.0
2051	0
2051	
1590;0;0;56;54;29.0
2075	0
2075	
1614;0;0;56;54;29.0
2099	0
2099	
1638;0;0;56;54;29.0
2123	0
2123	
1664;0;0;56;54;23.0
2148	0
2148	
1690;0;0;56;54;29.0
2190	0
2190	
1714;0;0;56;54;29.0
2204	0
2204	
1738;0;0;56;54;29.0
2222	0
2222	
1763;0;0;56;54;29.0
2248	0
2248	
1787;0;0;56;54;29.0
2272	0
2272	
1811;0;0;56;54;29.0
2296	0
2296	
1837;0;0;56;54;29.0
2321	0
2321	
1863;0;0;56;54;29.0
2345	0
2345	
1887;0;0;56;54;29.0
2369	0
2369	
1911;0;0;56;54;22.0
2405	0
2405	
1939;0;0;56;54;22.0
2424	0
2424	
1963;0;0;56;54;27.0
2448	0
2448	
1990;0;0;56;54;27.0
2472	0
2472	
2014;0;0;56;54;27.0
2496	0
2496	
2038;0;0;56;54;25.0
2520	0
2520	
2062;0;0;56;54;25.0
2547	0
2547	
2086;0;0;56;54;24.0
2571	0
2571	
2110;0;0;56;54;24.0
2599	0
2599	
2134;0;0;56;54;25.0
2623	0
2623	
2163;0;0;56;54;27.0
2645	0
2645	
2187;0;0;56;54;27.0
2669	0
2669	
2211;0;0;56;54;27.0
2693	0
2693	
2235;0;0;56;54;27.0
2720	0
2720	
2259;0;0;56;54;27.0
2744	0
2744	
2283;0;0;56;54;27.0
2768	0
2768	
2307;0;0;56;54;22.0
2792	0
2792	
2334;0;0;56;54;29.0
2817	0
2817	
2359;0;0;56;54;29.0
2846	0
2846	
2386;0;0;56;54;29.0
2868	0
2868	
2410;0;0;56;54;22.0
2893	0
2893	
2434;0;0;56;54;22.0
2917	0
2917	
2458;0;0;56;54;26.0
2943	0
2943	
2482;0;0;56;54;26.0
2967	0
2967	
2508;0;0;56;54;29.0
2992	0
2992	
2534;0;0;56;54;25.0
3016	0
3016	
2558;0;0;56;54;25.0
3057	0
3057	
2582;0;0;56;54;29.0
3070	0
3070	
2606;0;0;56;54;29.0
3089	0
3089	
2630;0;0;56;54;29.0
3113	0
3113	
2654;0;0;56;54;29.0
3139	0
3139	
2680;0;0;56;54;29.0
3164	0
3164	
2704;0;0;56;54;28.0
3187	0
3187	
2729;0;0;56;54;28.0
3213	0
3213	
2755;0;0;56;54;28.0
3238	0
3238	
2779;0;0;56;54;28.0
3273	0
3273	
2809;0;0;56;54;29.0
3294	0
3294	
2834;0;0;56;54;31.0
3317	0
3317	
2859;0;0;56;54;31.0
3342	0
3342	
2884;0;0;56;54;22.0
3366	0
3366	
2908;0;0;56;54;22.0
3390	0
3390	
2932;0;0;56;54;29.0
3415	0
3415	
2956;0;0;56;54;29.0
3441	0
3441	
2980;0;0;56;54;26.0
3469	0
3469	
3004;0;0;56;54;26.0
3493	0
3493	
3033;0;0;56;54;28.0
3515	0
3515	
3057;0;0;56;54;28.0
3539	0
3539	
3081;0;0;56;54;28.0
3565	0
3565	
3106;0;0;56;54;29.0
3591	0
3591	
3130;0;0;56;54;29.0
3615	0
3615	
3154;0;0;56;54;24.0
3639	0
3639	
3179;0;0;56;54;24.0
3664	0
3664	
3207;0;0;56;54;25.0
3703	0
3703	
3233;0;0;56;54;25.0
3723	0
3723	
3258;0;0;56;54;25.0
3741	0
3741	
3282;0;0;56;54;32.0
3767	0
3767	
3306;0;0;56;54;32.0
3791	0
3791	
3330;0;0;56;54;39.0
3815	0
3815	
3355;0;0;56;54;39.0
3840	0
3840	
3382;0;0;56;54;27.0
3864	0
3864	
3406;0;0;56;54;29.0
3888	0
3888	
3430;0;0;56;54;29.0
3925	0
3925	
3455;0;0;56;54;29.0
3946	0
3946	
3479;0;0;56;54;29.0
3965	0
3965	
3504;0;0;56;54;28.0
3989	0
3989	
3528;0;0;56;54;29.0
4013	0
4013	
3553;0;0;56;54;28.0
4038	0
4038	
3580;0;0;56;54;27.0
4062	0
4062	
3605;0;0;56;54;27.0
4087	0
4087	
3629;0;0;56;54;27.0
4111	0
4111	
3653;0;0;56;54;29.0
4147	0
4147	
3677;0;0;56;54;29.0
4167	0
4167	
3702;0;0;56;54;27.0
4187	0
4187	
3726;0;0;56;54;27.0
4211	0
4211	
3752;0;0;56;54;28.0
4236	0
4236	
3778;0;0;56;54;33.0
4260	0
4260	
3803;0;0;56;54;33.0
4285	0
4285	
3827;0;0;56;54;27.0
4313	0
4313	
3852;0;0;56;54;27.0
4341	0
4341	
3876;0;0;56;54;27.0
4365	0
4365	
3906;0;0;56;54;33.0
4388	0
4388	
3930;0;0;56;54;33.0
4412	0
4412	
3954;0;0;56;54;28.0
4436	0
4436	
3978;0;0;56;54;28.0
4463	0
4463	
4002;0;0;56;54;26.0
4487	0
4487	
4026;0;0;56;54;26.0
4511	0
4511	
4050;0;0;56;54;27.0
4535	0
4535	
4075;0;0;56;54;27.0
4567	0
4567	
4102;0;0;56;54;26.0
4588	0
4588	
4127;0;0;56;54;29.0
4609	0
4609	
4151;0;0;56;54;29.0
4633	0
4633	
4175;0;0;56;54;29.0
4661	0
4661	
4200;0;0;56;54;29.0
4685	0
4685	
4224;0;0;56;54;31.0
4709	0
4709	
4248;0;0;56;54;31.0
4733	0
4733	
4275;0;0;56;54;34.0
4758	0
4758	
4300;0;0;56;54;27.0
4795	0
4795	
4329;0;0;56;54;27.0
4814	0
4814	
4353;0;0;56;54;27.0
4838	0
4838	
4377;0;0;56;54;27.0
4862	0
4862	
4401;0;0;56;54;22.0
4886	0
4886	
4428;0;0;56;54;27.0
4911	0
4911	
4453;0;0;56;54;29.0
4935	0
4935	
4477;0;0;56;54;29.0
4959	0
4959	
4501;0;0;56;54;26.0
4983	0
4983	
4525;0;0;56;54;26.0
5019	0
5019	
4553;0;0;56;54;27.0
5039	0
5039	
4579;0;0;56;54;27.0
5064	0
5064	
4607;0;0;56;54;27.0
5089	0
5089	
4631;0;0;56;54;28.0
5113	0
5113	
4655;0;0;56;54;28.0
5137	0
5137	
4679;0;0;56;54;27.0
5164	0
5164	
4703;0;0;56;54;27.0
5188	0
5188	
4727;0;0;56;54;25.0
5216	0
5216	
4751;0;0;56;54;25.0
5240	0
5240	
4780;0;0;56;54;27.0
5262	0
5262	
4804;0;0;56;54;26.0
5286	0
5286	
4828;0;0;56;54;26.0
5310	0
5310	
4852;0;0;56;54;28.0
5338	0
5338	
4876;0;0;56;54;28.0
5361	0
5361	
4900;0;0;56;54;27.0
5385	0
5385	
4924;0;0;56;54;27.0
5409	0
5409	
4951;0;0;56;54;28.0
5446	0
5446	
4976;0;0;56;54;28.0
5463	0
5463	
5000;0;0;56;54;28.0
5482	0
5482	
5024;0;0;56;54;29.0
5506	0
5506	
5048;0;0;56;54;29.0
5533	0
5533	
5072;0;0;56;54;27.0
5557	0
5557	
5096;0;0;56;54;27.0
5581	0
5581	
5120;0;0;56;54;29.0
5605	0
5605	
5147;0;0;56;54;29.0
5630	0
5630	
5172;0;0;56;54;34.0
5667	0
5667	
5201;0;0;56;54;24.0
5686	0
5686	
5226;0;0;56;54;24.0
5711	0
5711	
5250;0;0;56;54;27.0
5735	0
5735	
5277;0;0;56;54;27.0
5760	0
5760	
5302;0;0;56;54;29.0
5785	0
5785	
5327;0;0;56;54;26.0
5809	0
5809	
5351;0;0;56;54;26.0
5836	0
5836	
5375;0;0;56;54;27.0
5860	0
5860	
5399;0;0;56;54;27.0
5893	0
5893	
5435;0;0;56;54;33.0
5917	0
5917	
5459;0;0;56;54;29.0
5941	0
5941	
5483;0;0;56;54;28.0
5965	0
5965	
5507;0;0;56;54;27.0
5990	0
5990	
5531;0;0;56;54;32.0
6016	0
6016	
5555;0;0;56;54;29.0
6040	0
6040	
5579;0;0;56;54;28.0
6064	0
6064	
5604;0;0;56;54;27.0
6094	0
6094	
5631;0;0;56;54;32.0
6117	0
6117	
5656;0;0;56;54;27.0
6139	0
6139	
5681;0;0;56;54;27.0
6165	0
6165	
5705;0;0;56;54;29.0
6187	0
6187	
5729;0;0;56;54;29.0
6214	0
6214	
5753;0;0;56;54;28.0
6238	0
6238	
5777;0;0;56;54;28.0
6262	0
6262	
5801;0;0;56;54;29.0
6286	0
6286	
5828;0;0;56;54;29.0
6323	0
6323	
5853;0;0;56;54;26.0
6339	0
6339	
5877;0;0;56;54;28.0
6359	0
6359	
5901;0;0;56;54;28.0
6383	0
6383	
5925;0;0;56;54;28.0
6410	0
6410	
5949;0;0;56;54;28.0
6434	0
6434	
5973;0;0;56;54;25.0
6458	0
6458	
5997;0;0;56;54;25.0
6482	0
6482	
6024;0;0;56;54;29.0
6507	0
6507	
6049;0;0;56;54;27.0
6540	0
6540	
6080;0;0;56;54;27.0
6563	0
6563	
6104;0;0;56;54;24.0
6587	0
6587	
6129;0;0;56;54;24.0
6614	0
6614	
6155;0;0;56;54;27.0
6638	0
6638	
6179;0;0;56;54;20.0
6662	0
6662	
6203;0;0;56;54;20.0
6686	0
6686	
6228;0;0;56;54;24.0
6713	0
6713	
6253;0;0;56;54;24.0
6736	0
6736	
6277;0;0;56;54;29.0
6768	0
6768	
6306;0;0;56;54;34.0
6790	0
6790	
6330;0;0;56;54;34.0
6813	0
6813	
6354;0;0;56;54;25.0
6837	0
6837	
6378;0;0;56;54;25.0
6861	0
6861	
6403;0;0;56;54;27.0
6888	0
6888	
6428;0;0;56;54;29.0
6911	0
6911	
6452;0;0;56;54;27.0
6935	0
6935	
6477;0;0;56;54;29.0
6970	0
6970	
6502;0;0;56;54;27.0
6991	0
6991	
6527;0;0;56;54;27.0
7011	0
7011	
6552;0;0;56;54;27.0
7035	0
7035	
6576;0;0;56;54;33.0
7059	0
7059	
6601;0;0;56;54;29.0
7086	0
7086	
6626;0;0;56;54;23.0
7109	0
7109	
6650;0;0;56;54;29.0
7133	0
7133	
6675;0;0;56;54;29.0
7160	0
7160	
6701;0;0;56;54;29.0
7195	0
7195	
6725;0;0;56;54;25.0
7214	0
7214	
6750;0;0;56;54;25.0
7233	0
7233	
6775;0;0;56;54;28.0
7260	0
7260	
6800;0;0;56;54;28.0
7283	0
7283	
6824;0;0;56;54;32.0
7307	0
7307	
6849;0;0;56;54;32.0
7335	0
7335	
6875;0;0;56;54;28.0
7359	0
7359	
6900;0;0;56;54;27.0
7391	0
7391	
6925;0;0;56;54;27.0
7413	0
7413	
6951;0;0;56;54;28.0
7434	0
7434	
6975;0;0;56;54;28.0
7458	0
7458	
6999;0;0;56;54;31.0
7485	0
7485	
7025;0;0;56;54;27.0
7508	0
7508	
7049;0;0;56;54;27.0
7532	0
7532	
7073;0;0;56;54;27.0
7556	0
7556	
7098;0;0;56;54;27.0
7583	0
7583	
7124;0;0;56;54;26.0
7617	0
7617	
7148;0;0;56;54;26.0
7637	0
7637	
7172;0;0;56;54;27.0
7655	0
7655	
7197;0;0;56;54;27.0
7682	0
7682	
7223;0;0;56;54;29.0
7707	0
7707	
7247;0;0;56;54;29.0
7730	0
7730	
7272;0;0;56;54;29.0
7755	0
7755	
7297;0;0;56;54;29.0
7781	0
7781	
7322;0;0;56;54;29.0
7805	0
7805	
7346;0;0;56;54;29.0
7841	0
7841	
7376;0;0;56;54;27.0
7859	0
7859	
7400;0;0;56;54;27.0
7883	0
7883	
7425;0;0;56;54;27.0
7908	0
7908	
7450;0;0;56;54;27.0
7933	0
7933	
7474;0;0;56;54;27.0
7957	0
7957	
7498;0;0;56;54;27.0
7984	0
7984	
7525;0;0;56;54;32.0
8009	0
8009	
7550;0;0;56;54;29.0
8033	0
8033	
7575;0;0;56;54;23.0
8064	0
8064	
7604;0;0;56;54;23.0
8087	0
8087	
7628;0;0;56;54;27.0
8111	0
8111	
7653;0;0;56;54;27.0
8138	0
8138	
7679;0;0;56;54;25.0
8162	0
8162	
7703;0;0;56;54;27.0
8186	0
8186	
7727;0;0;56;54;27.0
8213	0
8213	
7753;0;0;56;54;27.0
8236	0
8236	
7777;0;0;56;54;27.0
8268	0
8268	
7801;0;0;56;54;27.0
8291	0
8291	
7828;0;0;56;54;27.0
8311	0
8311	
7852;0;0;56;54;27.0
8335	0
8335	
7876;0;0;56;54;27.0
8359	0
8359	
7900;0;0;56;54;27.0
8385	0
8385	
7926;0;0;56;54;29.0
8410	0
8410	
7950;0;0;56;54;29.0
8433	0
8433	
7976;0;0;56;54;26.0
8458	0
8458	
8000;0;0;56;54;28.0
8495	0
8495	
8031;0;0;56;54;28.0
8517	0
8517	
8056;0;0;56;54;27.0
8539	0
8539	
8080;0;0;56;54;27.0
8563	0
8563	
8106;0;0;56;54;28.0
8588	0
8588	
8130;0;0;56;54;26.0
8613	0
8613	
8154;0;0;56;54;26.0
8637	0
8637	
8178;0;0;56;54;27.0
8661	0
8661	
8202;0;0;56;54;27.0
8691	0
8691	
8227;0;0;56;54;25.0
8715	0
8715	
8256;0;0;56;54;25.0
8738	0
8738	
8281;0;0;56;54;30.0
8763	0
8763	
8305;0;0;56;54;27.0
8787	0
8787	
8329;0;0;56;54;27.0
8812	0
8812	
8353;0;0;56;54;39.0
8838	0
8838	
8377;0;0;56;54;39.0
8862	0
8862	
8401;0;0;56;54;27.0
8886	0
8886	
8426;0;0;56;54;27.0
8924	0
8924	
8454;0;0;56;54;23.0
8940	0
8940	
8479;0;0;56;54;29.0
8961	0
8961	
8503;0;0;56;54;29.0
8985	0
8985	
8527;0;0;56;54;34.0
9010	0
9010	
8551;0;0;56;54;34.0
9036	0
9036	
8575;0;0;56;54;35.0
9060	0
9060	
8599;0;0;56;54;35.0
9084	0
9084	
8625;0;0;56;54;27.0
9109	0
9109	
8651;0;0;56;54;27.0
9145	0
9145	
8675;0;0;56;54;27.0
9165	0
9165	
8699;0;0;56;54;27.0
9185	0
9185	
8724;0;0;56;54;27.0
9209	0
9209	
8748;0;0;56;54;26.0
9233	0
9233	
8772;0;0;56;54;26.0
9257	0
9257	
8797;0;0;56;54;29.0
9282	0
9282	
8824;0;0;56;54;27.0
9306	0
9306	
8848;0;0;56;54;27.0
9331	0
9331	
8872;0;0;56;54;26.0
9361	0
9361	
8900;0;0;56;54;26.0
9385	0
9385	
8926;0;0;56;54;29.0
9410	0
9410	
8950;0;0;56;54;29.0
9433	0
9433	
8976;0;0;56;54;27.0
9458	0
9458	
9000;0;0;56;54;26.0
9484	0
9484	
9025;0;0;56;54;26.0
9508	0
9508	
9049;0;0;56;54;35.0
9534	0
9534	
9073;0;0;56;54;35.0
9564	0
9564	
9098;0;0;56;54;29.0
9587	0
9587	
9128;0;0;56;54;27.0
9610	0
9610	
9152;0;0;56;54;27.0
9634	0
9634	
9176;0;0;56;54;26.0
9659	0
9659	
9200;0;0;56;54;26.0
9685	0
9685	
9225;0;0;56;54;25.0
9710	0
9710	
9250;0;0;56;54;25.0
9735	0
9735	
9277;0;0;56;54;25.0
9759	0
9759	
9301;0;0;56;54;25.0
9796	0
9796	
9330;0;0;56;54;29.0
9815	0
9815	
9354;0;0;56;54;29.0
9839	0
9839	
9378;0;0;56;54;25.0
9863	0
9863	
9402;0;0;56;54;25.0
9888	0
9888	
9428;0;0;56;54;27.0
9913	0
9913	
9455;0;0;56;54;39.0
9937	0
9937	
9479;0;0;56;54;26.0
9961	0
9961	
9503;0;0;56;54;27.0
9994	0
9994	
9528;0;0;56;54;27.0
10016	0
10016	
9553;0;0;56;54;27.0
10038	0
10038	
9577;0;0;56;54;27.0
10062	0
10062	
9603;0;0;56;54;29.0
10088	0
10088	
9630;0;0;56;54;29.0
10112	0
10112	
9654;0;0;56;54;27.0
10136	0
10136	
9678;0;0;56;54;27.0
10160	0
10160	
9702;0;0;56;54;27.0
10187	0
10187	
9726;0;0;56;54;27.0
10220	0
10220	
9750;0;0;56;54;25.0
10239	0
10239	
9775;0;0;56;54;25.0
10260	0
10260	
9801;0;0;56;54;27.0
10285	0
10285	
9827;0;0;56;54;29.0
10309	0
10309	
9851;0;0;56;54;29.0
10333	0
10333	
9875;0;0;56;54;29.0
10358	0
10358	
9899;0;0;56;54;29.0
10384	0
10384	
9923;0;0;56;54;29.0
10408	0
10408	
9947;0;0;56;54;29.0
10441	0
10441	
9973;0;0;56;54;27.0
10461	0
10461	
9999;0;0;56;54;26.0
10481	0
10481	
10023;0;0;56;54;26.0
10506	0
10506	
10047;0;0;56;54;26.0
10530	0
10530	
10071;0;0;56;54;26.0
10556	0
10556	
10095;0;0;56;54;27.0
10580	0
10580	
10119;0;0;56;54;27.0
10604	0
10604	
10145;0;0;56;54;29.0
10634	0
10634	
10171;0;0;56;54;29.0
10656	0
10656	
10196;0;0;56;54;29.0
10678	0
10678	
10220;0;0;56;54;28.0
10703	0
10703	
10244;0;0;56;54;28.0
10729	0
10729	
10268;0;0;56;54;25.0
10753	0
10753	
10292;0;0;56;54;25.0
10777	0
10777	
10318;0;0;56;54;25.0
10802	0
10802	
10344;0;0;56;54;27.0
10826	0
10826	
10368;0;0;56;54;27.0
10861	0
10861	
10398;0;0;56;54;34.0
10883	0
10883	
10422;0;0;56;54;34.0
10907	0
10907	
10449;0;0;56;54;29.0
10932	0
10932	
10474;0;0;56;54;27.0
10956	0
10956	
10498;0;0;56;54;27.0
10980	0
10980	
10522;0;0;56;54;25.0
11004	0
11004	
10546;0;0;56;54;25.0
11031	0
11031	
10570;0;0;56;54;27.0
11060	0
11060	
10594;0;0;56;54;27.0
11084	0
11084	
10623;0;0;56;54;29.0
11106	0
11106	
10648;0;0;56;54;29.0
11130	0
11130	
10672;0;0;56;54;29.0
11154	0
11154	
10696;0;0;56;54;27.0
11179	0
11179	
10720;0;0;56;54;27.0
11205	0
11205	
10744;0;0;56;54;34.0
11230	0
11230	
10770;0;0;56;54;34.0
11255	0
11255	
10797;0;0;56;54;29.0
11289	0
11289	
10829;0;0;56;54;29.0
11312	0
11312	
10853;0;0;56;54;29.0
11337	0
11337	
10877;0;0;56;54;27.0
11362	0
11362	
10902;0;0;56;54;27.0
11387	0
11387	
10928;0;0;56;54;29.0
11411	0
11411	
10953;0;0;56;54;27.0
11436	0
11436	
10978;0;0;56;54;27.0
11463	0
11463	
11003;0;0;56;54;24.0
11497	0
11497	
11027;0;0;56;54;24.0
11517	0
11517	
11054;0;0;56;54;29.0
11538	0
11538	
11078;0;0;56;54;32.0
11561	0
11561	
11102;0;0;56;54;32.0
11585	0
11585	
11127;0;0;56;54;27.0
11612	0
11612	
11152;0;0;56;54;27.0
11635	0
11635	
11176;0;0;56;54;34.0
11659	0
11659	
11200;0;0;56;54;34.0
11686	0
11686	
11226;0;0;56;54;28.0
11716	0
11716	
11258;0;0;56;54;27.0
11740	0
11740	
11282;0;0;56;54;27.0
11766	0
11766	
11306;0;0;56;54;27.0
11790	0
11790	
11330;0;0;56;54;27.0
11815	0
11815	
11354;0;0;56;54;27.0
11839	0
11839	
11379;0;0;56;54;27.0
11864	0
11864	
11405;0;0;56;54;24.0
11889	0
11889	
11430;0;0;56;54;27.0
11925	0
11925	
11455;0;0;56;54;27.0
11944	0
11944	
11480;0;0;56;54;26.0
11963	0
11963	
11504;0;0;56;54;26.0
11987	0
11987	
11528;0;0;56;54;39.0
12013	0
12013	
11553;0;0;56;54;39.0
12038	0
12038	
11579;0;0;56;54;29.0
12062	0
12062	
11604;0;0;56;54;29.0
12088	0
12088	
11630;0;0;56;54;29.0
12121	0
12121	
11654;0;0;56;54;27.0
12142	0
12142	
11679;0;0;56;54;27.0
12164	0
12164	
11703;0;0;56;54;28.0
12188	0
12188	
11728;0;0;56;54;28.0
12213	0
12213	
11755;0;0;56;54;29.0
12237	0
12237	
11779;0;0;56;54;27.0
12261	0
12261	
11803;0;0;56;54;27.0
12285	0
12285	
11827;0;0;56;54;29.0
12310	0
12310	
11851;0;0;56;54;29.0
12345	0
12345	
11882;0;0;56;54;28.0
12367	0
12367	
11909;0;0;56;54;28.0
12392	0
12392	
11933;0;0;56;54;29.0
12415	0
12415	
11957;0;0;56;54;29.0
12439	0
12439	
11981;0;0;56;54;28.0
12464	0
12464	
12005;0;0;56;54;28.0
12491	0
12491	
12029;0;0;56;54;29.0
12515	0
12515	
12053;0;0;56;54;29.0
12543	0
12543	
12079;0;0;56;54;26.0
12567	0
12567	
12107;0;0;56;54;24.0
12589	0
12589	
12131;0;0;56;54;24.0
12613	0
12613	
12155;0;0;56;54;27.0
12637	0
12637	
12179;0;0;56;54;27.0
12663	0
12663	
12203;0;0;56;54;27.0
12688	0
12688	
12227;0;0;56;54;27.0
12712	0
12712	
12251;0;0;56;54;31.0
12736	0
12736	
12276;0;0;56;54;31.0
12770	0
12770	
12307;0;0;56;54;28.0
12789	0
12789	
12331;0;0;56;54;27.0
12813	0
12813	
12355;0;0;56;54;27.0
12840	0
12840	
12379;0;0;56;54;23.0
12864	0
12864	
12403;0;0;56;54;23.0
12888	0
12888	
12427;0;0;56;54;27.0
12912	0
12912	
12454;0;0;56;54;27.0
12937	0
12937	
12479;0;0;56;54;27.0
12973	0
12973	
12503;0;0;56;54;27.0
12994	0
12994	
12528;0;0;56;54;27.0
13012	0
13012	
12552;0;0;56;54;25.0
13038	0
13038	
12577;0;0;56;54;25.0
13062	0
13062	
12603;0;0;56;54;29.0
13087	0
13087	
12629;0;0;56;54;23.0
13111	0
13111	
12653;0;0;56;54;23.0
13135	0
13135	
12677;0;0;56;54;27.0
13167	0
13167	
12701;0;0;56;54;27.0
13189	0
13189	
12726;0;0;56;54;32.0
13211	0
13211	
12750;0;0;56;54;29.0
13235	0
13235	
12775;0;0;56;54;29.0
13260	0
13260	
12802;0;0;56;54;23.0
13284	0
13284	
12826;0;0;56;54;26.0
13308	0
13308	
12850;0;0;56;54;26.0
13332	0
13332	
12874;0;0;56;54;29.0
13359	0
13359	
12898;0;0;56;54;29.0
13393	0
13393	
12923;0;0;56;54;28.0
13413	0
13413	
12949;0;0;56;54;28.0
13433	0
13433	
12974;0;0;56;54;27.0
13457	0
13457	
12999;0;0;56;54;29.0
13481	0
13481	
13023;0;0;56;54;29.0
13507	0
13507	
13048;0;0;56;54;29.0
13534	0
13534	
13073;0;0;56;54;29.0
13558	0
13558	
13099;0;0;56;54;33.0
13583	0
13583	
13125;0;0;56;54;29.0
13620	0
13620	
13149;0;0;56;54;29.0
13637	0
13637	
13174;0;0;56;54;28.0
13658	0
13658	
13199;0;0;56;54;28.0
13685	0
13685	
13223;0;0;56;54;27.0
13708	0
13708	
13248;0;0;56;54;27.0
13733	0
13733	
13274;0;0;56;54;31.0
13757	0
13757	
13299;0;0;56;54;29.0
13781	0
13781	
13323;0;0;56;54;29.0
13807	0
13807	
13348;0;0;56;54;25.0
13842	0
13842	
13372;0;0;56;54;25.0
13861	0
13861	
13396;0;0;56;54;26.0
13881	0
13881	
13421;0;0;56;54;26.0
13907	0
13907	
13447;0;0;56;54;29.0
13931	0
13931	
13473;0;0;56;54;31.0
13955	0
13955	
13497;0;0;56;54;31.0
13979	0
13979	
13521;0;0;56;54;27.0
14005	0
14005	
13546;0;0;56;54;27.0
14031	0
14031	
13570;0;0;56;54;31.0
14064	0
14064	
13602;0;0;56;54;31.0
14085	0
14085	
13627;0;0;56;54;29.0
14109	0
14109	
13651;0;0;56;54;29.0
14133	0
14133	
13675;0;0;56;54;29.0
14159	0
14159	
13699;0;0;56;54;28.0
14182	0
14182	
13723;0;0;56;54;28.0
14208	0
14208	
13748;0;0;56;54;27.0
14233	0
14233	
13773;0;0;56;54;27.0
14261	0
14261	
13798;0;0;56;54;27.0
14287	0
14287	
13825;0;0;56;54;23.0
14308	0
14308	
13849;0;0;56;54;23.0
14333	0
14333	
13873;0;0;56;54;27.0
14359	0
14359	
13899;0;0;56;54;27.0
14384	0
14384	
13925;0;0;56;54;23.0
14408	0
14408	
13950;0;0;56;54;28.0
14433	0
14433	
13975;0;0;56;54;28.0
14457	0
14457	
13999;0;0;56;54;27.0
14490	0
14490	
14023;0;0;56;54;27.0
14514	0
14514	
14049;0;0;56;54;29.0
14534	0
14534	
14074;0;0;56;54;29.0
14559	0
14559	
14101;0;0;56;54;28.0
14583	0
14583	
14125;0;0;56;54;29.0
14607	0
14607	
14149;0;0;56;54;29.0
14631	0
14631	
14173;0;0;56;54;25.0
14656	0
14656	
14197;0;0;56;54;25.0
14682	0
14682	
14221;0;0;56;54;27.0
14712	0
14712	
14246;0;0;56;54;27.0
14736	0
14736	
14275;0;0;56;54;28.0
14757	0
14757	
14299;0;0;56;54;27.0
14781	0
14781	
14323;0;0;56;54;27.0
14809	0
14809	
14348;0;0;56;54;25.0
14833	0
14833	
14372;0;0;56;54;25.0
14858	0
14858	
14396;0;0;56;54;27.0
14881	0
14881	
14423;0;0;56;54;27.0
14907	0
14907	
14449;0;0;56;54;23.0
14944	0
14944	
14473;0;0;56;54;25.0
14961	0
14961	
14498;0;0;56;54;25.0
14980	0
14980	
14522;0;0;56;54;27.0
15007	0
15007	
14547;0;0;56;54;27.0
15032	0
15032	
14571;0;0;56;54;34.0
15056	0
15056	
14596;0;0;56;54;34.0
15081	0
15081	
14623;0;0;56;54;32.0
15106	0
15106	
14648;0;0;56;54;29.0
15140	0
15140	
14672;0;0;56;54;29.0
15161	0
15161	
14697;0;0;56;54;23.0
15180	0
15180	
14721;0;0;56;54;29.0
15206	0
15206	
14746;0;0;56;54;29.0
15231	0
15231	
14772;0;0;56;54;29.0
15256	0
15256	
14798;0;0;56;54;28.0
15280	0
15280	
14822;0;0;56;54;28.0
15305	0
15305	
14847;0;0;56;54;31.0
15330	0
15330	
14871;0;0;56;54;31.0
15363	0
15363	
14895;0;0;56;54;25.0
15384	0
15384	
14920;0;0;56;54;25.0
15405	0
15405	
14946;0;0;56;54;33.0
15430	0
15430	
14972;0;0;56;54;27.0
15454	0
15454	
14996;0;0;56;54;27.0
15478	0
15478	
15020;0;0;56;54;29.0
15505	0
15505	
15044;0;0;56;54;29.0
15529	0
15529	
15068;0;0;56;54;29.0
15553	0
15553	
15092;0;0;56;54;29.0
15584	0
15584	
15118;0;0;56;54;27.0
15605	0
15605	
15144;0;0;56;54;27.0
15627	0
15627	
15169;0;0;56;54;27.0
15651	0
15651	
15193;0;0;56;54;28.0
15679	0
15679	
15217;0;0;56;54;28.0
15703	0
15703	
15241;0;0;56;54;26.0
15726	0
15726	
15265;0;0;56;54;26.0
15751	0
15751	
15293;0;0;56;54;29.0
15775	0
15775	
15317;0;0;56;54;29.0
15812	0
15812	
15346;0;0;56;54;29.0
15831	0
15831	
15370;0;0;56;54;26.0
15855	0
15855	
15394;0;0;56;54;26.0
15879	0
15879	
15420;0;0;56;54;29.0
15904	0
15904	
15446;0;0;56;54;26.0
15928	0
15928	
15470;0;0;56;54;26.0
15952	0
15952	
15494;0;0;56;54;22.0
15977	0
15977	
15518;0;0;56;54;22.0
16008	0
16008	
15542;0;0;56;54;27.0
16031	0
16031	
15570;0;0;56;54;27.0
16054	0
16054	
15596;0;0;56;54;34.0
16078	0
16078	
15620;0;0;56;54;28.0
16102	0
16102	
15644;0;0;56;54;28.0
16126	0
16126	
15668;0;0;56;54;27.0
16151	0
16151	
15692;0;0;56;54;27.0
16177	0
16177	
15716;0;0;56;54;27.0
16201	0
16201	
15740;0;0;56;54;27.0
16233	0
16233	
15775;0;0;56;54;23.0
16257	0
16257	
15799;0;0;56;54;33.0
16281	0
16281	
15823;0;0;56;54;33.0
16307	0
16307	
15847;0;0;56;54;27.0
16330	0
16330	
15871;0;0;56;54;27.0
16356	0
16356	
15895;0;0;56;54;27.0
16380	0
16380	
15919;0;0;56;54;27.0
16404	0
16404	
15945;0;0;56;54;29.0
16441	0
16441	
15971;0;0;56;54;28.0
16456	0
16456	
15995;0;0;56;54;28.0
16478	0
16478	
16020;0;0;56;54;28.0
16502	0
16502	
16044;0;0;56;54;27.0
16529	0
16529	
16068;0;0;56;54;33.0
16553	0
16553	
16092;0;0;56;54;27.0
16577	0
16577	
16116;0;0;56;54;29.0
16602	0
16602	
16144;0;0;56;54;27.0
16630	0
16630	
16168;0;0;56;54;27.0
16654	0
16654	
16193;0;0;56;54;27.0
16675	0
16675	
16217;0;0;56;54;27.0
16699	0
16699	
16241;0;0;56;54;29.0
16724	0
16724	
16265;0;0;56;54;29.0
16750	0
16750	
16289;0;0;56;54;25.0
16774	0
16774	
16313;0;0;56;54;25.0
16798	0
16798	
16339;0;0;56;54;26.0
16823	0
16823	
16365;0;0;56;54;28.0
16865	0
16865	
16389;0;0;56;54;28.0
16880	0
16880	
16413;0;0;56;54;27.0
16897	0
16897	
16438;0;0;56;54;27.0
16923	0
16923	
16462;0;0;56;54;29.0
16947	0
16947	
16486;0;0;56;54;29.0
16971	0
16971	
16512;0;0;56;54;29.0
16996	0
16996	
16538;0;0;56;54;23.0
17021	0
17021	
16563;0;0;56;54;23.0
17054	0
17054	
16587;0;0;56;54;26.0
17076	0
17076	
16612;0;0;56;54;26.0
17097	0
17097	
16636;0;0;56;54;27.0
17121	0
17121	
16662;0;0;56;54;27.0
17146	0
17146	
16688;0;0;56;54;29.0
17170	0
17170	
16712;0;0;56;54;29.0
17194	0
17194	
16736;0;0;56;54;29.0
17220	0
17220	
16761;0;0;56;54;31.0
17247	0
17247	
16786;0;0;56;54;31.0
17280	0
17280	
16818;0;0;56;54;24.0
17301	0
17301	
16843;0;0;56;54;27.0
17325	0
17325	
16867;0;0;56;54;27.0
17349	0
17349	
16891;0;0;56;54;26.0
17374	0
17374	
16915;0;0;56;54;26.0
17400	0
17400	
16939;0;0;56;54;27.0
17424	0
17424	
16963;0;0;56;54;27.0
17448	0
17448	
16989;0;0;56;54;29.0
17473	0
17473	
17015;0;0;56;54;29.0
17501	0
17501	
17043;0;0;56;54;29.0
17525	0
17525	
17067;0;0;56;54;23.0
17550	0
17550	
17091;0;0;56;54;23.0
17576	0
17576	
17115;0;0;56;54;26.0
17600	0
17600	
17139;0;0;56;54;26.0
17624	0
17624	
17165;0;0;56;54;29.0
17649	0
17649	
17191;0;0;56;54;29.0
17673	0
17673	
17215;0;0;56;54;29.0
17714	0
17714	
17239;0;0;56;54;26.0
17728	0
17728	
17263;0;0;56;54;26.0
17748	0
17748	
17287;0;0;56;54;27.0
17772	0
17772	
17311;0;0;56;54;27.0
17796	0
17796	
17337;0;0;56;54;28.0
17821	0
17821	
17363;0;0;56;54;26.0
17845	0
17845	
17387;0;0;56;54;26.0
17870	0
17870	
17412;0;0;56;54;27.0
17902	0
17902	
17436;0;0;56;54;27.0
17926	0
17926	
17462;0;0;56;54;29.0
17947	0
17947	
17487;0;0;56;54;29.0
17972	0
17972	
17514;0;0;56;54;33.0
17996	0
17996	
17538;0;0;56;54;29.0
18021	0
18021	
17563;0;0;56;54;29.0
18048	0
18048	
17587;0;0;56;54;29.0
18072	0
18072	
17611;0;0;56;54;29.0
18096	0
18096	
17635;0;0;56;54;29.0
18129	0
18129	
17671;0;0;56;54;28.0
18153	0
18153	
17695;0;0;56;54;28.0
18177	0
18177	
17719;0;0;56;54;33.0
18202	0
18202	
17743;0;0;56;54;33.0
18228	0
18228	
17767;0;0;56;54;27.0
18252	0
18252	
17791;0;0;56;54;27.0
18276	0
18276	
17817;0;0;56;54;29.0
18301	0
18301	
17843;0;0;56;54;25.0
18332	0
18332	
17867;0;0;56;54;25.0
18356	0
18356	
17892;0;0;56;54;27.0
18375	0
18375	
17916;0;0;56;54;27.0
18400	0
18400	
17940;0;0;56;54;29.0
18425	0
18425	
17964;0;0;56;54;29.0
18449	0
18449	
17990;0;0;56;54;29.0
18474	0
18474	
18016;0;0;56;54;29.0
18499	0
18499	
18041;0;0;56;54;29.0
18523	0
18523	
18065;0;0;56;54;29.0
18552	0
18552	
18092;0;0;56;54;29.0
18578	0
18578	
18119;0;0;56;54;29.0
18603	0
18603	
18143;0;0;56;54;33.0
18627	0
18627	
18167;0;0;56;54;33.0
18650	0
18650	
18192;0;0;56;54;31.0
18674	0
18674	
18216;0;0;56;54;31.0
18698	0
18698	
18240;0;0;56;54;27.0
18724	0
18724	
18265;0;0;56;54;29.0
18759	0
18759	
18289;0;0;56;54;29.0
18777	0
18777	
18315;0;0;56;54;27.0
18798	0
18798	
18340;0;0;56;54;27.0
18824	0
18824	
18366;0;0;56;54;27.0
18850	0
18850	
18390;0;0;56;54;25.0
18873	0
18873	
18414;0;0;56;54;26.0
18897	0
18897	
18438;0;0;56;54;27.0
18923	0
18923	
18463;0;0;56;54;22.0
18948	0
18948	
18489;0;0;56;54;27.0
18990	0
18990	
18514;0;0;56;54;26.0
19004	0
19004	
18538;0;0;56;54;26.0
19021	0
19021	
18563;0;0;56;54;33.0
19045	0
19045	
18587;0;0;56;54;33.0
19072	0
19072	
18611;0;0;56;54;27.0
19096	0
19096	
18635;0;0;56;54;27.0
19121	0
19121	
18659;0;0;56;54;28.0
19145	0
19145	
18687;0;0;56;54;28.0
19170	0
19170	
18712;0;0;56;54;27.0
19211	0
19211	
18736;0;0;56;54;29.0
19225	0
19225	
18760;0;0;56;54;29.0
19242	0
19242	
18784;0;0;56;54;27.0
19266	0
19266	
18808;0;0;56;54;27.0
19293	0
19293	
18832;0;0;56;54;29.0
19317	0
19317	
18856;0;0;56;54;29.0
19341	0
19341	
18880;0;0;56;54;27.0
19365	0
19365	
18905;0;0;56;54;27.0
19391	0
19391	
18933;0;0;56;54;26.0
19428	0
19428	
18963;0;0;56;54;28.0
19448	0
19448	
18987;0;0;56;54;28.0
19472	0
19472	
19011;0;0;56;54;29.0
19496	0
19496	
19035;0;0;56;54;29.0
19520	0
19520	
19062;0;0;56;54;27.0
19545	0
19545	
19087;0;0;56;54;27.0
19569	0
19569	
19111;0;0;56;54;27.0
19593	0
19593	
19135;0;0;56;54;27.0
19621	0
19621	
19159;0;0;56;54;25.0
19649	0
19649	
19189;0;0;56;54;25.0
19674	0
19674	
19216;0;0;56;54;27.0
19698	0
19698	
19240;0;0;56;54;29.0
19723	0
19723	
19265;0;0;56;54;29.0
19747	0
19747	
19289;0;0;56;54;27.0
19774	0
19774	
19313;0;0;56;54;27.0
19798	0
19798	
19337;0;0;56;54;32.0
19822	0
19822	
19361;0;0;56;54;32.0
19851	0
19851	
19388;0;0;56;54;26.0
19874	0
19874	
19415;0;0;56;54;25.0
19897	0
19897	
19439;0;0;56;54;25.0
19922	0
19922	
19463;0;0;56;54;24.0
19945	0
19945	
19487;0;0;56;54;24.0
19972	0
19972	
19511;0;0;56;54;25.0
19996	0
19996	
19535;0;0;56;54;25.0
20022	0
20022	
19563;0;0;56;54;28.0
20046	0
20046	
19588;0;0;56;54;29.0
20082	0
20082	
19612;0;0;56;54;29.0
20100	0
20100	
19637;0;0;56;54;27.0
20121	0
20121	
19661;0;0;56;54;27.0
20147	0
20147	
19686;0;0;56;54;28.0
20171	0
20171	
19710;0;0;56;54;28.0
20195	0
20195	
19736;0;0;56;54;27.0
20220	0
20220	
19762;0;0;56;54;27.0
20244	0
20244	
19786;0;0;56;54;27.0
20268	0
20268	
19810;0;0;56;54;32.0
20304	0
20304	
19844;0;0;56;54;32.0
20330	0
20330	
19872;0;0;56;54;29.0
20354	0
20354	
19896;0;0;56;54;27.0
20378	0
20378	
19920;0;0;56;54;27.0
20402	0
20402	
19944;0;0;56;54;27.0
20429	0
20429	
19968;0;0;56;54;27.0
20453	0
20453	
19992;0;0;56;54;27.0
20477	0
20477	
20016;0;0;56;54;27.0
20506	0
20506	
20043;0;0;56;54;27.0
20529	0
20529	
20069;0;0;56;54;27.0
20551	0
20551	
20093;0;0;56;54;27.0
20575	0
20575	
20117;0;0;56;54;27.0
20602	0
20602	
20141;0;0;56;54;27.0
20626	0
20626	
20165;0;0;56;54;27.0
20650	0
20650	
20189;0;0;56;54;29.0
20674	0
20674	
20214;0;0;56;54;29.0
20699	0
20699	
20241;0;0;56;54;23.0
20741	0
20741	
20265;0;0;56;54;27.0
20757	0
20757	
20289;0;0;56;54;27.0
20775	0
20775	
20313;0;0;56;54;29.0
20796	0
20796	
20337;0;0;56;54;29.0
20822	0
