milliseconds	Werte
463	0
463	
6;0;0;56;54;0.0
487	0
487	
30;0;0;56;54;0.0
515	0
515	
54;0;0;56;54;40.0
539	0
539	
78;0;0;56;54;40.0
563	0
563	
102;0;0;56;54;38.0
587	0
587	
129;0;0;56;54;40.0
612	0
612	
154;0;0;56;54;39.0
648	0
648	
184;0;0;56;54;39.0
669	0
669	
208;0;0;56;54;40.0
693	0
693	
233;0;0;56;54;40.0
718	0
718	
260;0;0;56;54;39.0
742	0
742	
285;0;0;56;54;51.0
767	0
767	
309;0;0;56;54;51.0
791	0
791	
333;0;0;56;54;40.0
819	0
819	
358;0;0;56;54;40.0
852	0
852	
382;0;0;56;54;38.0
872	0
872	
410;0;0;56;54;38.0
893	0
893	
435;0;0;56;54;39.0
917	0
917	
459;0;0;56;54;40.0
941	0
941	
483;0;0;56;54;40.0
966	0
966	
507;0;0;56;54;40.0
992	0
992	
531;0;0;56;54;40.0
1016	0
1016	
555;0;0;56;54;51.0
1040	0
1040	
580;0;0;56;54;51.0
1074	0
1074	
611;0;0;56;54;39.0
1093	0
1093	
635;0;0;56;54;31.0
1117	0
1117	
659;0;0;56;54;31.0
1144	0
1144	
683;0;0;56;54;40.0
1168	0
1168	
707;0;0;56;54;40.0
1192	0
1192	
731;0;0;56;54;44.0
1216	0
1216	
758;0;0;56;54;44.0
1241	0
1241	
783;0;0;56;54;40.0
1265	0
1265	
807;0;0;56;54;51.0
1297	0
1297	
835;0;0;56;54;51.0
1320	0
1320	
859;0;0;56;54;51.0
1344	0
1344	
886;0;0;56;54;51.0
1369	0
1369	
911;0;0;56;54;39.0
1393	0
1393	
935;0;0;56;54;39.0
1417	0
1417	
959;0;0;56;54;39.0
1444	0
1444	
983;0;0;56;54;41.0
1468	0
1468	
1007;0;0;56;54;41.0
1492	0
1492	
1031;0;0;56;54;32.0
1525	0
1525	
1056;0;0;56;54;32.0
1546	0
1546	
1084;0;0;56;54;40.0
1566	0
1566	
1108;0;0;56;54;31.0
1591	0
1591	
1133;0;0;56;54;40.0
1615	0
1615	
1157;0;0;56;54;40.0
1642	0
1642	
1181;0;0;56;54;40.0
1666	0
1666	
1205;0;0;56;54;40.0
1690	0
1690	
1229;0;0;56;54;38.0
1718	0
1718	
1256;0;0;56;54;38.0
1743	0
1743	
1282;0;0;56;54;40.0
1764	0
1764	
1306;0;0;56;54;40.0
1789	0
1789	
1331;0;0;56;54;40.0
1816	0
1816	
1355;0;0;56;54;32.0
1840	0
1840	
1379;0;0;56;54;32.0
1864	0
1864	
1403;0;0;56;54;40.0
1888	0
1888	
1430;0;0;56;54;40.0
1914	0
1914	
1456;0;0;56;54;40.0
1955	0
1955	
1480;0;0;56;54;40.0
1969	0
1969	
1504;0;0;56;54;40.0
1986	0
1986	
1528;0;0;56;54;40.0
2010	0
2010	
1552;0;0;56;54;40.0
2035	0
2035	
1576;0;0;56;54;39.0
2061	0
2061	
1600;0;0;56;54;39.0
2085	0
2085	
1624;0;0;56;54;32.0
2109	0
2109	
1649;0;0;56;54;32.0
2134	0
2134	
1676;0;0;56;54;38.0
2170	0
2170	
1705;0;0;56;54;39.0
2190	0
2190	
1729;0;0;56;54;39.0
2214	0
2214	
1753;0;0;56;54;40.0
2238	0
2238	
1777;0;0;56;54;40.0
2262	0
2262	
1804;0;0;56;54;37.0
2287	0
2287	
1829;0;0;56;54;40.0
2311	0
2311	
1853;0;0;56;54;40.0
2335	0
2335	
1877;0;0;56;54;33.0
2368	0
2368	
1902;0;0;56;54;33.0
2392	0
2392	
1932;0;0;56;54;39.0
2414	0
2414	
1956;0;0;56;54;40.0
2438	0
2438	
1980;0;0;56;54;40.0
2462	0
2462	
2004;0;0;56;54;39.0
2487	0
2487	
2028;0;0;56;54;39.0
2513	0
2513	
2052;0;0;56;54;40.0
2537	0
2537	
2076;0;0;56;54;40.0
2561	0
2561	
2102;0;0;56;54;51.0
2591	0
2591	
2128;0;0;56;54;39.0
2614	0
2614	
2153;0;0;56;54;39.0
2636	0
2636	
2178;0;0;56;54;31.0
2661	0
2661	
2202;0;0;56;54;31.0
2687	0
2687	
2226;0;0;56;54;40.0
2711	0
2711	
2250;0;0;56;54;40.0
2735	0
2735	
2276;0;0;56;54;40.0
2761	0
2761	
2303;0;0;56;54;41.0
2785	0
2785	
2327;0;0;56;54;40.0
2821	0
2821	
2351;0;0;56;54;40.0
2838	0
2838	
2375;0;0;56;54;41.0
2857	0
2857	
2399;0;0;56;54;41.0
2882	0
2882	
2423;0;0;56;54;40.0
2908	0
2908	
2447;0;0;56;54;40.0
2932	0
2932	
2471;0;0;56;54;39.0
2956	0
2956	
2497;0;0;56;54;39.0
2981	0
2981	
2523;0;0;56;54;40.0
3005	0
3005	
2547;0;0;56;54;40.0
3036	0
3036	
2576;0;0;56;54;40.0
3059	0
3059	
2600;0;0;56;54;49.0
3083	0
3083	
2625;0;0;56;54;49.0
3110	0
3110	
2651;0;0;56;54;40.0
3134	0
3134	
2675;0;0;56;54;51.0
3158	0
3158	
2700;0;0;56;54;51.0
3185	0
3185	
2725;0;0;56;54;40.0
3208	0
3208	
2749;0;0;56;54;40.0
3233	0
3233	
2773;0;0;56;54;38.0
3264	0
3264	
2803;0;0;56;54;32.0
3286	0
3286	
2827;0;0;56;54;32.0
3310	0
3310	
2851;0;0;56;54;41.0
3334	0
3334	
2875;0;0;56;54;41.0
3361	0
3361	
2900;0;0;56;54;39.0
3385	0
3385	
2925;0;0;56;54;39.0
3408	0
3408	
2949;0;0;56;54;50.0
3432	0
3432	
2974;0;0;56;54;50.0
3466	0
3466	
3000;0;0;56;54;40.0
3489	0
3489	
3025;0;0;56;54;41.0
3508	0
3508	
3049;0;0;56;54;41.0
3532	0
3532	
3074;0;0;56;54;40.0
3559	0
3559	
3100;0;0;56;54;40.0
3583	0
3583	
3124;0;0;56;54;51.0
3607	0
3607	
3149;0;0;56;54;51.0
3635	0
3635	
3176;0;0;56;54;40.0
3659	0
3659	
3200;0;0;56;54;40.0
3694	0
3694	
3225;0;0;56;54;40.0
3713	0
3713	
3249;0;0;56;54;39.0
3734	0
3734	
3274;0;0;56;54;39.0
3759	0
3759	
3300;0;0;56;54;40.0
3783	0
3783	
3325;0;0;56;54;39.0
3808	0
3808	
3350;0;0;56;54;39.0
3833	0
3833	
3374;0;0;56;54;51.0
3858	0
3858	
3399;0;0;56;54;40.0
3889	0
3889	
3424;0;0;56;54;40.0
3912	0
3912	
3450;0;0;56;54;39.0
3933	0
3933	
3475;0;0;56;54;39.0
3958	0
3958	
3501;0;0;56;54;40.0
3983	0
3983	
3525;0;0;56;54;39.0
4008	0
4008	
3549;0;0;56;54;39.0
4032	0
4032	
3573;0;0;56;54;40.0
4058	0
4058	
3598;0;0;56;54;40.0
4083	0
4083	
3623;0;0;56;54;41.0
4117	0
4117	
3648;0;0;56;54;41.0
4134	0
4134	
3675;0;0;56;54;31.0
4159	0
4159	
3700;0;0;56;54;39.0
4183	0
4183	
3724;0;0;56;54;39.0
4207	0
4207	
3748;0;0;56;54;38.0
4233	0
4233	
3773;0;0;56;54;38.0
4258	0
4258	
3799;0;0;56;54;37.0
4282	0
4282	
3824;0;0;56;54;37.0
4309	0
4309	
3850;0;0;56;54;38.0
4339	0
4339	
3880;0;0;56;54;32.0
4365	0
4365	
3905;0;0;56;54;32.0
4388	0
4388	
3929;0;0;56;54;39.0
4412	0
4412	
3953;0;0;56;54;39.0
4436	0
4436	
3979;0;0;56;54;39.0
4464	0
4464	
4004;0;0;56;54;51.0
4487	0
4487	
4028;0;0;56;54;40.0
4511	0
4511	
4053;0;0;56;54;40.0
4549	0
4549	
4078;0;0;56;54;40.0
4567	0
4567	
4105;0;0;56;54;40.0
4588	0
4588	
4131;0;0;56;54;40.0
4613	0
4613	
4155;0;0;56;54;51.0
4637	0
4637	
4179;0;0;56;54;51.0
4663	0
4663	
4204;0;0;56;54;39.0
4689	0
4689	
4228;0;0;56;54;39.0
4713	0
4713	
4253;0;0;56;54;40.0
4738	0
4738	
4280;0;0;56;54;40.0
4775	0
4775	
4305;0;0;56;54;40.0
4795	0
4795	
4329;0;0;56;54;40.0
4812	0
4812	
4353;0;0;56;54;40.0
4836	0
4836	
4377;0;0;56;54;41.0
4862	0
4862	
4401;0;0;56;54;41.0
4886	0
4886	
4426;0;0;56;54;39.0
4911	0
4911	
4453;0;0;56;54;39.0
4936	0
4936	
4479;0;0;56;54;32.0
4963	0
4963	
4504;0;0;56;54;40.0
4998	0
4998	
4540;0;0;56;54;40.0
5023	0
5023	
4566;0;0;56;54;39.0
5048	0
5048	
4590;0;0;56;54;41.0
5073	0
5073	
4614;0;0;56;54;41.0
5097	0
5097	
4638;0;0;56;54;40.0
5123	0
5123	
4662;0;0;56;54;40.0
5147	0
5147	
4687;0;0;56;54;31.0
5172	0
5172	
4714;0;0;56;54;31.0
5204	0
5204	
4739;0;0;56;54;40.0
5226	0
5226	
4764;0;0;56;54;36.0
5247	0
5247	
4788;0;0;56;54;36.0
5271	0
5271	
4812;0;0;56;54;39.0
5297	0
5297	
4836;0;0;56;54;39.0
5321	0
5321	
4861;0;0;56;54;40.0
5346	0
5346	
4888;0;0;56;54;40.0
5371	0
5371	
4913;0;0;56;54;40.0
5395	0
5395	
4937;0;0;56;54;39.0
5431	0
5431	
4965;0;0;56;54;39.0
5450	0
5450	
4990;0;0;56;54;40.0
5475	0
5475	
5017;0;0;56;54;40.0
5499	0
5499	
5042;0;0;56;54;40.0
5524	0
5524	
5066;0;0;56;54;41.0
5549	0
5549	
5090;0;0;56;54;41.0
5573	0
5573	
5114;0;0;56;54;40.0
5599	0
5599	
5138;0;0;56;54;40.0
5623	0
5623	
5163;0;0;56;54;41.0
5651	0
5651	
5193;0;0;56;54;40.0
5676	0
5676	
5218;0;0;56;54;40.0
5700	0
5700	
5242;0;0;56;54;32.0
5725	0
5725	
5266;0;0;56;54;32.0
5751	0
5751	
5290;0;0;56;54;39.0
5775	0
5775	
5314;0;0;56;54;39.0
5799	0
5799	
5339;0;0;56;54;40.0
5824	0
5824	
5366;0;0;56;54;40.0
5859	0
5859	
5390;0;0;56;54;40.0
5878	0
5878	
5414;0;0;56;54;39.0
5897	0
5897	
5438;0;0;56;54;39.0
5921	0
5921	
5462;0;0;56;54;40.0
5947	0
5947	
5486;0;0;56;54;40.0
5971	0
5971	
5512;0;0;56;54;39.0
5996	0
5996	
5538;0;0;56;54;39.0
6020	0
6020	
5563;0;0;56;54;39.0
6045	0
6045	
5587;0;0;56;54;40.0
6082	0
6082	
5612;0;0;56;54;40.0
6102	0
6102	
5637;0;0;56;54;40.0
6122	0
6122	
5662;0;0;56;54;40.0
6147	0
6147	
5689;0;0;56;54;50.0
6172	0
6172	
5714;0;0;56;54;41.0
6196	0
6196	
5738;0;0;56;54;41.0
6221	0
6221	
5762;0;0;56;54;39.0
6248	0
6248	
5787;0;0;56;54;39.0
6272	0
6272	
5813;0;0;56;54;41.0
6300	0
6300	
5842;0;0;56;54;38.0
6324	0
6324	
5866;0;0;56;54;38.0
6348	0
6348	
5890;0;0;56;54;36.0
6372	0
6372	
5914;0;0;56;54;36.0
6397	0
6397	
5938;0;0;56;54;40.0
6423	0
6423	
5962;0;0;56;54;40.0
6447	0
6447	
5986;0;0;56;54;39.0
6471	0
6471	
6012;0;0;56;54;39.0
6501	0
6501	
6038;0;0;56;54;39.0
6523	0
6523	
6063;0;0;56;54;40.0
6546	0
6546	
6087;0;0;56;54;40.0
6571	0
6571	
6112;0;0;56;54;41.0
6597	0
6597	
6136;0;0;56;54;41.0
6621	0
6621	
6160;0;0;56;54;39.0
6645	0
6645	
6185;0;0;56;54;39.0
6670	0
6670	
6212;0;0;56;54;37.0
6694	0
6694	
6236;0;0;56;54;37.0
6730	0
6730	
6264;0;0;56;54;37.0
6749	0
6749	
6288;0;0;56;54;37.0
6773	0
6773	
6313;0;0;56;54;39.0
6798	0
6798	
6340;0;0;56;54;39.0
6824	0
6824	
6366;0;0;56;54;40.0
6848	0
6848	
6390;0;0;56;54;40.0
6872	0
6872	
6415;0;0;56;54;40.0
6900	0
6900	
6439;0;0;56;54;40.0
6924	0
6924	
6463;0;0;56;54;40.0
6952	0
6952	
6494;0;0;56;54;32.0
6977	0
6977	
6519;0;0;56;54;40.0
7001	0
7001	
6543;0;0;56;54;40.0
7025	0
7025	
6567;0;0;56;54;40.0
7050	0
7050	
6591;0;0;56;54;40.0
7076	0
7076	
6616;0;0;56;54;41.0
7101	0
7101	
6641;0;0;56;54;41.0
7126	0
7126	
6668;0;0;56;54;40.0
7162	0
7162	
6692;0;0;56;54;39.0
7181	0
7181	
6718;0;0;56;54;39.0
7202	0
7202	
6743;0;0;56;54;31.0
7228	0
7228	
6767;0;0;56;54;31.0
7252	0
7252	
6791;0;0;56;54;39.0
7276	0
7276	
6817;0;0;56;54;39.0
7301	0
7301	
6843;0;0;56;54;39.0
7325	0
7325	
6867;0;0;56;54;39.0
7349	0
7349	
6891;0;0;56;54;39.0
7381	0
7381	
6920;0;0;56;54;39.0
7405	0
7405	
6947;0;0;56;54;32.0
7429	0
7429	
6971;0;0;56;54;27.0
7453	0
7453	
6995;0;0;56;54;27.0
7479	0
7479	
7020;0;0;56;54;41.0
7505	0
7505	
7044;0;0;56;54;41.0
7529	0
7529	
7068;0;0;56;54;39.0
7553	0
7553	
7093;0;0;56;54;39.0
7586	0
7586	
7120;0;0;56;54;40.0
7606	0
7606	
7146;0;0;56;54;40.0
7628	0
7628	
7170;0;0;56;54;40.0
7652	0
7652	
7194;0;0;56;54;40.0
7679	0
7679	
7219;0;0;56;54;40.0
7704	0
7704	
7243;0;0;56;54;41.0
7729	0
7729	
7268;0;0;56;54;41.0
7753	0
7753	
7295;0;0;56;54;40.0
7777	0
7777	
7320;0;0;56;54;40.0
7812	0
7812	
7348;0;0;56;54;40.0
7833	0
7833	
7372;0;0;56;54;39.0
7857	0
7857	
7396;0;0;56;54;39.0
7881	0
7881	
7422;0;0;56;54;40.0
7907	0
7907	
7449;0;0;56;54;51.0
7932	0
7932	
7474;0;0;56;54;51.0
7956	0
7956	
7498;0;0;56;54;39.0
7982	0
7982	
7523;0;0;56;54;39.0
8008	0
8008	
7547;0;0;56;54;49.0
8036	0
8036	
7578;0;0;56;54;40.0
8060	0
8060	
7602;0;0;56;54;40.0
8084	0
8084	
7626;0;0;56;54;40.0
8108	0
8108	
7650;0;0;56;54;40.0
8132	0
8132	
7674;0;0;56;54;39.0
8159	0
8159	
7698;0;0;56;54;39.0
8183	0
8183	
7723;0;0;56;54;40.0
8208	0
8208	
7750;0;0;56;54;40.0
8239	0
8239	
7775;0;0;56;54;26.0
8260	0
8260	
7800;0;0;56;54;39.0
8282	0
8282	
7825;0;0;56;54;39.0
8307	0
8307	
7849;0;0;56;54;39.0
8334	0
8334	
7873;0;0;56;54;39.0
8358	0
8358	
7897;0;0;56;54;40.0
8382	0
8382	
7922;0;0;56;54;40.0
8408	0
8408	
7950;0;0;56;54;39.0
8432	0
8432	
7974;0;0;56;54;39.0
8468	0
8468	
8003;0;0;56;54;39.0
8488	0
8488	
8027;0;0;56;54;35.0
8512	0
8512	
8051;0;0;56;54;35.0
8536	0
8536	
8078;0;0;56;54;35.0
8561	0
8561	
8103;0;0;56;54;40.0
8585	0
8585	
8127;0;0;56;54;40.0
8609	0
8609	
8151;0;0;56;54;32.0
8636	0
8636	
8175;0;0;56;54;32.0
8665	0
8665	
8199;0;0;56;54;40.0
8689	0
8689	
8228;0;0;56;54;50.0
8710	0
8710	
8252;0;0;56;54;50.0
8734	0
8734	
8276;0;0;56;54;31.0
8758	0
8758	
8300;0;0;56;54;31.0
8785	0
8785	
8325;0;0;56;54;41.0
8810	0
8810	
8349;0;0;56;54;41.0
8834	0
8834	
8375;0;0;56;54;40.0
8859	0
8859	
8401;0;0;56;54;40.0
8890	0
8890	
8432;0;0;56;54;40.0
8915	0
8915	
8456;0;0;56;54;39.0
8939	0
8939	
8480;0;0;56;54;39.0
8965	0
8965	
8504;0;0;56;54;51.0
8989	0
8989	
8529;0;0;56;54;51.0
9014	0
9014	
8556;0;0;56;54;36.0
9038	0
9038	
8580;0;0;56;54;40.0
9062	0
9062	
8604;0;0;56;54;40.0
9094	0
9094	
8628;0;0;56;54;40.0
9117	0
9117	
8654;0;0;56;54;40.0
9139	0
9139	
8680;0;0;56;54;40.0
9164	0
9164	
8706;0;0;56;54;40.0
9188	0
9188	
8730;0;0;56;54;40.0
9212	0
9212	
8754;0;0;56;54;62.0
9237	0
9237	
8778;0;0;56;54;62.0
9261	0
9261	
8802;0;0;56;54;40.0
9287	0
9287	
8827;0;0;56;54;40.0
9322	0
9322	
8853;0;0;56;54;41.0
9339	0
9339	
8877;0;0;56;54;39.0
9360	0
9360	
8902;0;0;56;54;39.0
9386	0
9386	
8928;0;0;56;54;40.0
9411	0
9411	
8952;0;0;56;54;40.0
9435	0
9435	
8976;0;0;56;54;39.0
9461	0
9461	
9000;0;0;56;54;39.0
9485	0
9485	
9026;0;0;56;54;40.0
9510	0
9510	
9052;0;0;56;54;40.0
9547	0
9547	
9076;0;0;56;54;40.0
9564	0
9564	
9101;0;0;56;54;51.0
9585	0
9585	
9126;0;0;56;54;51.0
9609	0
9609	
9150;0;0;56;54;42.0
9635	0
9635	
9174;0;0;56;54;42.0
9659	0
9659	
9200;0;0;56;54;40.0
9684	0
9684	
9226;0;0;56;54;40.0
9708	0
9708	
9250;0;0;56;54;40.0
9734	0
9734	
9275;0;0;56;54;51.0
9769	0
9769	
9299;0;0;56;54;51.0
9789	0
9789	
9323;0;0;56;54;39.0
9808	0
9808	
9347;0;0;56;54;39.0
9832	0
9832	
9372;0;0;56;54;39.0
9857	0
9857	
9399;0;0;56;54;39.0
9881	0
9881	
9423;0;0;56;54;40.0
9905	0
9905	
9447;0;0;56;54;40.0
9929	0
9929	
9471;0;0;56;54;39.0
9956	0
9956	
9495;0;0;56;54;39.0
9990	0
9990	
9520;0;0;56;54;40.0
10009	0
10009	
9548;0;0;56;54;39.0
10030	0
10030	
9572;0;0;56;54;39.0
10054	0
10054	
9596;0;0;56;54;50.0
10078	0
10078	
9620;0;0;56;54;50.0
10105	0
10105	
9644;0;0;56;54;40.0
10129	0
10129	
9668;0;0;56;54;40.0
10153	0
10153	
9692;0;0;56;54;39.0
10177	0
10177	
9719;0;0;56;54;39.0
10206	0
10206	
9744;0;0;56;54;40.0
10231	0
10231	
9769;0;0;56;54;41.0
10251	0
10251	
9793;0;0;56;54;41.0
10275	0
10275	
9817;0;0;56;54;39.0
10300	0
10300	
9841;0;0;56;54;39.0
10324	0
10324	
9865;0;0;56;54;31.0
10350	0
10350	
9889;0;0;56;54;31.0
10375	0
10375	
9916;0;0;56;54;39.0
10399	0
10399	
9941;0;0;56;54;39.0
10431	0
10431	
9966;0;0;56;54;39.0
10455	0
10455	
9991;0;0;56;54;39.0
10474	0
10474	
10015;0;0;56;54;39.0
10498	0
10498	
10039;0;0;56;54;41.0
10524	0
10524	
10064;0;0;56;54;41.0
10549	0
10549	
10090;0;0;56;54;49.0
10573	0
10573	
10115;0;0;56;54;41.0
10599	0
10599	
10141;0;0;56;54;41.0
10624	0
10624	
10165;0;0;56;54;40.0
10658	0
10658	
10189;0;0;56;54;40.0
10679	0
10679	
10213;0;0;56;54;40.0
10698	0
10698	
10238;0;0;56;54;40.0
10723	0
10723	
10264;0;0;56;54;39.0
10747	0
10747	
10289;0;0;56;54;41.0
10772	0
10772	
10314;0;0;56;54;41.0
10796	0
10796	
10338;0;0;56;54;36.0
10821	0
10821	
10362;0;0;56;54;36.0
10845	0
10845	
10386;0;0;56;54;39.0
10880	0
10880	
10421;0;0;56;54;40.0
10904	0
10904	
10445;0;0;56;54;40.0
10927	0
10927	
10469;0;0;56;54;40.0
10951	0
10951	
10493;0;0;56;54;40.0
10976	0
10976	
10517;0;0;56;54;51.0
11002	0
11002	
10541;0;0;56;54;40.0
11026	0
11026	
10565;0;0;56;54;50.0
11050	0
11050	
10590;0;0;56;54;39.0
11080	0
11080	
10617;0;0;56;54;41.0
11105	0
11105	
10643;0;0;56;54;40.0
11125	0
11125	
10667;0;0;56;54;26.0
11149	0
11149	
10691;0;0;56;54;40.0
11173	0
11173	
10715;0;0;56;54;40.0
11198	0
11198	
10739;0;0;56;54;38.0
11222	0
11222	
10763;0;0;56;54;38.0
11248	0
11248	
10787;0;0;56;54;31.0
11272	0
11272	
10812;0;0;56;54;31.0
11306	0
11306	
10843;0;0;56;54;40.0
11325	0
11325	
10867;0;0;56;54;40.0
11349	0
11349	
10891;0;0;56;54;40.0
11374	0
11374	
10915;0;0;56;54;41.0
11400	0
11400	
10939;0;0;56;54;41.0
11424	0
11424	
10963;0;0;56;54;39.0
11448	0
11448	
10988;0;0;56;54;39.0
11473	0
11473	
11015;0;0;56;54;40.0
11509	0
11509	
11039;0;0;56;54;49.0
11525	0
11525	
11064;0;0;56;54;49.0
11546	0
11546	
11088;0;0;56;54;37.0
11572	0
11572	
11113;0;0;56;54;37.0
11598	0
11598	
11137;0;0;56;54;31.0
11622	0
11622	
11161;0;0;56;54;31.0
11646	0
11646	
11187;0;0;56;54;40.0
11671	0
11671	
11213;0;0;56;54;41.0
11707	0
11707	
11238;0;0;56;54;41.0
11728	0
11728	
11262;0;0;56;54;39.0
11745	0
11745	
11286;0;0;56;54;39.0
11771	0
11771	
11310;0;0;56;54;40.0
11795	0
11795	
11335;0;0;56;54;40.0
11820	0
11820	
11362;0;0;56;54;40.0
11844	0
11844	
11386;0;0;56;54;41.0
11868	0
11868	
11410;0;0;56;54;41.0
11894	0
11894	
11435;0;0;56;54;39.0
11929	0
11929	
11466;0;0;56;54;39.0
11951	0
11951	
11493;0;0;56;54;40.0
11975	0
11975	
11517;0;0;56;54;40.0
11999	0
11999	
11541;0;0;56;54;40.0
12023	0
12023	
11565;0;0;56;54;51.0
12051	0
12051	
11590;0;0;56;54;51.0
12075	0
12075	
11614;0;0;56;54;40.0
12099	0
12099	
11639;0;0;56;54;40.0
12130	0
12130	
11666;0;0;56;54;39.0
12151	0
12151	
11691;0;0;56;54;50.0
12173	0
12173	
11715;0;0;56;54;50.0
12197	0
12197	
11739;0;0;56;54;39.0
12221	0
12221	
11763;0;0;56;54;39.0
12248	0
12248	
11787;0;0;56;54;40.0
12272	0
12272	
11811;0;0;56;54;40.0
12296	0
12296	
11836;0;0;56;54;39.0
12321	0
12321	
11863;0;0;56;54;41.0
12357	0
12357	
11892;0;0;56;54;41.0
12377	0
12377	
11916;0;0;56;54;32.0
12401	0
12401	
11940;0;0;56;54;32.0
12425	0
12425	
11964;0;0;56;54;39.0
12449	0
12449	
11991;0;0;56;54;39.0
12474	0
12474	
12016;0;0;56;54;40.0
12498	0
12498	
12040;0;0;56;54;40.0
12523	0
12523	
12065;0;0;56;54;40.0
12559	0
12559	
12089;0;0;56;54;39.0
12578	0
12578	
12113;0;0;56;54;39.0
12599	0
12599	
12138;0;0;56;54;40.0
12623	0
12623	
12163;0;0;56;54;44.0
12647	0
12647	
12189;0;0;56;54;44.0
12671	0
12671	
12213;0;0;56;54;39.0
12695	0
12695	
12238;0;0;56;54;39.0
12721	0
12721	
12262;0;0;56;54;40.0
12747	0
12747	
12286;0;0;56;54;40.0
12780	0
12780	
12322;0;0;56;54;40.0
12804	0
12804	
12346;0;0;56;54;41.0
12828	0
12828	
12370;0;0;56;54;41.0
12853	0
12853	
12394;0;0;56;54;33.0
12877	0
12877	
12418;0;0;56;54;33.0
12904	0
12904	
12442;0;0;56;54;39.0
12927	0
12927	
12467;0;0;56;54;39.0
12952	0
12952	
12494;0;0;56;54;40.0
12989	0
12989	
12518;0;0;56;54;40.0
13005	0
13005	
12543;0;0;56;54;39.0
13026	0
13026	
12568;0;0;56;54;39.0
13050	0
13050	
12592;0;0;56;54;40.0
13077	0
13077	
12616;0;0;56;54;40.0
13101	0
13101	
12640;0;0;56;54;41.0
13125	0
13125	
12664;0;0;56;54;41.0
13149	0
13149	
12691;0;0;56;54;40.0
13178	0
13178	
12716;0;0;56;54;40.0
13202	0
13202	
12741;0;0;56;54;40.0
13223	0
13223	
12765;0;0;56;54;41.0
13247	0
13247	
12789;0;0;56;54;41.0
13275	0
13275	
12814;0;0;56;54;40.0
13299	0
13299	
12838;0;0;56;54;40.0
13323	0
13323	
12864;0;0;56;54;41.0
13348	0
13348	
12890;0;0;56;54;39.0
13372	0
13372	
12914;0;0;56;54;39.0
13408	0
13408	
12938;0;0;56;54;32.0
13427	0
13427	
12962;0;0;56;54;32.0
13447	0
13447	
12986;0;0;56;54;44.0
13471	0
13471	
13010;0;0;56;54;44.0
13496	0
13496	
13036;0;0;56;54;39.0
13521	0
13521	
13063;0;0;56;54;39.0
13545	0
13545	
13087;0;0;56;54;39.0
13569	0
13569	
13111;0;0;56;54;40.0
13599	0
13599	
13136;0;0;56;54;40.0
13626	0
13626	
13161;0;0;56;54;39.0
13646	0
13646	
13188;0;0;56;54;39.0
13671	0
13671	
13213;0;0;56;54;40.0
13695	0
13695	
13238;0;0;56;54;51.0
13720	0
13720	
13262;0;0;56;54;51.0
13747	0
13747	
13286;0;0;56;54;40.0
13771	0
13771	
13310;0;0;56;54;40.0
13796	0
13796	
13334;0;0;56;54;39.0
13827	0
13827	
13361;0;0;56;54;39.0
13847	0
13847	
13387;0;0;56;54;39.0
13870	0
13870	
13412;0;0;56;54;39.0
13897	0
13897	
13437;0;0;56;54;39.0
13922	0
13922	
13461;0;0;56;54;40.0
13946	0
13946	
13485;0;0;56;54;40.0
13970	0
13970	
13512;0;0;56;54;41.0
13995	0
13995	
13537;0;0;56;54;39.0
14031	0
14031	
13561;0;0;56;54;39.0
14047	0
14047	
13586;0;0;56;54;40.0
14070	0
14070	
13610;0;0;56;54;40.0
14095	0
14095	
13634;0;0;56;54;40.0
14119	0
14119	
13658;0;0;56;54;40.0
14143	0
14143	
13682;0;0;56;54;39.0
14167	0
14167	
13707;0;0;56;54;39.0
14192	0
14192	
13734;0;0;56;54;51.0
14217	0
14217	
13759;0;0;56;54;40.0
14246	0
14246	
13787;0;0;56;54;40.0
14270	0
14270	
13811;0;0;56;54;39.0
14296	0
14296	
13835;0;0;56;54;37.0
14320	0
14320	
13859;0;0;56;54;37.0
14344	0
14344	
13885;0;0;56;54;39.0
14369	0
14369	
13911;0;0;56;54;39.0
14393	0
14393	
13935;0;0;56;54;39.0
14417	0
14417	
13959;0;0;56;54;39.0
14452	0
14452	
13983;0;0;56;54;39.0
14471	0
14471	
14007;0;0;56;54;40.0
14493	0
14493	
14032;0;0;56;54;40.0
14517	0
14517	
14058;0;0;56;54;40.0
14542	0
14542	
14084;0;0;56;54;40.0
14566	0
14566	
14108;0;0;56;54;40.0
14590	0
14590	
14132;0;0;56;54;40.0
14615	0
14615	
14156;0;0;56;54;40.0
14645	0
14645	
14180;0;0;56;54;39.0
14669	0
14669	
14207;0;0;56;54;39.0
14692	0
14692	
14234;0;0;56;54;40.0
14716	0
14716	
14258;0;0;56;54;40.0
14740	0
14740	
14282;0;0;56;54;40.0
14764	0
14764	
14306;0;0;56;54;50.0
14791	0
14791	
14330;0;0;56;54;50.0
14815	0
14815	
14354;0;0;56;54;40.0
14839	0
14839	
14378;0;0;56;54;40.0
14872	0
14872	
14404;0;0;56;54;51.0
14892	0
14892	
14432;0;0;56;54;44.0
14914	0
14914	
14456;0;0;56;54;44.0
14938	0
14938	
14480;0;0;56;54;40.0
14962	0
14962	
14504;0;0;56;54;40.0
14987	0
14987	
14528;0;0;56;54;40.0
15013	0
15013	
14552;0;0;56;54;40.0
15037	0
15037	
14576;0;0;56;54;31.0
15061	0
15061	
14601;0;0;56;54;31.0
15089	0
15089	
14631;0;0;56;54;40.0
15113	0
15113	
14655;0;0;56;54;41.0
15137	0
15137	
14679;0;0;56;54;41.0
15161	0
15161	
14703;0;0;56;54;39.0
15188	0
15188	
14727;0;0;56;54;39.0
15213	0
15213	
14752;0;0;56;54;43.0
15237	0
15237	
14779;0;0;56;54;40.0
15262	0
15262	
14804;0;0;56;54;40.0
15299	0
15299	
14828;0;0;56;54;40.0
15316	0
15316	
14853;0;0;56;54;40.0
15337	0
15337	
14878;0;0;56;54;40.0
15363	0
15363	
14902;0;0;56;54;38.0
15387	0
15387	
14926;0;0;56;54;38.0
15411	0
15411	
14952;0;0;56;54;40.0
15436	0
15436	
14978;0;0;56;54;39.0
15461	0
15461	
15003;0;0;56;54;39.0
15496	0
15496	
15027;0;0;56;54;39.0
15516	0
15516	
15051;0;0;56;54;39.0
15534	0
15534	
15075;0;0;56;54;51.0
15560	0
15560	
15100;0;0;56;54;51.0
15586	0
15586	
15127;0;0;56;54;39.0
15610	0
15610	
15152;0;0;56;54;36.0
15634	0
15634	
15176;0;0;56;54;36.0
15658	0
15658	
15200;0;0;56;54;39.0
15683	0
15683	
15224;0;0;56;54;39.0
15717	0
15717	
15259;0;0;56;54;32.0
15742	0
15742	
15284;0;0;56;54;31.0
15766	0
15766	
15308;0;0;56;54;31.0
15790	0
15790	
15332;0;0;56;54;41.0
15815	0
15815	
15356;0;0;56;54;41.0
15841	0
15841	
15380;0;0;56;54;50.0
15865	0
15865	
15404;0;0;56;54;50.0
15889	0
15889	
15430;0;0;56;54;45.0
15919	0
15919	
15456;0;0;56;54;40.0
15941	0
15941	
15481;0;0;56;54;40.0
15964	0
15964	
15506;0;0;56;54;41.0
15989	0
15989	
15530;0;0;56;54;41.0
16015	0
16015	
15554;0;0;56;54;40.0
16039	0
16039	
15578;0;0;56;54;40.0
16064	0
16064	
15604;0;0;56;54;40.0
16088	0
16088	
15630;0;0;56;54;39.0
16115	0
16115	
15654;0;0;56;54;39.0
16139	0
16139	
15679;0;0;56;54;40.0
16161	0
16161	
15703;0;0;56;54;40.0
16186	0
16186	
15727;0;0;56;54;40.0
16212	0
16212	
15751;0;0;56;54;40.0
16236	0
16236	
15775;0;0;56;54;35.0
16260	0
16260	
15800;0;0;56;54;40.0
16285	0
16285	
15827;0;0;56;54;39.0
16309	0
16309	
15851;0;0;56;54;39.0
16345	0
16345	
15875;0;0;56;54;40.0
16364	0
16364	
15899;0;0;56;54;44.0
16381	0
16381	
15923;0;0;56;54;39.0
16408	0
16408	
15948;0;0;56;54;32.0
16433	0
16433	
15972;0;0;56;54;39.0
16457	0
16457	
15999;0;0;56;54;39.0
16482	0
16482	
16024;0;0;56;54;40.0
16506	0
16506	
16049;0;0;56;54;40.0
16531	0
16531	
16073;0;0;56;54;40.0
16561	0
16561	
16100;0;0;56;54;39.0
16585	0
16585	
16127;0;0;56;54;39.0
16610	0
16610	
16152;0;0;56;54;40.0
16635	0
16635	
16177;0;0;56;54;39.0
16659	0
16659	
16201;0;0;56;54;39.0
16686	0
16686	
16225;0;0;56;54;30.0
16710	0
16710	
16250;0;0;56;54;30.0
16735	0
16735	
16277;0;0;56;54;40.0
16772	0
16772	
16306;0;0;56;54;32.0
16788	0
16788	
16330;0;0;56;54;32.0
16815	0
16815	
16354;0;0;56;54;40.0
16839	0
16839	
16378;0;0;56;54;40.0
16863	0
16863	
16402;0;0;56;54;41.0
16887	0
16887	
16429;0;0;56;54;41.0
16912	0
16912	
16455;0;0;56;54;51.0
16937	0
16937	
16479;0;0;56;54;49.0
16973	0
16973	
16503;0;0;56;54;49.0
16992	0
16992	
16527;0;0;56;54;40.0
17011	0
17011	
16552;0;0;56;54;40.0
17037	0
17037	
16576;0;0;56;54;40.0
17061	0
17061	
16600;0;0;56;54;40.0
17085	0
17085	
16626;0;0;56;54;40.0
17110	0
