milliseconds	Werte
462	0
462	
6;0;0;56;54;0.0
487	0
487	
30;0;0;56;54;41.0
513	0
513	
54;0;0;56;54;41.0
538	0
538	
78;0;0;56;54;46.0
562	0
562	
102;0;0;56;54;46.0
586	0
586	
129;0;0;56;54;50.0
611	0
611	
154;0;0;56;54;49.0
647	0
647	
183;0;0;56;54;49.0
667	0
667	
207;0;0;56;54;50.0
691	0
691	
231;0;0;56;54;50.0
715	0
715	
257;0;0;56;54;45.0
740	0
740	
283;0;0;56;54;51.0
764	0
764	
307;0;0;56;54;51.0
788	0
788	
331;0;0;56;54;48.0
813	0
813	
355;0;0;56;54;48.0
845	0
845	
379;0;0;56;54;49.0
868	0
868	
404;0;0;56;54;49.0
888	0
888	
430;0;0;56;54;50.0
912	0
912	
455;0;0;56;54;46.0
938	0
938	
481;0;0;56;54;46.0
963	0
963	
505;0;0;56;54;46.0
987	0
987	
529;0;0;56;54;46.0
1011	0
1011	
553;0;0;56;54;49.0
1037	0
1037	
579;0;0;56;54;49.0
1072	0
1072	
604;0;0;56;54;43.0
1089	0
1089	
629;0;0;56;54;50.0
1110	0
1110	
653;0;0;56;54;50.0
1136	0
1136	
678;0;0;56;54;48.0
1163	0
1163	
703;0;0;56;54;48.0
1187	0
1187	
729;0;0;56;54;48.0
1212	0
1212	
755;0;0;56;54;50.0
1237	0
1237	
780;0;0;56;54;50.0
1261	0
1261	
804;0;0;56;54;39.0
1297	0
1297	
828;0;0;56;54;39.0
1316	0
1316	
853;0;0;56;54;49.0
1337	0
1337	
879;0;0;56;54;49.0
1362	0
1362	
905;0;0;56;54;37.0
1387	0
1387	
930;0;0;56;54;62.0
1411	0
1411	
954;0;0;56;54;62.0
1437	0
1437	
979;0;0;56;54;45.0
1463	0
1463	
1003;0;0;56;54;45.0
1487	0
1487	
1029;0;0;56;54;46.0
1521	0
1521	
1056;0;0;56;54;49.0
1541	0
1541	
1081;0;0;56;54;50.0
1562	0
1562	
1105;0;0;56;54;50.0
1586	0
1586	
1129;0;0;56;54;39.0
1611	0
1611	
1153;0;0;56;54;39.0
1637	0
1637	
1178;0;0;56;54;46.0
1662	0
1662	
1203;0;0;56;54;46.0
1687	0
1687	
1230;0;0;56;54;47.0
1711	0
1711	
1254;0;0;56;54;47.0
1749	0
1749	
1284;0;0;56;54;47.0
1768	0
1768	
1308;0;0;56;54;46.0
1792	0
1792	
1332;0;0;56;54;46.0
1816	0
1816	
1358;0;0;56;54;49.0
1841	0
1841	
1384;0;0;56;54;45.0
1866	0
1866	
1409;0;0;56;54;45.0
1890	0
1890	
1433;0;0;56;54;46.0
1915	0
1915	
1457;0;0;56;54;46.0
1941	0
1941	
1482;0;0;56;54;50.0
1975	0
1975	
1516;0;0;56;54;49.0
1997	0
1997	
1541;0;0;56;54;49.0
2022	0
2022	
1565;0;0;56;54;46.0
2047	0
2047	
1589;0;0;56;54;46.0
2071	0
2071	
1613;0;0;56;54;38.0
2097	0
2097	
1637;0;0;56;54;38.0
2121	0
2121	
1663;0;0;56;54;46.0
2146	0
2146	
1689;0;0;56;54;50.0
2178	0
2178	
1713;0;0;56;54;50.0
2201	0
2201	
1737;0;0;56;54;45.0
2219	0
2219	
1762;0;0;56;54;45.0
2244	0
2244	
1786;0;0;56;54;51.0
2270	0
2270	
1810;0;0;56;54;51.0
2294	0
2294	
1834;0;0;56;54;48.0
2318	0
2318	
1859;0;0;56;54;48.0
2343	0
2343	
1886;0;0;56;54;48.0
2367	0
2367	
1910;0;0;56;54;39.0
2403	0
2403	
1939;0;0;56;54;39.0
2423	0
2423	
1963;0;0;56;54;39.0
2447	0
2447	
1987;0;0;56;54;39.0
2471	0
2471	
2014;0;0;56;54;39.0
2496	0
2496	
2039;0;0;56;54;41.0
2520	0
2520	
2063;0;0;56;54;41.0
2544	0
2544	
2087;0;0;56;54;67.0
2569	0
2569	
2111;0;0;56;54;67.0
2601	0
2601	
2135;0;0;56;54;50.0
2623	0
2623	
2160;0;0;56;54;50.0
2644	0
2644	
2186;0;0;56;54;46.0
2668	0
2668	
2210;0;0;56;54;50.0
2693	0
2693	
2236;0;0;56;54;50.0
2717	0
2717	
2260;0;0;56;54;50.0
2742	0
2742	
2284;0;0;56;54;50.0
2766	0
2766	
2308;0;0;56;54;50.0
2792	0
2792	
2332;0;0;56;54;50.0
2826	0
2826	
2359;0;0;56;54;50.0
2846	0
2846	
2384;0;0;56;54;63.0
2866	0
2866	
2409;0;0;56;54;63.0
2891	0
2891	
2434;0;0;56;54;46.0
2916	0
2916	
2458;0;0;56;54;46.0
2941	0
2941	
2483;0;0;56;54;51.0
2965	0
2965	
2508;0;0;56;54;51.0
2992	0
2992	
2534;0;0;56;54;46.0
3016	0
3016	
2558;0;0;56;54;39.0
3049	0
3049	
2584;0;0;56;54;39.0
3072	0
3072	
2609;0;0;56;54;49.0
3091	0
3091	
2633;0;0;56;54;49.0
3115	0
3115	
2657;0;0;56;54;39.0
3140	0
3140	
2683;0;0;56;54;39.0
3166	0
3166	
2708;0;0;56;54;49.0
3191	0
3191	
2734;0;0;56;54;50.0
3218	0
3218	
2759;0;0;56;54;50.0
3242	0
3242	
2784;0;0;56;54;46.0
3272	0
3272	
2809;0;0;56;54;46.0
3296	0
3296	
2837;0;0;56;54;49.0
3319	0
3319	
2862;0;0;56;54;46.0
3344	0
3344	
2887;0;0;56;54;46.0
3370	0
3370	
2911;0;0;56;54;48.0
3393	0
3393	
2935;0;0;56;54;48.0
3417	0
3417	
2959;0;0;56;54;48.0
3443	0
3443	
2984;0;0;56;54;48.0
3468	0
3468	
3009;0;0;56;54;35.0
3495	0
3495	
3034;0;0;56;54;51.0
3519	0
3519	
3060;0;0;56;54;49.0
3542	0
3542	
3085;0;0;56;54;49.0
3567	0
3567	
3109;0;0;56;54;61.0
3591	0
3591	
3133;0;0;56;54;61.0
3615	0
3615	
3157;0;0;56;54;62.0
3641	0
3641	
3183;0;0;56;54;62.0
3667	0
3667	
3210;0;0;56;54;46.0
3691	0
3691	
3234;0;0;56;54;39.0
3726	0
3726	
3258;0;0;56;54;39.0
3747	0
3747	
3283;0;0;56;54;50.0
3765	0
3765	
3307;0;0;56;54;50.0
3791	0
3791	
3331;0;0;56;54;50.0
3815	0
3815	
3355;0;0;56;54;50.0
3839	0
3839	
3383;0;0;56;54;49.0
3864	0
3864	
3407;0;0;56;54;50.0
3888	0
3888	
3431;0;0;56;54;50.0
3912	0
3912	
3455;0;0;56;54;46.0
3944	0
3944	
3479;0;0;56;54;46.0
3968	0
3968	
3505;0;0;56;54;39.0
3989	0
3989	
3529;0;0;56;54;39.0
4013	0
4013	
3554;0;0;56;54;47.0
4038	0
4038	
3581;0;0;56;54;46.0
4062	0
4062	
3605;0;0;56;54;34.0
4086	0
4086	
3629;0;0;56;54;34.0
4110	0
4110	
3653;0;0;56;54;49.0
4137	0
4137	
3677;0;0;56;54;49.0
4166	0
4166	
3701;0;0;56;54;50.0
4190	0
4190	
3730;0;0;56;54;46.0
4211	0
4211	
3754;0;0;56;54;46.0
4235	0
4235	
3778;0;0;56;54;50.0
4259	0
4259	
3802;0;0;56;54;50.0
4283	0
4283	
3826;0;0;56;54;48.0
4310	0
4310	
3850;0;0;56;54;48.0
4334	0
4334	
3874;0;0;56;54;35.0
4358	0
4358	
3898;0;0;56;54;35.0
4388	0
4388	
3925;0;0;56;54;50.0
4410	0
4410	
3951;0;0;56;54;48.0
4432	0
4432	
3975;0;0;56;54;48.0
4456	0
4456	
3999;0;0;56;54;50.0
4484	0
4484	
4024;0;0;56;54;50.0
4508	0
4508	
4048;0;0;56;54;46.0
4533	0
4533	
4072;0;0;56;54;46.0
4556	0
4556	
4099;0;0;56;54;45.0
4581	0
4581	
4124;0;0;56;54;48.0
4618	0
4618	
4149;0;0;56;54;48.0
4638	0
4638	
4174;0;0;56;54;62.0
4656	0
4656	
4198;0;0;56;54;62.0
4682	0
4682	
4222;0;0;56;54;58.0
4706	0
4706	
4246;0;0;56;54;58.0
4730	0
4730	
4272;0;0;56;54;46.0
4755	0
4755	
4298;0;0;56;54;58.0
4779	0
4779	
4322;0;0;56;54;58.0
4803	0
4803	
4346;0;0;56;54;39.0
4838	0
4838	
4370;0;0;56;54;39.0
4858	0
4858	
4394;0;0;56;54;46.0
4878	0
4878	
4418;0;0;56;54;46.0
4902	0
4902	
4445;0;0;56;54;50.0
4927	0
4927	
4470;0;0;56;54;50.0
4951	0
4951	
4494;0;0;56;54;50.0
4975	0
4975	
4518;0;0;56;54;46.0
5002	0
5002	
4542;0;0;56;54;46.0
5026	0
5026	
4566;0;0;56;54;67.0
5055	0
5055	
4591;0;0;56;54;67.0
5078	0
5078	
4619;0;0;56;54;45.0
5101	0
5101	
4644;0;0;56;54;48.0
5125	0
5125	
4668;0;0;56;54;48.0
5151	0
5151	
4693;0;0;56;54;46.0
5177	0
5177	
4717;0;0;56;54;46.0
5201	0
5201	
4743;0;0;56;54;39.0
5227	0
5227	
4770;0;0;56;54;46.0
5251	0
5251	
4795;0;0;56;54;48.0
5288	0
5288	
4819;0;0;56;54;48.0
5307	0
5307	
4843;0;0;56;54;50.0
5325	0
5325	
4867;0;0;56;54;50.0
5353	0
5353	
4893;0;0;56;54;49.0
5377	0
5377	
4918;0;0;56;54;49.0
5402	0
5402	
4945;0;0;56;54;43.0
5426	0
5426	
4969;0;0;56;54;45.0
5450	0
5450	
4994;0;0;56;54;45.0
5475	0
5475	
5018;0;0;56;54;46.0
5511	0
5511	
5042;0;0;56;54;46.0
5530	0
5530	
5066;0;0;56;54;48.0
5550	0
5550	
5090;0;0;56;54;48.0
5574	0
5574	
5116;0;0;56;54;36.0
5599	0
5599	
5142;0;0;56;54;46.0
5623	0
5623	
5166;0;0;56;54;46.0
5647	0
5647	
5190;0;0;56;54;62.0
5672	0
5672	
5214;0;0;56;54;62.0
5699	0
5699	
5239;0;0;56;54;49.0
5732	0
5732	
5264;0;0;56;54;49.0
5751	0
5751	
5291;0;0;56;54;46.0
5773	0
5773	
5316;0;0;56;54;50.0
5798	0
5798	
5341;0;0;56;54;50.0
5822	0
5822	
5365;0;0;56;54;50.0
5848	0
5848	
5389;0;0;56;54;50.0
5871	0
5871	
5413;0;0;56;54;58.0
5897	0
5897	
5437;0;0;56;54;58.0
5921	0
5921	
5463;0;0;56;54;46.0
5957	0
5957	
5494;0;0;56;54;46.0
5976	0
5976	
5518;0;0;56;54;46.0
6000	0
6000	
5542;0;0;56;54;46.0
6024	0
6024	
5566;0;0;56;54;46.0
6050	0
6050	
5592;0;0;56;54;48.0
6075	0
6075	
5616;0;0;56;54;46.0
6098	0
6098	
5641;0;0;56;54;46.0
6123	0
6123	
5666;0;0;56;54;39.0
6147	0
6147	
5690;0;0;56;54;39.0
6183	0
6183	
5714;0;0;56;54;46.0
6203	0
6203	
5739;0;0;56;54;46.0
6223	0
6223	
5765;0;0;56;54;46.0
6248	0
6248	
5789;0;0;56;54;46.0
6271	0
6271	
5814;0;0;56;54;46.0
6296	0
6296	
5839;0;0;56;54;46.0
6321	0
6321	
5863;0;0;56;54;46.0
6346	0
6346	
5887;0;0;56;54;43.0
6369	0
6369	
5911;0;0;56;54;43.0
6404	0
6404	
5937;0;0;56;54;49.0
6424	0
6424	
5962;0;0;56;54;50.0
6444	0
6444	
5987;0;0;56;54;50.0
6469	0
6469	
6012;0;0;56;54;48.0
6494	0
6494	
6036;0;0;56;54;48.0
6519	0
6519	
6060;0;0;56;54;50.0
6542	0
6542	
6084;0;0;56;54;50.0
6568	0
6568	
6110;0;0;56;54;50.0
6593	0
6593	
6134;0;0;56;54;51.0
6627	0
6627	
6159;0;0;56;54;51.0
6648	0
6648	
6185;0;0;56;54;46.0
6667	0
6667	
6209;0;0;56;54;46.0
6692	0
6692	
6234;0;0;56;54;51.0
6716	0
6716	
6259;0;0;56;54;51.0
6743	0
6743	
6285;0;0;56;54;47.0
6767	0
6767	
6309;0;0;56;54;50.0
6791	0
6791	
6334;0;0;56;54;50.0
6818	0
6818	
6359;0;0;56;54;60.0
6853	0
6853	
6389;0;0;56;54;60.0
6873	0
6873	
6415;0;0;56;54;58.0
6897	0
6897	
6439;0;0;56;54;39.0
6921	0
6921	
6464;0;0;56;54;39.0
6946	0
6946	
6489;0;0;56;54;50.0
6971	0
6971	
6513;0;0;56;54;50.0
6995	0
6995	
6537;0;0;56;54;51.0
7019	0
7019	
6561;0;0;56;54;51.0
7050	0
7050	
6587;0;0;56;54;46.0
7073	0
7073	
6614;0;0;56;54;51.0
7096	0
7096	
6639;0;0;56;54;51.0
7120	0
7120	
6663;0;0;56;54;44.0
7145	0
7145	
6687;0;0;56;54;44.0
7169	0
7169	
6711;0;0;56;54;46.0
7195	0
7195	
6735;0;0;56;54;46.0
7219	0
7219	
6761;0;0;56;54;48.0
7244	0
7244	
6787;0;0;56;54;46.0
7286	0
7286	
6811;0;0;56;54;46.0
7299	0
7299	
6835;0;0;56;54;46.0
7316	0
7316	
6859;0;0;56;54;46.0
7341	0
7341	
6883;0;0;56;54;58.0
7365	0
7365	
6907;0;0;56;54;58.0
7391	0
7391	
6931;0;0;56;54;45.0
7415	0
7415	
6956;0;0;56;54;45.0
7440	0
7440	
6983;0;0;56;54;46.0
7464	0
7464	
7007;0;0;56;54;48.0
7505	0
7505	
7031;0;0;56;54;48.0
7520	0
7520	
7055;0;0;56;54;51.0
7536	0
7536	
7079;0;0;56;54;51.0
7563	0
7563	
7104;0;0;56;54;46.0
7588	0
7588	
7128;0;0;56;54;46.0
7612	0
7612	
7154;0;0;56;54;39.0
7637	0
7637	
7180;0;0;56;54;45.0
7661	0
7661	
7204;0;0;56;54;45.0
7686	0
7686	
7228;0;0;56;54;45.0
7721	0
7721	
7252;0;0;56;54;45.0
7740	0
7740	
7276;0;0;56;54;48.0
7760	0
7760	
7301;0;0;56;54;48.0
7785	0
7785	
7325;0;0;56;54;50.0
7809	0
7809	
7350;0;0;56;54;46.0
7834	0
7834	
7377;0;0;56;54;50.0
7858	0
7858	
7402;0;0;56;54;50.0
7883	0
7883	
7426;0;0;56;54;50.0
7907	0
7907	
7450;0;0;56;54;46.0
7943	0
7943	
7474;0;0;56;54;46.0
7963	0
7963	
7498;0;0;56;54;46.0
7982	0
7982	
7522;0;0;56;54;46.0
8006	0
8006	
7548;0;0;56;54;46.0
8031	0
8031	
7574;0;0;56;54;49.0
8055	0
8055	
7598;0;0;56;54;49.0
8079	0
8079	
7622;0;0;56;54;45.0
8103	0
8103	
7646;0;0;56;54;45.0
8130	0
8130	
7670;0;0;56;54;37.0
8168	0
8168	
7694;0;0;56;54;37.0
8182	0
8182	
7718;0;0;56;54;46.0
8202	0
8202	
7743;0;0;56;54;46.0
8227	0
8227	
7770;0;0;56;54;50.0
8253	0
8253	
7796;0;0;56;54;50.0
8277	0
8277	
7820;0;0;56;54;50.0
8301	0
8301	
7844;0;0;56;54;45.0
8328	0
8328	
7868;0;0;56;54;45.0
8352	0
8352	
7892;0;0;56;54;50.0
8385	0
8385	
7928;0;0;56;54;50.0
8409	0
8409	
7952;0;0;56;54;50.0
8433	0
8433	
7976;0;0;56;54;46.0
8459	0
8459	
8000;0;0;56;54;46.0
8482	0
8482	
8024;0;0;56;54;50.0
8508	0
8508	
8048;0;0;56;54;50.0
8532	0
8532	
8074;0;0;56;54;48.0
8557	0
8557	
8100;0;0;56;54;50.0
8582	0
8582	
8125;0;0;56;54;50.0
8612	0
8612	
8154;0;0;56;54;48.0
8636	0
8636	
8179;0;0;56;54;48.0
8663	0
8663	
8205;0;0;56;54;40.0
8687	0
8687	
8229;0;0;56;54;46.0
8711	0
8711	
8253;0;0;56;54;46.0
8738	0
8738	
8279;0;0;56;54;45.0
8762	0
8762	
8304;0;0;56;54;45.0
8786	0
8786	
8330;0;0;56;54;46.0
8811	0
8811	
8354;0;0;56;54;45.0
8847	0
8847	
8385;0;0;56;54;45.0
8869	0
8869	
8410;0;0;56;54;51.0
8892	0
8892	
8435;0;0;56;54;51.0
8917	0
8917	
8461;0;0;56;54;39.0
8942	0
8942	
8485;0;0;56;54;46.0
8967	0
8967	
8509;0;0;56;54;46.0
8991	0
8991	
8533;0;0;56;54;46.0
9017	0
9017	
8557;0;0;56;54;46.0
9045	0
9045	
8582;0;0;56;54;46.0
9069	0
9069	
8612;0;0;56;54;45.0
9093	0
9093	
8636;0;0;56;54;45.0
9117	0
9117	
8660;0;0;56;54;45.0
9141	0
9141	
8684;0;0;56;54;45.0
9166	0
9166	
8708;0;0;56;54;46.0
9192	0
9192	
8732;0;0;56;54;46.0
9216	0
9216	
8756;0;0;56;54;51.0
9240	0
9240	
8781;0;0;56;54;51.0
9271	0
9271	
8809;0;0;56;54;51.0
9294	0
9294	
8835;0;0;56;54;49.0
9316	0
9316	
8859;0;0;56;54;49.0
9340	0
9340	
8883;0;0;56;54;46.0
9367	0
9367	
8908;0;0;56;54;46.0
9392	0
9392	
8932;0;0;56;54;50.0
9416	0
9416	
8956;0;0;56;54;50.0
9440	0
9440	
8983;0;0;56;54;45.0
9465	0
9465	
9008;0;0;56;54;58.0
9501	0
9501	
9032;0;0;56;54;58.0
9519	0
9519	
9057;0;0;56;54;50.0
9538	0
9538	
9081;0;0;56;54;50.0
9565	0
9565	
9106;0;0;56;54;49.0
9590	0
9590	
9130;0;0;56;54;49.0
9614	0
9614	
9156;0;0;56;54;49.0
9639	0
9639	
9182;0;0;56;54;49.0
9663	0
9663	
9207;0;0;56;54;49.0
9690	0
9690	
9231;0;0;56;54;44.0
9724	0
9724	
9262;0;0;56;54;44.0
9746	0
9746	
9289;0;0;56;54;63.0
9770	0
9770	
9313;0;0;56;54;45.0
9794	0
9794	
9337;0;0;56;54;45.0
9818	0
9818	
9361;0;0;56;54;47.0
9843	0
9843	
9385;0;0;56;54;47.0
9869	0
9869	
9410;0;0;56;54;46.0
9894	0
9894	
9435;0;0;56;54;46.0
9924	0
9924	
9462;0;0;56;54;39.0
9949	0
9949	
9487;0;0;56;54;39.0
9969	0
9969	
9513;0;0;56;54;39.0
9994	0
9994	
9537;0;0;56;54;50.0
10021	0
10021	
9561;0;0;56;54;46.0
10045	0
10045	
9585;0;0;56;54;49.0
10069	0
10069	
9610;0;0;56;54;50.0
10095	0
10095	
9638;0;0;56;54;44.0
10119	0
10119	
9662;0;0;56;54;50.0
10155	0
10155	
9686;0;0;56;54;39.0
10175	0
10175	
9712;0;0;56;54;39.0
10194	0
10194	
9736;0;0;56;54;50.0
10220	0
10220	
9760;0;0;56;54;50.0
10244	0
10244	
9784;0;0;56;54;46.0
10268	0
10268	
9810;0;0;56;54;46.0
10293	0
10293	
9836;0;0;56;54;46.0
10317	0
10317	
9860;0;0;56;54;48.0
10341	0
10341	
9884;0;0;56;54;48.0
10378	0
10378	
9916;0;0;56;54;46.0
10400	0
10400	
9943;0;0;56;54;36.0
10424	0
10424	
9967;0;0;56;54;36.0
10448	0
10448	
9991;0;0;56;54;46.0
10472	0
10472	
10015;0;0;56;54;46.0
10497	0
10497	
10039;0;0;56;54;47.0
10523	0
10523	
10063;0;0;56;54;47.0
10547	0
10547	
10087;0;0;56;54;50.0
10577	0
10577	
10113;0;0;56;54;50.0
10599	0
10599	
10140;0;0;56;54;47.0
10621	0
10621	
10164;0;0;56;54;50.0
10645	0
10645	
10188;0;0;56;54;50.0
10673	0
10673	
10214;0;0;56;54;37.0
10698	0
10698	
10238;0;0;56;54;37.0
10722	0
10722	
10262;0;0;56;54;46.0
10746	0
10746	
10289;0;0;56;54;46.0
10772	0
10772	
10315;0;0;56;54;39.0
10804	0
10804	
10343;0;0;56;54;44.0
10827	0
10827	
10367;0;0;56;54;44.0
10851	0
10851	
10391;0;0;56;54;50.0
10875	0
10875	
10418;0;0;56;54;50.0
10900	0
10900	
10443;0;0;56;54;51.0
10925	0
10925	
10468;0;0;56;54;39.0
10949	0
10949	
10492;0;0;56;54;39.0
10976	0
10976	
10516;0;0;56;54;50.0
11008	0
11008	
10540;0;0;56;54;50.0
11027	0
11027	
10564;0;0;56;54;50.0
11048	0
11048	
10590;0;0;56;54;50.0
11073	0
11073	
10616;0;0;56;54;46.0
11097	0
11097	
10640;0;0;56;54;46.0
11121	0
11121	
10664;0;0;56;54;46.0
11145	0
11145	
10688;0;0;56;54;46.0
11172	0
11172	
10713;0;0;56;54;44.0
11202	0
11202	
10737;0;0;56;54;44.0
11224	0
11224	
10766;0;0;56;54;51.0
11247	0
11247	
10790;0;0;56;54;50.0
11271	0
11271	
10815;0;0;56;54;50.0
11299	0
11299	
10839;0;0;56;54;50.0
11323	0
11323	
10863;0;0;56;54;50.0
11347	0
11347	
10887;0;0;56;54;46.0
11371	0
11371	
10914;0;0;56;54;46.0
11397	0
11397	
10940;0;0;56;54;50.0
11428	0
11428	
10970;0;0;56;54;45.0
11452	0
11452	
10994;0;0;56;54;45.0
11478	0
11478	
11020;0;0;56;54;49.0
11503	0
11503	
11044;0;0;56;54;48.0
11526	0
11526	
11068;0;0;56;54;48.0
11550	0
11550	
11093;0;0;56;54;50.0
11577	0
11577	
11118;0;0;56;54;50.0
11601	0
11601	
11142;0;0;56;54;45.0
11633	0
11633	
11166;0;0;56;54;45.0
11655	0
11655	
11193;0;0;56;54;48.0
11675	0
11675	
11217;0;0;56;54;51.0
11700	0
11700	
11241;0;0;56;54;51.0
11723	0
11723	
11266;0;0;56;54;43.0
11750	0
11750	
11291;0;0;56;54;43.0
11774	0
11774	
11316;0;0;56;54;50.0
11798	0
11798	
11341;0;0;56;54;50.0
11828	0
11828	
11367;0;0;56;54;46.0
11852	0
11852	
11392;0;0;56;54;50.0
11875	0
11875	
11418;0;0;56;54;50.0
11902	0
11902	
11443;0;0;56;54;51.0
11925	0
11925	
11467;0;0;56;54;51.0
11949	0
11949	
11491;0;0;56;54;36.0
11975	0
11975	
11517;0;0;56;54;36.0
12000	0
12000	
11542;0;0;56;54;50.0
12024	0
12024	
11567;0;0;56;54;50.0
12060	0
12060	
11595;0;0;56;54;50.0
12080	0
12080	
11620;0;0;56;54;51.0
12104	0
12104	
11645;0;0;56;54;51.0
12129	0
12129	
11672;0;0;56;54;50.0
12153	0
12153	
11696;0;0;56;54;67.0
12177	0
12177	
11721;0;0;56;54;67.0
12202	0
12202	
11745;0;0;56;54;49.0
12229	0
12229	
11769;0;0;56;54;49.0
12260	0
12260	
11793;0;0;56;54;50.0
12281	0
12281	
11819;0;0;56;54;50.0
12303	0
12303	
11846;0;0;56;54;48.0
12328	0
12328	
11871;0;0;56;54;46.0
12353	0
12353	
11896;0;0;56;54;46.0
12380	0
12380	
11921;0;0;56;54;45.0
12405	0
12405	
11945;0;0;56;54;45.0
12429	0
12429	
11969;0;0;56;54;60.0
12453	0
12453	
11996;0;0;56;54;60.0
12485	0
12485	
12028;0;0;56;54;49.0
12509	0
12509	
12052;0;0;56;54;46.0
12534	0
12534	
12076;0;0;56;54;46.0
12560	0
12560	
12100;0;0;56;54;50.0
12584	0
12584	
12124;0;0;56;54;50.0
12609	0
12609	
12151;0;0;56;54;49.0
12633	0
12633	
12176;0;0;56;54;60.0
12658	0
12658	
12201;0;0;56;54;60.0
12694	0
12694	
12225;0;0;56;54;50.0
12713	0
12713	
12250;0;0;56;54;50.0
12735	0
12735	
12277;0;0;56;54;45.0
12760	0
12760	
12301;0;0;56;54;50.0
12783	0
12783	
12325;0;0;56;54;50.0
12807	0
12807	
12350;0;0;56;54;45.0
12834	0
12834	
12375;0;0;56;54;45.0
12858	0
12858	
12399;0;0;56;54;58.0
12892	0
12892	
12423;0;0;56;54;58.0
12912	0
12912	
12450;0;0;56;54;50.0
12932	0
12932	
12474;0;0;56;54;54.0
12956	0
12956	
12498;0;0;56;54;54.0
12980	0
12980	
12522;0;0;56;54;50.0
13006	0
13006	
12547;0;0;56;54;50.0
13031	0
13031	
12572;0;0;56;54;50.0
13054	0
13054	
12597;0;0;56;54;50.0
13083	0
13083	
12624;0;0;56;54;46.0
13112	0
13112	
12654;0;0;56;54;50.0
13138	0
13138	
12679;0;0;56;54;50.0
13161	0
13161	
12703;0;0;56;54;45.0
13185	0
13185	
12727;0;0;56;54;50.0
13209	0
13209	
12752;0;0;56;54;46.0
13237	0
13237	
12778;0;0;56;54;47.0
13260	0
13260	
12802;0;0;56;54;46.0
13284	0
13284	
12826;0;0;56;54;46.0
13317	0
13317	
12851;0;0;56;54;50.0
13338	0
13338	
12877;0;0;56;54;50.0
13360	0
13360	
12902;0;0;56;54;46.0
13384	0
13384	
12927;0;0;56;54;46.0
13411	0
13411	
12953;0;0;56;54;46.0
13435	0
13435	
12977;0;0;56;54;46.0
13459	0
13459	
13001;0;0;56;54;46.0
13483	0
13483	
13026;0;0;56;54;51.0
13514	0
13514	
13051;0;0;56;54;51.0
13537	0
13537	
13076;0;0;56;54;48.0
13558	0
13558	
13101;0;0;56;54;46.0
13582	0
13582	
13125;0;0;56;54;46.0
13607	0
13607	
13149;0;0;56;54;50.0
13631	0
13631	
13173;0;0;56;54;50.0
13655	0
13655	
13197;0;0;56;54;50.0
13681	0
13681	
13223;0;0;56;54;50.0
13706	0
13706	
13247;0;0;56;54;50.0
13740	0
13740	
13272;0;0;56;54;50.0
13759	0
13759	
13299;0;0;56;54;46.0
13782	0
13782	
13324;0;0;56;54;50.0
13806	0
13806	
13348;0;0;56;54;50.0
13830	0
13830	
13373;0;0;56;54;48.0
13857	0
13857	
13398;0;0;56;54;48.0
13881	0
13881	
13423;0;0;56;54;45.0
13905	0
13905	
13448;0;0;56;54;46.0
13935	0
13935	
13472;0;0;56;54;46.0
13959	0
13959	
13497;0;0;56;54;47.0
13981	0
13981	
13524;0;0;56;54;47.0
14007	0
14007	
13548;0;0;56;54;48.0
14030	0
14030	
13572;0;0;56;54;48.0
14055	0
14055	
13596;0;0;56;54;46.0
14080	0
14080	
13622;0;0;56;54;46.0
14106	0
14106	
13648;0;0;56;54;50.0
14130	0
14130	
13673;0;0;56;54;50.0
14167	0
14167	
13703;0;0;56;54;50.0
14187	0
14187	
13727;0;0;56;54;46.0
14211	0
14211	
13751;0;0;56;54;46.0
14235	0
14235	
13776;0;0;56;54;46.0
14260	0
14260	
13803;0;0;56;54;46.0
14284	0
14284	
13827;0;0;56;54;51.0
14308	0
14308	
13851;0;0;56;54;51.0
14332	0
14332	
13875;0;0;56;54;45.0
14368	0
14368	
13899;0;0;56;54;45.0
14387	0
14387	
13925;0;0;56;54;50.0
14409	0
14409	
13952;0;0;56;54;50.0
14434	0
14434	
13977;0;0;56;54;51.0
14459	0
14459	
14002;0;0;56;54;46.0
14483	0
14483	
14026;0;0;56;54;46.0
14510	0
14510	
14050;0;0;56;54;50.0
14534	0
14534	
14074;0;0;56;54;50.0
14558	0
14558	
14098;0;0;56;54;51.0
14586	0
14586	
14129;0;0;56;54;46.0
14610	0
14610	
14153;0;0;56;54;46.0
14634	0
14634	
14177;0;0;56;54;48.0
14658	0
14658	
14201;0;0;56;54;48.0
14683	0
14683	
14225;0;0;56;54;50.0
14709	0
14709	
14249;0;0;56;54;50.0
14733	0
14733	
14273;0;0;56;54;45.0
14757	0
14757	
14298;0;0;56;54;45.0
14793	0
14793	
14326;0;0;56;54;50.0
14810	0
14810	
14351;0;0;56;54;49.0
14832	0
14832	
14375;0;0;56;54;49.0
14857	0
14857	
14399;0;0;56;54;49.0
14884	0
14884	
14424;0;0;56;54;49.0
14908	0
14908	
14450;0;0;56;54;46.0
14933	0
14933	
14476;0;0;56;54;45.0
14957	0
14957	
14500;0;0;56;54;45.0
14982	0
14982	
14525;0;0;56;54;37.0
15012	0
15012	
14552;0;0;56;54;37.0
15036	0
15036	
14578;0;0;56;54;41.0
15061	0
15061	
14602;0;0;56;54;50.0
15085	0
15085	
14627;0;0;56;54;50.0
15109	0
15109	
14652;0;0;56;54;46.0
15133	0
15133	
14676;0;0;56;54;46.0
15158	0
15158	
14700;0;0;56;54;46.0
15183	0
15183	
14725;0;0;56;54;46.0
15213	0
15213	
14751;0;0;56;54;47.0
15237	0
15237	
14779;0;0;56;54;46.0
15260	0
15260	
14803;0;0;56;54;43.0
15284	0
15284	
14827;0;0;56;54;43.0
15308	0
15308	
14851;0;0;56;54;50.0
15333	0
15333	
14875;0;0;56;54;50.0
15359	0
15359	
14899;0;0;56;54;46.0
15383	0
15383	
14924;0;0;56;54;46.0
15408	0
15408	
14951;0;0;56;54;58.0
15449	0
15449	
14975;0;0;56;54;50.0
15462	0
15462	
14999;0;0;56;54;50.0
15480	0
15480	
15024;0;0;56;54;46.0
15506	0
15506	
15048;0;0;56;54;46.0
15532	0
15532	
15072;0;0;56;54;46.0
15556	0
15556	
15096;0;0;56;54;46.0
15581	0
15581	
15122;0;0;56;54;49.0
15605	0
15605	
15148;0;0;56;54;46.0
15629	0
15629	
15172;0;0;56;54;46.0
15662	0
15662	
15200;0;0;56;54;58.0
15684	0
15684	
15225;0;0;56;54;58.0
15709	0
15709	
15251;0;0;56;54;48.0
15734	0
15734	
15277;0;0;56;54;46.0
15758	0
15758	
15301;0;0;56;54;46.0
15782	0
15782	
15326;0;0;56;54;45.0
15808	0
15808	
15350;0;0;56;54;45.0
15834	0
15834	
15374;0;0;56;54;50.0
15864	0
15864	
15398;0;0;56;54;50.0
15886	0
15886	
15427;0;0;56;54;50.0
15909	0
15909	
15452;0;0;56;54;48.0
15933	0
15933	
15476;0;0;56;54;48.0
15957	0
15957	
15500;0;0;56;54;48.0
15984	0
15984	
15524;0;0;56;54;48.0
16008	0
16008	
15548;0;0;56;54;40.0
16032	0
16032	
15572;0;0;56;54;40.0
16057	0
16057	
15598;0;0;56;54;37.0
16092	0
16092	
15634;0;0;56;54;50.0
16116	0
16116	
15658;0;0;56;54;50.0
16140	0
16140	
15684;0;0;56;54;51.0
16167	0
16167	
15708;0;0;56;54;51.0
16190	0
16190	
15732;0;0;56;54;51.0
16214	0
16214	
15756;0;0;56;54;47.0
16238	0
16238	
15781;0;0;56;54;47.0
16266	0
16266	
15807;0;0;56;54;51.0
16299	0
16299	
15831;0;0;56;54;51.0
16320	0
16320	
15857;0;0;56;54;50.0
16340	0
16340	
15881;0;0;56;54;49.0
16363	0
16363	
15905;0;0;56;54;49.0
16389	0
16389	
15932;0;0;56;54;51.0
16415	0
16415	
15956;0;0;56;54;51.0
16438	0
16438	
15980;0;0;56;54;47.0
16462	0
16462	
16004;0;0;56;54;47.0
16489	0
16489	
16030;0;0;56;54;46.0
16518	0
16518	
16061;0;0;56;54;45.0
16543	0
16543	
16086;0;0;56;54;45.0
16569	0
16569	
16110;0;0;56;54;50.0
16592	0
16592	
16134;0;0;56;54;50.0
16616	0
16616	
16158;0;0;56;54;46.0
16642	0
16642	
16183;0;0;56;54;46.0
16667	0
16667	
16209;0;0;56;54;50.0
16691	0
16691	
16234;0;0;56;54;50.0
16728	0
16728	
16259;0;0;56;54;50.0
16746	0
16746	
16283;0;0;56;54;50.0
16765	0
16765	
16307;0;0;56;54;50.0
16789	0
16789	
16331;0;0;56;54;45.0
16815	0
16815	
16356;0;0;56;54;45.0
16840	0
16840	
16382;0;0;56;54;48.0
16864	0
16864	
16407;0;0;56;54;50.0
16890	0
16890	
16433;0;0;56;54;50.0
16923	0
16923	
16457;0;0;56;54;39.0
16944	0
16944	
16482;0;0;56;54;39.0
16966	0
16966	
16506;0;0;56;54;46.0
16990	0
16990	
16532;0;0;56;54;37.0
17015	0
17015	
16558;0;0;56;54;49.0
17039	0
17039	
16582;0;0;56;54;49.0
17063	0
17063	
16606;0;0;56;54;31.0
17089	0
17089	
16631;0;0;56;54;31.0
17115	0
17115	
16655;0;0;56;54;41.0
17148	0
17148	
16689;0;0;56;54;50.0
17171	0
17171	
16714;0;0;56;54;50.0
17195	0
17195	
16738;0;0;56;54;46.0
17220	0
17220	
16762;0;0;56;54;46.0
17245	0
17245	
16786;0;0;56;54;67.0
17268	0
17268	
16810;0;0;56;54;67.0
17294	0
17294	
16836;0;0;56;54;46.0
17319	0
17319	
16860;0;0;56;54;46.0
17345	0
17345	
16885;0;0;56;54;46.0
17374	0
17374	
16912;0;0;56;54;50.0
17395	0
17395	
16936;0;0;56;54;50.0
17418	0
17418	
16960;0;0;56;54;46.0
17442	0
17442	
16984;0;0;56;54;46.0
17468	0
17468	
17010;0;0;56;54;50.0
17493	0
17493	
17034;0;0;56;54;49.0
17516	0
17516	
17058;0;0;56;54;49.0
17540	0
17540	
17083;0;0;56;54;51.0
17577	0
17577	
17108;0;0;56;54;51.0
17595	0
17595	
17133;0;0;56;54;49.0
17615	0
17615	
17157;0;0;56;54;49.0
17641	0
17641	
17183;0;0;56;54;46.0
17666	0
17666	
17207;0;0;56;54;48.0
17690	0
17690	
17232;0;0;56;54;48.0
17714	0
17714	
17257;0;0;56;54;50.0
17740	0
17740	
17282;0;0;56;54;50.0
17773	0
17773	
17306;0;0;56;54;34.0
17795	0
17795	
17333;0;0;56;54;34.0
17816	0
17816	
17358;0;0;56;54;50.0
17840	0
17840	
17382;0;0;56;54;48.0
17864	0
17864	
17407;0;0;56;54;48.0
17891	0
17891	
17433;0;0;56;54;51.0
17915	0
17915	
17457;0;0;56;54;51.0
17939	0
17939	
17481;0;0;56;54;48.0
17963	0
17963	
17506;0;0;56;54;48.0
17997	0
17997	
17540;0;0;56;54;50.0
18022	0
18022	
17565;0;0;56;54;58.0
18046	0
18046	
17589;0;0;56;54;58.0
18072	0
18072	
17613;0;0;56;54;39.0
18095	0
18095	
17637;0;0;56;54;49.0
18121	0
18121	
17661;0;0;56;54;46.0
18145	0
18145	
17686;0;0;56;54;49.0
18170	0
18170	
17713;0;0;56;54;51.0
18199	0
18199	
17737;0;0;56;54;46.0
18225	0
18225	
17762;0;0;56;54;50.0
18243	0
18243	
17786;0;0;56;54;50.0
18268	0
18268	
17810;0;0;56;54;50.0
18294	0
18294	
17835;0;0;56;54;50.0
18319	0
18319	
17861;0;0;56;54;40.0
18344	0
18344	
17887;0;0;56;54;45.0
18368	0
18368	
17911;0;0;56;54;45.0
18392	0
18392	
17935;0;0;56;54;58.0
18428	0
18428	
17971;0;0;56;54;58.0
18453	0
18453	
17996;0;0;56;54;50.0
18477	0
18477	
18020;0;0;56;54;50.0
18501	0
18501	
18044;0;0;56;54;50.0
18526	0
18526	
18068;0;0;56;54;50.0
18552	0
18552	
18092;0;0;56;54;50.0
18576	0
18576	
18116;0;0;56;54;39.0
18600	0
18600	
18141;0;0;56;54;39.0
18634	0
18634	
18172;0;0;56;54;45.0
18653	0
18653	
18196;0;0;56;54;50.0
18677	0
18677	
18220;0;0;56;54;50.0
18704	0
18704	
18244;0;0;56;54;46.0
18728	0
18728	
18268;0;0;56;54;46.0
18752	0
18752	
18292;0;0;56;54;46.0
18776	0
18776	
18319;0;0;56;54;46.0
18801	0
18801	
18344;0;0;56;54;50.0
18842	0
18842	
18368;0;0;56;54;49.0
18857	0
18857	
18392;0;0;56;54;49.0
18873	0
18873	
18416;0;0;56;54;45.0
18898	0
18898	
18440;0;0;56;54;45.0
18924	0
18924	
18464;0;0;56;54;46.0
18948	0
18948	
18488;0;0;56;54;46.0
18972	0
18972	
18514;0;0;56;54;50.0
18997	0
18997	
18540;0;0;56;54;39.0
19021	0
19021	
18564;0;0;56;54;39.0
19057	0
19057	
18592;0;0;56;54;45.0
19076	0
19076	
18616;0;0;56;54;45.0
19100	0
19100	
18640;0;0;56;54;39.0
19124	0
19124	
18665;0;0;56;54;39.0
19149	0
19149	
18692;0;0;56;54;45.0
19173	0
19173	
18716;0;0;56;54;62.0
19198	0
19198	
18741;0;0;56;54;62.0
19222	0
19222	
18765;0;0;56;54;46.0
19259	0
19259	
18789;0;0;56;54;60.0
19277	0
19277	
18814;0;0;56;54;46.0
19298	0
19298	
18839;0;0;56;54;47.0
19323	0
19323	
18866;0;0;56;54;48.0
19347	0
19347	
18890;0;0;56;54;50.0
19371	0
19371	
18914;0;0;56;54;50.0
19395	0
19395	
18938;0;0;56;54;50.0
19420	0
19420	
18962;0;0;56;54;50.0
19451	0
19451	
18987;0;0;56;54;46.0
19475	0
19475	
19016;0;0;56;54;50.0
19497	0
19497	
19040;0;0;56;54;46.0
19521	0
19521	
19064;0;0;56;54;46.0
19545	0
19545	
19088;0;0;56;54;51.0
19570	0
19570	
19112;0;0;56;54;51.0
19596	0
19596	
19137;0;0;56;54;50.0
19621	0
19621	
19162;0;0;56;54;50.0
19646	0
19646	
19189;0;0;56;54;50.0
19682	0
19682	
19213;0;0;56;54;39.0
19703	0
19703	
19238;0;0;56;54;39.0
19719	0
19719	
19262;0;0;56;54;51.0
19746	0
19746	
19286;0;0;56;54;51.0
19770	0
19770	
19310;0;0;56;54;50.0
19794	0
19794	
19335;0;0;56;54;50.0
19819	0
19819	
19362;0;0;56;54;46.0
19844	0
19844	
19387;0;0;56;54;46.0
19878	0
19878	
19411;0;0;56;54;46.0
19899	0
19899	
19437;0;0;56;54;46.0
19921	0
19921	
19461;0;0;56;54;46.0
19945	0
19945	
19485;0;0;56;54;46.0
19969	0
19969	
19510;0;0;56;54;46.0
19994	0
19994	
19538;0;0;56;54;46.0
20019	0
20019	
19562;0;0;56;54;45.0
20043	0
20043	
19586;0;0;56;54;45.0
20067	0
20067	
19610;0;0;56;54;47.0
20108	0
20108	
19634;0;0;56;54;47.0
20123	0
20123	
19658;0;0;56;54;50.0
20142	0
20142	
19682;0;0;56;54;50.0
20166	0
20166	
19708;0;0;56;54;65.0
20192	0
20192	
19735;0;0;56;54;51.0
20216	0
20216	
19759;0;0;56;54;46.0
20240	0
20240	
19783;0;0;56;54;46.0
20264	0
20264	
19807;0;0;56;54;40.0
20291	0
20291	
19831;0;0;56;54;40.0
20320	0
20320	
19861;0;0;56;54;46.0
20345	0
20345	
19888;0;0;56;54;51.0
20369	0
20369	
19912;0;0;56;54;51.0
20393	0
20393	
19936;0;0;56;54;49.0
20421	0
20421	
19960;0;0;56;54;49.0
20444	0
20444	
19984;0;0;56;54;46.0
20468	0
20468	
20008;0;0;56;54;46.0
20492	0
20492	
20032;0;0;56;54;46.0
20523	0
20523	
20059;0;0;56;54;46.0
20544	0
20544	
20084;0;0;56;54;50.0
20566	0
20566	
20109;0;0;56;54;56.0
20593	0
20593	
20133;0;0;56;54;56.0
20617	0
20617	
20157;0;0;56;54;50.0
20641	0
20641	
20181;0;0;56;54;50.0
20665	0
20665	
20205;0;0;56;54;39.0
20690	0
20690	
20233;0;0;56;54;50.0
20719	0
20719	
20257;0;0;56;54;50.0
20742	0
20742	
20281;0;0;56;54;39.0
20762	0
20762	
20305;0;0;56;54;39.0
20786	0
20786	
20329;0;0;56;54;46.0
20812	0
20812	
20354;0;0;56;54;46.0
20838	0
20838	
20378;0;0;56;54;60.0
20862	0
20862	
20402;0;0;56;54;60.0
20886	0
20886	
20428;0;0;56;54;46.0
20911	0
20911	
20454;0;0;56;54;45.0
20947	0
20947	
20483;0;0;56;54;45.0
20967	0
20967	
20507;0;0;56;54;50.0
20991	0
20991	
20531;0;0;56;54;50.0
21015	0
21015	
20557;0;0;56;54;45.0
21040	0
21040	
20583;0;0;56;54;46.0
21065	0
21065	
20608;0;0;56;54;46.0
21089	0
21089	
20632;0;0;56;54;50.0
21114	0
21114	
20656;0;0;56;54;50.0
21147	0
21147	
20680;0;0;56;54;44.0
21168	0
21168	
20707;0;0;56;54;44.0
21190	0
21190	
20732;0;0;56;54;50.0
21214	0
21214	
20757;0;0;56;54;62.0
21242	0
21242	
20782;0;0;56;54;62.0
21264	0
21264	
20806;0;0;56;54;60.0
21288	0
21288	
20830;0;0;56;54;60.0
21312	0
21312	
20854;0;0;56;54;50.0
21338	0
21338	
20879;0;0;56;54;50.0
21366	0
21366	
20909;0;0;56;54;45.0
21390	0
21390	
20933;0;0;56;54;46.0
21414	0
21414	
20957;0;0;56;54;46.0
21438	0
21438	
20981;0;0;56;54;39.0
21463	0
21463	
21005;0;0;56;54;39.0
21489	0
21489	
21029;0;0;56;54;48.0
21513	0
21513	
21053;0;0;56;54;48.0
21537	0
21537	
21079;0;0;56;54;50.0
21574	0
21574	
21105;0;0;56;54;50.0
21590	0
21590	
21130;0;0;56;54;50.0
21611	0
21611	
21154;0;0;56;54;50.0
21635	0
21635	
21178;0;0;56;54;50.0
21663	0
21663	
21203;0;0;56;54;48.0
21687	0
21687	
21227;0;0;56;54;50.0
21711	0
21711	
21252;0;0;56;54;50.0
21736	0
21736	
21279;0;0;56;54;46.0
21760	0
21760	
21303;0;0;56;54;50.0
21792	0
21792	
21331;0;0;56;54;50.0
21815	0
21815	
21355;0;0;56;54;50.0
21839	0
21839	
21379;0;0;56;54;50.0
21863	0
21863	
21406;0;0;56;54;58.0
21888	0
21888	
21431;0;0;56;54;48.0
21912	0
21912	
21455;0;0;56;54;48.0
21936	0
21936	
21479;0;0;56;54;50.0
21963	0
21963	
21503;0;0;56;54;50.0
21997	0
21997	
21527;0;0;56;54;48.0
22015	0
22015	
21552;0;0;56;54;48.0
22036	0
22036	
21578;0;0;56;54;46.0
22061	0
22061	
21604;0;0;56;54;51.0
22085	0
22085	
21628;0;0;56;54;51.0
22109	0
22109	
21652;0;0;56;54;47.0
22134	0
22134	
21676;0;0;56;54;47.0
22161	0
