milliseconds	Werte
462	0
462	
6;0;0;56;54;0.0
487	0
487	
30;0;0;56;54;37.0
514	0
514	
54;0;0;56;54;50.0
537	0
537	
78;0;0;56;54;50.0
562	0
562	
102;0;0;56;54;67.0
586	0
586	
129;0;0;56;54;67.0
611	0
611	
154;0;0;56;54;49.0
646	0
646	
183;0;0;56;54;51.0
667	0
667	
207;0;0;56;54;51.0
691	0
691	
231;0;0;56;54;51.0
715	0
715	
258;0;0;56;54;51.0
740	0
740	
283;0;0;56;54;50.0
764	0
764	
307;0;0;56;54;51.0
788	0
788	
331;0;0;56;54;51.0
813	0
813	
355;0;0;56;54;49.0
846	0
846	
379;0;0;56;54;49.0
868	0
868	
405;0;0;56;54;35.0
889	0
889	
430;0;0;56;54;35.0
914	0
914	
457;0;0;56;54;46.0
938	0
938	
481;0;0;56;54;49.0
962	0
962	
506;0;0;56;54;49.0
987	0
987	
530;0;0;56;54;48.0
1012	0
1012	
554;0;0;56;54;48.0
1038	0
1038	
578;0;0;56;54;50.0
1069	0
1069	
603;0;0;56;54;50.0
1090	0
1090	
631;0;0;56;54;29.0
1112	0
1112	
655;0;0;56;54;67.0
1136	0
1136	
679;0;0;56;54;67.0
1162	0
1162	
704;0;0;56;54;43.0
1188	0
1188	
728;0;0;56;54;43.0
1212	0
1212	
752;0;0;56;54;51.0
1236	0
1236	
777;0;0;56;54;51.0
1261	0
1261	
804;0;0;56;54;53.0
1299	0
1299	
834;0;0;56;54;53.0
1315	0
1315	
858;0;0;56;54;53.0
1342	0
1342	
882;0;0;56;54;54.0
1366	0
1366	
907;0;0;56;54;53.0
1392	0
1392	
935;0;0;56;54;48.0
1416	0
1416	
959;0;0;56;54;48.0
1440	0
1440	
983;0;0;56;54;49.0
1467	0
1467	
1008;0;0;56;54;49.0
1492	0
1492	
1032;0;0;56;54;50.0
1525	0
1525	
1068;0;0;56;54;50.0
1549	0
1549	
1092;0;0;56;54;50.0
1573	0
1573	
1116;0;0;56;54;53.0
1598	0
1598	
1140;0;0;56;54;53.0
1622	0
1622	
1164;0;0;56;54;50.0
1648	0
1648	
1188;0;0;56;54;50.0
1672	0
1672	
1214;0;0;56;54;50.0
1697	0
1697	
1240;0;0;56;54;50.0
1721	0
1721	
1264;0;0;56;54;50.0
1758	0
1758	
1292;0;0;56;54;49.0
1778	0
1778	
1316;0;0;56;54;49.0
1800	0
1800	
1342;0;0;56;54;50.0
1825	0
1825	
1366;0;0;56;54;50.0
1848	0
1848	
1391;0;0;56;54;50.0
1873	0
1873	
1416;0;0;56;54;53.0
1898	0
1898	
1440;0;0;56;54;53.0
1922	0
1922	
1464;0;0;56;54;50.0
1946	0
1946	
1488;0;0;56;54;50.0
1981	0
1981	
1524;0;0;56;54;48.0
2005	0
2005	
1548;0;0;56;54;49.0
2029	0
2029	
1572;0;0;56;54;49.0
2054	0
2054	
1596;0;0;56;54;53.0
2078	0
2078	
1620;0;0;56;54;53.0
2104	0
2104	
1644;0;0;56;54;53.0
2128	0
2128	
1669;0;0;56;54;53.0
2153	0
2153	
1696;0;0;56;54;51.0
2182	0
2182	
1720;0;0;56;54;51.0
2206	0
2206	
1745;0;0;56;54;51.0
2226	0
2226	
1769;0;0;56;54;50.0
2252	0
2252	
1794;0;0;56;54;50.0
2276	0
2276	
1818;0;0;56;54;54.0
2302	0
2302	
1842;0;0;56;54;54.0
2326	0
2326	
1868;0;0;56;54;53.0
2351	0
2351	
1894;0;0;56;54;50.0
2376	0
2376	
1919;0;0;56;54;50.0
2410	0
2410	
1943;0;0;56;54;39.0
2431	0
2431	
1968;0;0;56;54;39.0
2450	0
2450	
1992;0;0;56;54;53.0
2476	0
2476	
2017;0;0;56;54;53.0
2501	0
2501	
2043;0;0;56;54;49.0
2525	0
2525	
2068;0;0;56;54;50.0
2550	0
2550	
2093;0;0;56;54;50.0
2574	0
2574	
2117;0;0;56;54;50.0
2600	0
2600	
2142;0;0;56;54;50.0
2635	0
2635	
2166;0;0;56;54;50.0
2654	0
2654	
2192;0;0;56;54;50.0
2674	0
2674	
2216;0;0;56;54;50.0
2698	0
2698	
2241;0;0;56;54;53.0
2724	0
2724	
2267;0;0;56;54;53.0
2749	0
2749	
2291;0;0;56;54;39.0
2773	0
2773	
2315;0;0;56;54;51.0
2797	0
2797	
2339;0;0;56;54;51.0
2823	0
2823	
2364;0;0;56;54;50.0
2859	0
2859	
2389;0;0;56;54;53.0
2876	0
2876	
2415;0;0;56;54;62.0
2897	0
2897	
2440;0;0;56;54;48.0
2924	0
2924	
2465;0;0;56;54;48.0
2947	0
2947	
2489;0;0;56;54;46.0
2972	0
2972	
2514;0;0;56;54;46.0
2998	0
2998	
2540;0;0;56;54;50.0
3022	0
3022	
2564;0;0;56;54;49.0
3046	0
3046	
2588;0;0;56;54;49.0
3084	0
3084	
2619;0;0;56;54;51.0
3102	0
3102	
2645;0;0;56;54;50.0
3126	0
3126	
2669;0;0;56;54;50.0
3151	0
3151	
2693;0;0;56;54;51.0
3175	0
3175	
2717;0;0;56;54;51.0
3199	0
3199	
2741;0;0;56;54;50.0
3225	0
3225	
2766;0;0;56;54;50.0
3250	0
3250	
2791;0;0;56;54;54.0
3274	0
3274	
2817;0;0;56;54;54.0
3311	0
3311	
2846;0;0;56;54;63.0
3328	0
3328	
2870;0;0;56;54;50.0
3354	0
3354	
2895;0;0;56;54;50.0
3380	0
3380	
2920;0;0;56;54;50.0
3402	0
3402	
2945;0;0;56;54;50.0
3427	0
3427	
2971;0;0;56;54;53.0
3453	0
3453	
2995;0;0;56;54;54.0
3477	0
3477	
3019;0;0;56;54;54.0
3501	0
3501	
3043;0;0;56;54;51.0
3531	0
3531	
3072;0;0;56;54;51.0
3555	0
3555	
3098;0;0;56;54;58.0
3579	0
3579	
3122;0;0;56;54;50.0
3603	0
3603	
3146;0;0;56;54;50.0
3627	0
3627	
3170;0;0;56;54;50.0
3652	0
3652	
3194;0;0;56;54;50.0
3678	0
3678	
3218;0;0;56;54;51.0
3702	0
3702	
3242;0;0;56;54;51.0
3731	0
3731	
3267;0;0;56;54;50.0
3754	0
3754	
3294;0;0;56;54;38.0
3776	0
3776	
3320;0;0;56;54;38.0
3802	0
3802	
3345;0;0;56;54;49.0
3826	0
3826	
3369;0;0;56;54;49.0
3853	0
3853	
3393;0;0;56;54;51.0
3877	0
3877	
3418;0;0;56;54;51.0
3902	0
3902	
3445;0;0;56;54;53.0
3927	0
3927	
3470;0;0;56;54;51.0
3964	0
3964	
3494;0;0;56;54;51.0
3983	0
3983	
3519;0;0;56;54;52.0
4001	0
4001	
3543;0;0;56;54;52.0
4027	0
4027	
3567;0;0;56;54;50.0
4051	0
4051	
3591;0;0;56;54;50.0
4075	0
4075	
3617;0;0;56;54;47.0
4100	0
4100	
3643;0;0;56;54;49.0
4124	0
4124	
3667;0;0;56;54;49.0
4148	0
4148	
3691;0;0;56;54;50.0
4185	0
4185	
3716;0;0;56;54;50.0
4204	0
4204	
3740;0;0;56;54;48.0
4224	0
4224	
3765;0;0;56;54;48.0
4249	0
4249	
3792;0;0;56;54;48.0
4275	0
4275	
3819;0;0;56;54;50.0
4300	0
4300	
3843;0;0;56;54;50.0
4327	0
4327	
3867;0;0;56;54;53.0
4351	0
4351	
3891;0;0;56;54;53.0
4375	0
4375	
3916;0;0;56;54;50.0
4409	0
4409	
3950;0;0;56;54;50.0
4431	0
4431	
3974;0;0;56;54;50.0
4455	0
4455	
3998;0;0;56;54;53.0
4479	0
4479	
4022;0;0;56;54;51.0
4504	0
4504	
4046;0;0;56;54;53.0
4530	0
4530	
4070;0;0;56;54;50.0
4554	0
4554	
4094;0;0;56;54;46.0
4578	0
4578	
4119;0;0;56;54;53.0
4607	0
4607	
4146;0;0;56;54;53.0
4632	0
4632	
4172;0;0;56;54;53.0
4653	0
4653	
4196;0;0;56;54;50.0
4677	0
4677	
4220;0;0;56;54;50.0
4702	0
4702	
4244;0;0;56;54;50.0
4728	0
4728	
4268;0;0;56;54;50.0
4752	0
4752	
4292;0;0;56;54;46.0
4776	0
4776	
4318;0;0;56;54;46.0
4801	0
4801	
4344;0;0;56;54;49.0
4834	0
4834	
4375;0;0;56;54;50.0
4857	0
4857	
4399;0;0;56;54;50.0
4881	0
4881	
4425;0;0;56;54;37.0
4908	0
4908	
4449;0;0;56;54;49.0
4931	0
4931	
4473;0;0;56;54;49.0
4955	0
4955	
4497;0;0;56;54;53.0
4979	0
4979	
4522;0;0;56;54;53.0
5006	0
5006	
4547;0;0;56;54;48.0
5039	0
5039	
4571;0;0;56;54;48.0
5059	0
5059	
4597;0;0;56;54;52.0
5078	0
5078	
4621;0;0;56;54;53.0
5103	0
5103	
4645;0;0;56;54;53.0
5127	0
5127	
4669;0;0;56;54;36.0
5151	0
5151	
4693;0;0;56;54;36.0
5177	0
5177	
4719;0;0;56;54;46.0
5202	0
5202	
4743;0;0;56;54;46.0
5225	0
5225	
4769;0;0;56;54;53.0
5263	0
5263	
4798;0;0;56;54;39.0
5281	0
5281	
4823;0;0;56;54;39.0
5307	0
5307	
4848;0;0;56;54;53.0
5332	0
5332	
4873;0;0;56;54;53.0
5355	0
5355	
4899;0;0;56;54;50.0
5381	0
5381	
4923;0;0;56;54;48.0
5404	0
5404	
4947;0;0;56;54;48.0
5429	0
5429	
4971;0;0;56;54;50.0
5453	0
5453	
4995;0;0;56;54;50.0
5485	0
5485	
5028;0;0;56;54;67.0
5510	0
5510	
5053;0;0;56;54;51.0
5534	0
5534	
5077;0;0;56;54;51.0
5558	0
5558	
5101;0;0;56;54;49.0
5583	0
5583	
5125;0;0;56;54;49.0
5610	0
5610	
5150;0;0;56;54;53.0
5634	0
5634	
5175;0;0;56;54;53.0
5659	0
5659	
5202;0;0;56;54;53.0
5693	0
5693	
5226;0;0;56;54;50.0
5714	0
5714	
5251;0;0;56;54;50.0
5736	0
5736	
5276;0;0;56;54;51.0
5760	0
5760	
5300;0;0;56;54;51.0
5784	0
5784	
5325;0;0;56;54;53.0
5809	0
5809	
5352;0;0;56;54;62.0
5833	0
5833	
5376;0;0;56;54;62.0
5857	0
5857	
5400;0;0;56;54;58.0
5882	0
5882	
5424;0;0;56;54;58.0
5915	0
5915	
5448;0;0;56;54;51.0
5936	0
5936	
5473;0;0;56;54;51.0
5957	0
5957	
5497;0;0;56;54;50.0
5981	0
5981	
5524;0;0;56;54;50.0
6006	0
6006	
5549;0;0;56;54;50.0
6030	0
6030	
5573;0;0;56;54;52.0
6054	0
6054	
5597;0;0;56;54;52.0
6082	0
6082	
5623;0;0;56;54;52.0
6107	0
6107	
5647;0;0;56;54;52.0
6140	0
6140	
5672;0;0;56;54;67.0
6159	0
6159	
5697;0;0;56;54;67.0
6181	0
6181	
5724;0;0;56;54;50.0
6208	0
6208	
5751;0;0;56;54;42.0
6232	0
6232	
5775;0;0;56;54;42.0
6257	0
6257	
5799;0;0;56;54;50.0
6283	0
6283	
5824;0;0;56;54;50.0
6308	0
6308	
5850;0;0;56;54;45.0
6337	0
6337	
5876;0;0;56;54;67.0
6361	0
6361	
5901;0;0;56;54;67.0
6382	0
6382	
5926;0;0;56;54;53.0
6407	0
6407	
5950;0;0;56;54;53.0
6435	0
6435	
5975;0;0;56;54;50.0
6459	0
6459	
5999;0;0;56;54;50.0
6483	0
6483	
6027;0;0;56;54;51.0
6508	0
6508	
6051;0;0;56;54;53.0
6532	0
6532	
6075;0;0;56;54;53.0
6571	0
6571	
6099;0;0;56;54;50.0
6588	0
6588	
6126;0;0;56;54;50.0
6610	0
6610	
6150;0;0;56;54;39.0
6634	0
6634	
6175;0;0;56;54;39.0
6660	0
6660	
6203;0;0;56;54;52.0
6684	0
6684	
6228;0;0;56;54;50.0
6709	0
6709	
6252;0;0;56;54;50.0
6733	0
6733	
6276;0;0;56;54;62.0
6760	0
6760	
6300;0;0;56;54;62.0
6795	0
6795	
6338;0;0;56;54;53.0
6819	0
6819	
6362;0;0;56;54;39.0
6843	0
6843	
6386;0;0;56;54;39.0
6867	0
6867	
6410;0;0;56;54;53.0
6892	0
6892	
6434;0;0;56;54;53.0
6918	0
6918	
6458;0;0;56;54;50.0
6942	0
6942	
6482;0;0;56;54;50.0
6966	0
6966	
6508;0;0;56;54;53.0
6991	0
6991	
6534;0;0;56;54;50.0
7027	0
7027	
6562;0;0;56;54;50.0
7046	0
7046	
6586;0;0;56;54;48.0
7070	0
7070	
6610;0;0;56;54;48.0
7094	0
7094	
6634;0;0;56;54;52.0
7118	0
7118	
6661;0;0;56;54;52.0
7143	0
7143	
6686;0;0;56;54;48.0
7168	0
7168	
6711;0;0;56;54;50.0
7192	0
7192	
6735;0;0;56;54;50.0
7223	0
7223	
6759;0;0;56;54;48.0
7246	0
7246	
6785;0;0;56;54;48.0
7269	0
7269	
6812;0;0;56;54;67.0
7294	0
7294	
6837;0;0;56;54;39.0
7318	0
7318	
6861;0;0;56;54;39.0
7342	0
7342	
6885;0;0;56;54;48.0
7367	0
7367	
6909;0;0;56;54;48.0
7393	0
7393	
6933;0;0;56;54;54.0
7418	0
7418	
6959;0;0;56;54;54.0
7450	0
7450	
6986;0;0;56;54;56.0
7471	0
7471	
7011;0;0;56;54;50.0
7492	0
7492	
7035;0;0;56;54;50.0
7516	0
7516	
7059;0;0;56;54;45.0
7541	0
7541	
7083;0;0;56;54;45.0
7567	0
7567	
7107;0;0;56;54;49.0
7591	0
7591	
7131;0;0;56;54;49.0
7615	0
7615	
7157;0;0;56;54;48.0
7640	0
7640	
7183;0;0;56;54;53.0
7676	0
7676	
7211;0;0;56;54;53.0
7695	0
7695	
7235;0;0;56;54;50.0
7719	0
7719	
7259;0;0;56;54;50.0
7744	0
7744	
7283;0;0;56;54;50.0
7767	0
7767	
7310;0;0;56;54;50.0
7793	0
7793	
7336;0;0;56;54;54.0
7817	0
7817	
7360;0;0;56;54;53.0
7841	0
7841	
7384;0;0;56;54;53.0
7866	0
7866	
7408;0;0;56;54;50.0
7898	0
7898	
7441;0;0;56;54;50.0
7923	0
7923	
7466;0;0;56;54;50.0
7947	0
7947	
7490;0;0;56;54;50.0
7971	0
7971	
7514;0;0;56;54;50.0
7996	0
7996	
7538;0;0;56;54;50.0
8022	0
8022	
7562;0;0;56;54;50.0
8046	0
8046	
7586;0;0;56;54;51.0
8070	0
8070	
7611;0;0;56;54;51.0
8100	0
8100	
7638;0;0;56;54;48.0
8123	0
8123	
7663;0;0;56;54;50.0
8145	0
8145	
7688;0;0;56;54;67.0
8169	0
8169	
7712;0;0;56;54;41.0
8196	0
8196	
7736;0;0;56;54;41.0
8220	0
8220	
7760;0;0;56;54;49.0
8244	0
8244	
7784;0;0;56;54;49.0
8268	0
8268	
7811;0;0;56;54;53.0
8293	0
8293	
7836;0;0;56;54;48.0
8329	0
8329	
7865;0;0;56;54;48.0
8347	0
8347	
7889;0;0;56;54;50.0
8373	0
8373	
7913;0;0;56;54;41.0
8397	0
8397	
7937;0;0;56;54;52.0
8421	0
8421	
7962;0;0;56;54;50.0
8446	0
8446	
7989;0;0;56;54;50.0
8470	0
8470	
8013;0;0;56;54;67.0
8494	0
8494	
8037;0;0;56;54;53.0
8530	0
8530	
8061;0;0;56;54;53.0
8548	0
8548	
8085;0;0;56;54;53.0
8569	0
8569	
8109;0;0;56;54;53.0
8593	0
8593	
8134;0;0;56;54;53.0
8618	0
8618	
8161;0;0;56;54;62.0
8642	0
8642	
8185;0;0;56;54;62.0
8666	0
8666	
8209;0;0;56;54;50.0
8692	0
8692	
8234;0;0;56;54;50.0
8716	0
8716	
8258;0;0;56;54;50.0
8751	0
8751	
8294;0;0;56;54;50.0
8775	0
8775	
8318;0;0;56;54;50.0
8799	0
8799	
8342;0;0;56;54;51.0
8824	0
8824	
8366;0;0;56;54;51.0
8848	0
8848	
8390;0;0;56;54;49.0
8875	0
8875	
8416;0;0;56;54;49.0
8900	0
8900	
8443;0;0;56;54;52.0
8924	0
8924	
8467;0;0;56;54;52.0
8959	0
8959	
8491;0;0;56;54;52.0
8978	0
8978	
8515;0;0;56;54;53.0
8997	0
8997	
8539;0;0;56;54;53.0
9023	0
9023	
8563;0;0;56;54;50.0
9047	0
9047	
8587;0;0;56;54;50.0
9071	0
9071	
8613;0;0;56;54;53.0
9096	0
9096	
8639;0;0;56;54;48.0
9121	0
9121	
8664;0;0;56;54;48.0
9145	0
9145	
8688;0;0;56;54;53.0
9181	0
9181	
8724;0;0;56;54;53.0
9206	0
9206	
8749;0;0;56;54;49.0
9230	0
9230	
8773;0;0;56;54;51.0
9254	0
9254	
8797;0;0;56;54;51.0
9279	0
9279	
8821;0;0;56;54;50.0
9305	0
9305	
8845;0;0;56;54;50.0
9329	0
9329	
8869;0;0;56;54;50.0
9353	0
9353	
8894;0;0;56;54;50.0
9385	0
9385	
8921;0;0;56;54;51.0
9407	0
9407	
8945;0;0;56;54;52.0
9426	0
9426	
8969;0;0;56;54;52.0
9450	0
9450	
8993;0;0;56;54;50.0
9474	0
9474	
9017;0;0;56;54;50.0
9501	0
9501	
9041;0;0;56;54;61.0
9525	0
9525	
9065;0;0;56;54;61.0
9549	0
9549	
9089;0;0;56;54;50.0
9573	0
9573	
9116;0;0;56;54;56.0
9611	0
9611	
9145;0;0;56;54;53.0
9630	0
9630	
9169;0;0;56;54;49.0
9651	0
9651	
9193;0;0;56;54;52.0
9677	0
9677	
9217;0;0;56;54;50.0
9701	0
9701	
9241;0;0;56;54;50.0
9725	0
9725	
9266;0;0;56;54;50.0
9750	0
9750	
9293;0;0;56;54;53.0
9774	0
9774	
9317;0;0;56;54;52.0
9798	0
9798	
9341;0;0;56;54;52.0
9839	0
9839	
9365;0;0;56;54;42.0
9853	0
9853	
9389;0;0;56;54;42.0
9873	0
9873	
9413;0;0;56;54;52.0
9897	0
9897	
9438;0;0;56;54;52.0
9922	0
9922	
9465;0;0;56;54;50.0
9946	0
9946	
9489;0;0;56;54;53.0
9970	0
9970	
9513;0;0;56;54;53.0
9996	0
9996	
9538;0;0;56;54;50.0
10022	0
10022	
9562;0;0;56;54;50.0
10055	0
10055	
9586;0;0;56;54;51.0
10074	0
10074	
9612;0;0;56;54;42.0
10095	0
10095	
9637;0;0;56;54;42.0
10120	0
10120	
9663;0;0;56;54;50.0
10144	0
10144	
9687;0;0;56;54;50.0
10169	0
10169	
9711;0;0;56;54;50.0
10195	0
10195	
9735;0;0;56;54;50.0
10219	0
10219	
9759;0;0;56;54;51.0
10244	0
10244	
9785;0;0;56;54;46.0
10278	0
10278	
9810;0;0;56;54;46.0
10298	0
10298	
9836;0;0;56;54;51.0
10317	0
10317	
9860;0;0;56;54;51.0
10342	0
10342	
9884;0;0;56;54;50.0
10366	0
10366	
9908;0;0;56;54;50.0
10392	0
10392	
9932;0;0;56;54;41.0
10416	0
10416	
9957;0;0;56;54;41.0
10441	0
10441	
9984;0;0;56;54;52.0
10466	0
10466	
10009;0;0;56;54;53.0
10507	0
10507	
10033;0;0;56;54;53.0
10521	0
10521	
10057;0;0;56;54;52.0
10539	0
10539	
10081;0;0;56;54;52.0
10565	0
10565	
10105;0;0;56;54;65.0
10590	0
10590	
10131;0;0;56;54;65.0
10615	0
10615	
10158;0;0;56;54;48.0
10639	0
10639	
10182;0;0;56;54;50.0
10663	0
10663	
10206;0;0;56;54;50.0
10687	0
10687	
10230;0;0;56;54;50.0
10724	0
10724	
10267;0;0;56;54;50.0
10749	0
10749	
10292;0;0;56;54;50.0
10773	0
10773	
10316;0;0;56;54;50.0
10799	0
10799	
10340;0;0;56;54;50.0
10823	0
10823	
10364;0;0;56;54;51.0
10848	0
10848	
10388;0;0;56;54;51.0
10872	0
10872	
10412;0;0;56;54;50.0
10896	0
10896	
10437;0;0;56;54;50.0
10922	0
10922	
10464;0;0;56;54;58.0
10955	0
10955	
10495;0;0;56;54;50.0
10977	0
10977	
10519;0;0;56;54;50.0
11003	0
11003	
10544;0;0;56;54;48.0
11028	0
11028	
10569;0;0;56;54;49.0
11051	0
11051	
10594;0;0;56;54;52.0
11076	0
11076	
10619;0;0;56;54;52.0
11102	0
11102	
10644;0;0;56;54;38.0
11126	0
11126	
10668;0;0;56;54;38.0
11159	0
11159	
10692;0;0;56;54;51.0
11181	0
11181	
10719;0;0;56;54;50.0
11202	0
11202	
10744;0;0;56;54;50.0
11226	0
11226	
10769;0;0;56;54;51.0
11253	0
11253	
10794;0;0;56;54;51.0
11276	0
11276	
10818;0;0;56;54;49.0
11301	0
11301	
10842;0;0;56;54;49.0
11324	0
11324	
10867;0;0;56;54;50.0
11351	0
11351	
10892;0;0;56;54;39.0
11385	0
11385	
10922;0;0;56;54;51.0
11405	0
11405	
10947;0;0;56;54;48.0
11429	0
11429	
10971;0;0;56;54;48.0
11453	0
11453	
10995;0;0;56;54;50.0
11477	0
11477	
11020;0;0;56;54;50.0
11505	0
11505	
11046;0;0;56;54;53.0
11528	0
11528	
11070;0;0;56;54;62.0
11553	0
11553	
11096;0;0;56;54;62.0
11582	0
11582	
11120;0;0;56;54;48.0
11607	0
11607	
11146;0;0;56;54;48.0
11629	0
11629	
11172;0;0;56;54;48.0
11655	0
11655	
11196;0;0;56;54;67.0
11678	0
11678	
11220;0;0;56;54;67.0
11703	0
11703	
11244;0;0;56;54;51.0
11726	0
11726	
11269;0;0;56;54;51.0
11754	0
11754	
11294;0;0;56;54;50.0
11776	0
11776	
11318;0;0;56;54;50.0
11812	0
11812	
11344;0;0;56;54;67.0
11831	0
11831	
11368;0;0;56;54;51.0
11850	0
11850	
11392;0;0;56;54;51.0
11874	0
11874	
11416;0;0;56;54;51.0
11900	0
11900	
11441;0;0;56;54;51.0
11925	0
11925	
11466;0;0;56;54;50.0
11948	0
11948	
11490;0;0;56;54;50.0
11972	0
11972	
11516;0;0;56;54;53.0
11999	0
11999	
11540;0;0;56;54;51.0
12034	0
12034	
11573;0;0;56;54;51.0
12056	0
12056	
11597;0;0;56;54;53.0
12079	0
12079	
11622;0;0;56;54;53.0
12105	0
12105	
11648;0;0;56;54;58.0
12130	0
12130	
11672;0;0;56;54;49.0
12154	0
12154	
11696;0;0;56;54;49.0
12178	0
12178	
11720;0;0;56;54;50.0
12204	0
12204	
11745;0;0;56;54;50.0
12233	0
12233	
11770;0;0;56;54;52.0
12256	0
12256	
11797;0;0;56;54;53.0
12278	0
12278	
11822;0;0;56;54;53.0
12305	0
12305	
11846;0;0;56;54;52.0
12328	0
12328	
11870;0;0;56;54;52.0
12352	0
12352	
11894;0;0;56;54;50.0
12378	0
12378	
11918;0;0;56;54;50.0
12402	0
12402	
11943;0;0;56;54;52.0
12427	0
12427	
11970;0;0;56;54;52.0
12464	0
12464	
11995;0;0;56;54;51.0
12482	0
12482	
12020;0;0;56;54;48.0
12503	0
12503	
12044;0;0;56;54;48.0
12526	0
12526	
12068;0;0;56;54;53.0
12552	0
12552	
12092;0;0;56;54;53.0
12576	0
12576	
12117;0;0;56;54;51.0
12601	0
12601	
12144;0;0;56;54;51.0
12625	0
12625	
12169;0;0;56;54;45.0
12661	0
12661	
12193;0;0;56;54;62.0
12681	0
12681	
12218;0;0;56;54;62.0
12703	0
12703	
12242;0;0;56;54;51.0
12726	0
12726	
12266;0;0;56;54;51.0
12750	0
12750	
12290;0;0;56;54;50.0
12774	0
12774	
12315;0;0;56;54;50.0
12799	0
12799	
12342;0;0;56;54;51.0
12823	0
12823	
12366;0;0;56;54;51.0
12847	0
12847	
12390;0;0;56;54;50.0
12879	0
12879	
12414;0;0;56;54;50.0
12904	0
12904	
12440;0;0;56;54;48.0
12925	0
12925	
12465;0;0;56;54;48.0
12949	0
12949	
12492;0;0;56;54;53.0
12973	0
12973	
12516;0;0;56;54;48.0
12997	0
12997	
12540;0;0;56;54;48.0
13022	0
13022	
12564;0;0;56;54;49.0
13048	0
13048	
12588;0;0;56;54;49.0
13072	0
13072	
12612;0;0;56;54;50.0
13105	0
13105	
12637;0;0;56;54;50.0
13124	0
13124	
12664;0;0;56;54;53.0
13145	0
13145	
12688;0;0;56;54;51.0
13169	0
13169	
12712;0;0;56;54;51.0
13193	0
13193	
12736;0;0;56;54;53.0
13218	0
13218	
12760;0;0;56;54;53.0
13244	0
13244	
12784;0;0;56;54;37.0
13268	0
13268	
12808;0;0;56;54;37.0
13296	0
13296	
12833;0;0;56;54;53.0
13320	0
13320	
12862;0;0;56;54;53.0
13343	0
13343	
12886;0;0;56;54;53.0
13367	0
13367	
12910;0;0;56;54;62.0
13395	0
13395	
12935;0;0;56;54;62.0
13419	0
13419	
12959;0;0;56;54;48.0
13443	0
13443	
12983;0;0;56;54;48.0
13467	0
13467	
13010;0;0;56;54;48.0
13492	0
13492	
13035;0;0;56;54;51.0
13529	0
13529	
13060;0;0;56;54;51.0
13547	0
13547	
13085;0;0;56;54;50.0
13566	0
13566	
13109;0;0;56;54;50.0
13591	0
13591	
13133;0;0;56;54;39.0
13617	0
13617	
13157;0;0;56;54;39.0
13641	0
13641	
13181;0;0;56;54;51.0
13665	0
13665	
13206;0;0;56;54;51.0
13690	0
13690	
13233;0;0;56;54;48.0
13714	0
13714	
13257;0;0;56;54;48.0
13750	0
13750	
13286;0;0;56;54;48.0
13770	0
13770	
13310;0;0;56;54;52.0
13794	0
13794	
13334;0;0;56;54;52.0
13818	0
13818	
13361;0;0;56;54;52.0
13843	0
13843	
13386;0;0;56;54;50.0
13867	0
13867	
13410;0;0;56;54;50.0
13892	0
13892	
13435;0;0;56;54;50.0
13919	0
13919	
13459;0;0;56;54;50.0
13952	0
13952	
13483;0;0;56;54;49.0
13971	0
13971	
13508;0;0;56;54;49.0
13992	0
13992	
13532;0;0;56;54;53.0
14017	0
14017	
13560;0;0;56;54;53.0
14041	0
14041	
13584;0;0;56;54;50.0
14065	0
14065	
13608;0;0;56;54;50.0
14091	0
14091	
13632;0;0;56;54;49.0
14114	0
14114	
13656;0;0;56;54;49.0
14143	0
14143	
13680;0;0;56;54;48.0
14167	0
14167	
13709;0;0;56;54;53.0
14191	0
14191	
13734;0;0;56;54;53.0
14215	0
14215	
13758;0;0;56;54;51.0
14241	0
14241	
13783;0;0;56;54;51.0
14267	0
14267	
13807;0;0;56;54;53.0
14291	0
14291	
13831;0;0;56;54;53.0
14316	0
14316	
13857;0;0;56;54;67.0
14340	0
14340	
13883;0;0;56;54;53.0
14376	0
14376	
13907;0;0;56;54;53.0
14396	0
14396	
13932;0;0;56;54;51.0
14414	0
14414	
13956;0;0;56;54;51.0
14440	0
14440	
13980;0;0;56;54;51.0
14464	0
14464	
14004;0;0;56;54;51.0
14488	0
14488	
14030;0;0;56;54;50.0
14513	0
14513	
14056;0;0;56;54;50.0
14537	0
14537	
14080;0;0;56;54;50.0
14561	0
14561	
14104;0;0;56;54;49.0
14597	0
14597	
14128;0;0;56;54;49.0
14617	0
14617	
14154;0;0;56;54;48.0
14638	0
14638	
14179;0;0;56;54;48.0
14663	0
14663	
14205;0;0;56;54;40.0
14688	0
14688	
14231;0;0;56;54;50.0
14712	0
14712	
14256;0;0;56;54;50.0
14737	0
14737	
14280;0;0;56;54;54.0
14762	0
14762	
14304;0;0;56;54;54.0
14793	0
14793	
14328;0;0;56;54;51.0
14817	0
14817	
14355;0;0;56;54;51.0
14838	0
14838	
14381;0;0;56;54;53.0
14862	0
14862	
14405;0;0;56;54;55.0
14886	0
14886	
14429;0;0;56;54;55.0
14913	0
14913	
14453;0;0;56;54;50.0
14935	0
14935	
14477;0;0;56;54;50.0
14961	0
14961	
14501;0;0;56;54;52.0
14985	0
14985	
14525;0;0;56;54;52.0
15019	0
15019	
14561;0;0;56;54;48.0
15042	0
15042	
14585;0;0;56;54;41.0
15066	0
15066	
14609;0;0;56;54;41.0
15091	0
15091	
14633;0;0;56;54;49.0
15117	0
15117	
14658;0;0;56;54;49.0
15142	0
15142	
14684;0;0;56;54;62.0
15167	0
15167	
14710;0;0;56;54;50.0
15191	0
15191	
14734;0;0;56;54;50.0
15228	0
15228	
14769;0;0;56;54;52.0
15253	0
15253	
14796;0;0;56;54;53.0
15277	0
15277	
14820;0;0;56;54;53.0
15301	0
15301	
14844;0;0;56;54;51.0
15325	0
15325	
14868;0;0;56;54;51.0
15352	0
15352	
14892;0;0;56;54;51.0
15376	0
15376	
14916;0;0;56;54;51.0
15400	0
15400	
14940;0;0;56;54;65.0
15429	0
15429	
14965;0;0;56;54;65.0
15452	0
15452	
14993;0;0;56;54;50.0
15474	0
15474	
15017;0;0;56;54;67.0
15498	0
15498	
15041;0;0;56;54;67.0
15522	0
15522	
15065;0;0;56;54;51.0
15549	0
15549	
15089;0;0;56;54;49.0
15573	0
15573	
15113;0;0;56;54;58.0
15597	0
15597	
15137;0;0;56;54;48.0
15621	0
15621	
15164;0;0;56;54;42.0
15656	0
15656	
15198;0;0;56;54;52.0
15680	0
15680	
15222;0;0;56;54;31.0
15704	0
15704	
15246;0;0;56;54;53.0
15730	0
15730	
15271;0;0;56;54;62.0
15755	0
15755	
15296;0;0;56;54;53.0
15778	0
15778	
15321;0;0;56;54;58.0
15804	0
15804	
15347;0;0;56;54;58.0
15828	0
15828	
15371;0;0;56;54;50.0
15862	0
15862	
15395;0;0;56;54;50.0
15884	0
15884	
15420;0;0;56;54;50.0
15904	0
15904	
15445;0;0;56;54;50.0
15929	0
15929	
15472;0;0;56;54;40.0
15953	0
15953	
15496;0;0;56;54;53.0
15977	0
15977	
15520;0;0;56;54;53.0
16001	0
16001	
15544;0;0;56;54;66.0
16026	0
16026	
15568;0;0;56;54;66.0
16057	0
16057	
15593;0;0;56;54;50.0
16081	0
16081	
15622;0;0;56;54;50.0
16104	0
16104	
15646;0;0;56;54;50.0
16127	0
16127	
15670;0;0;56;54;53.0
16151	0
16151	
15694;0;0;56;54;53.0
16176	0
16176	
15718;0;0;56;54;53.0
16202	0
16202	
15742;0;0;56;54;53.0
16226	0
16226	
15766;0;0;56;54;50.0
16250	0
16250	
15791;0;0;56;54;50.0
16280	0
16280	
15818;0;0;56;54;51.0
16304	0
16304	
15843;0;0;56;54;49.0
16325	0
16325	
15868;0;0;56;54;49.0
16349	0
16349	
15892;0;0;56;54;53.0
16373	0
16373	
15916;0;0;56;54;53.0
16400	0
16400	
15940;0;0;56;54;52.0
16424	0
16424	
15964;0;0;56;54;52.0
16448	0
16448	
15988;0;0;56;54;42.0
16472	0
16472	
16015;0;0;56;54;42.0
16507	0
16507	
16049;0;0;56;54;40.0
16531	0
16531	
16073;0;0;56;54;51.0
16555	0
16555	
16097;0;0;56;54;51.0
16581	0
16581	
16123;0;0;56;54;53.0
16606	0
16606	
16147;0;0;56;54;53.0
16629	0
16629	
16172;0;0;56;54;53.0
16654	0
16654	
16197;0;0;56;54;48.0
16680	0
16680	
16222;0;0;56;54;48.0
16722	0
16722	
16246;0;0;56;54;43.0
16735	0
16735	
16271;0;0;56;54;43.0
16755	0
16755	
16297;0;0;56;54;51.0
16779	0
16779	
16321;0;0;56;54;39.0
16803	0
16803	
16346;0;0;56;54;39.0
16828	0
16828	
16371;0;0;56;54;50.0
16853	0
16853	
16395;0;0;56;54;50.0
16877	0
16877	
16419;0;0;56;54;67.0
16901	0
16901	
16443;0;0;56;54;67.0
16936	0
16936	
16479;0;0;56;54;67.0
16960	0
16960	
16503;0;0;56;54;47.0
16985	0
16985	
16527;0;0;56;54;47.0
17010	0
17010	
16551;0;0;56;54;52.0
17033	0
17033	
16575;0;0;56;54;52.0
17059	0
17059	
16601;0;0;56;54;40.0
17084	0
17084	
16625;0;0;56;54;50.0
17107	0
17107	
16650;0;0;56;54;50.0
17149	0
17149	
16675;0;0;56;54;50.0
17162	0
17162	
16699;0;0;56;54;50.0
17183	0
17183	
16724;0;0;56;54;48.0
17206	0
17206	
16748;0;0;56;54;48.0
17232	0
17232	
16774;0;0;56;54;51.0
17257	0
17257	
16798;0;0;56;54;49.0
17281	0
17281	
16823;0;0;56;54;49.0
17305	0
17305	
16848;0;0;56;54;50.0
17339	0
17339	
16872;0;0;56;54;50.0
17358	0
17358	
16897;0;0;56;54;53.0
17379	0
17379	
16922;0;0;56;54;53.0
17406	0
17406	
16948;0;0;56;54;53.0
17430	0
17430	
16972;0;0;56;54;56.0
17454	0
17454	
16997;0;0;56;54;56.0
17481	0
17481	
17022;0;0;56;54;50.0
17504	0
17504	
17046;0;0;56;54;50.0
17529	0
17529	
17070;0;0;56;54;49.0
17563	0
17563	
17099;0;0;56;54;49.0
17582	0
17582	
17125;0;0;56;54;50.0
17607	0
17607	
17150;0;0;56;54;51.0
17631	0
17631	
17174;0;0;56;54;51.0
17656	0
17656	
17198;0;0;56;54;50.0
17680	0
17680	
17222;0;0;56;54;50.0
17706	0
17706	
17246;0;0;56;54;51.0
17730	0
17730	
17271;0;0;56;54;51.0
17760	0
17760	
17298;0;0;56;54;37.0
17782	0
17782	
17323;0;0;56;54;53.0
17804	0
17804	
17347;0;0;56;54;53.0
17828	0
17828	
17371;0;0;56;54;41.0
17853	0
17853	
17395;0;0;56;54;41.0
17879	0
17879	
17419;0;0;56;54;56.0
17903	0
17903	
17443;0;0;56;54;56.0
17927	0
17927	
17469;0;0;56;54;50.0
17954	0
17954	
17495;0;0;56;54;45.0
17979	0
17979	
17520;0;0;56;54;45.0
18001	0
18001	
17544;0;0;56;54;50.0
18025	0
18025	
17568;0;0;56;54;50.0
18051	0
18051	
17593;0;0;56;54;50.0
18077	0
18077	
17617;0;0;56;54;50.0
18102	0
18102	
17642;0;0;56;54;53.0
18126	0
18126	
17669;0;0;56;54;53.0
18150	0
18150	
17693;0;0;56;54;50.0
18186	0
18186	
17722;0;0;56;54;50.0
18206	0
18206	
17746;0;0;56;54;50.0
18230	0
18230	
17770;0;0;56;54;50.0
18254	0
18254	
17797;0;0;56;54;50.0
18279	0
18279	
17822;0;0;56;54;50.0
18303	0
18303	
17846;0;0;56;54;50.0
18327	0
18327	
17870;0;0;56;54;40.0
18352	0
18352	
17894;0;0;56;54;40.0
18382	0
18382	
17918;0;0;56;54;53.0
18406	0
18406	
17946;0;0;56;54;53.0
18429	0
18429	
17972;0;0;56;54;54.0
18453	0
18453	
17996;0;0;56;54;47.0
18477	0
18477	
18020;0;0;56;54;47.0
18501	0
18501	
18044;0;0;56;54;49.0
18528	0
18528	
18068;0;0;56;54;49.0
18552	0
18552	
18092;0;0;56;54;61.0
18576	0
18576	
18116;0;0;56;54;61.0
18609	0
18609	
18150;0;0;56;54;49.0
18631	0
18631	
18174;0;0;56;54;50.0
18655	0
18655	
18198;0;0;56;54;50.0
18679	0
18679	
18222;0;0;56;54;51.0
18704	0
18704	
18246;0;0;56;54;51.0
18730	0
18730	
18270;0;0;56;54;41.0
18754	0
18754	
18294;0;0;56;54;41.0
18778	0
18778	
18320;0;0;56;54;49.0
18809	0
18809	
18346;0;0;56;54;39.0
18832	0
18832	
18370;0;0;56;54;39.0
18851	0
18851	
18394;0;0;56;54;51.0
18875	0
18875	
18418;0;0;56;54;51.0
18900	0
18900	
18442;0;0;56;54;51.0
18926	0
18926	
18467;0;0;56;54;51.0
18951	0
18951	
18493;0;0;56;54;53.0
18976	0
18976	
18519;0;0;56;54;50.0
19008	0
19008	
18543;0;0;56;54;50.0
19031	0
19031	
18568;0;0;56;54;49.0
19050	0
19050	
18592;0;0;56;54;53.0
19074	0
19074	
18616;0;0;56;54;49.0
19100	0
19100	
18640;0;0;56;54;51.0
19124	0
19124	
18666;0;0;56;54;50.0
19149	0
19149	
18692;0;0;56;54;48.0
19173	0
19173	
18716;0;0;56;54;51.0
19197	0
19197	
18740;0;0;56;54;51.0
19234	0
19234	
18769;0;0;56;54;51.0
19254	0
19254	
18794;0;0;56;54;51.0
19279	0
19279	
18820;0;0;56;54;52.0
19303	0
19303	
18846;0;0;56;54;50.0
19327	0
19327	
18870;0;0;56;54;50.0
19351	0
19351	
18894;0;0;56;54;50.0
19376	0
19376	
18918;0;0;56;54;50.0
19402	0
19402	
18942;0;0;56;54;50.0
19432	0
19432	
18967;0;0;56;54;50.0
19454	0
19454	
18996;0;0;56;54;53.0
19479	0
19479	
19022;0;0;56;54;50.0
19503	0
19503	
19046;0;0;56;54;50.0
19530	0
19530	
19071;0;0;56;54;52.0
19555	0
19555	
19095;0;0;56;54;52.0
19579	0
19579	
19122;0;0;56;54;62.0
19604	0
19604	
19147;0;0;56;54;52.0
19628	0
19628	
19171;0;0;56;54;52.0
19658	0
19658	
19199;0;0;56;54;67.0
19681	0
19681	
19223;0;0;56;54;67.0
19707	0
19707	
19247;0;0;56;54;49.0
19731	0
19731	
19272;0;0;56;54;49.0
19756	0
19756	
19299;0;0;56;54;48.0
19780	0
19780	
19323;0;0;56;54;51.0
19804	0
19804	
19347;0;0;56;54;51.0
19828	0
19828	
19371;0;0;56;54;39.0
19864	0
19864	
19395;0;0;56;54;39.0
19883	0
19883	
19420;0;0;56;54;51.0
19904	0
19904	
19445;0;0;56;54;51.0
19930	0
19930	
19473;0;0;56;54;49.0
19954	0
19954	
19497;0;0;56;54;53.0
19978	0
19978	
19521;0;0;56;54;53.0
20002	0
20002	
19545;0;0;56;54;60.0
20029	0
20029	
19570;0;0;56;54;60.0
20059	0
20059	
19594;0;0;56;54;50.0
20081	0
20081	
19623;0;0;56;54;52.0
20104	0
20104	
19647;0;0;56;54;52.0
20128	0
20128	
19672;0;0;56;54;50.0
20156	0
20156	
19696;0;0;56;54;50.0
20180	0
20180	
19720;0;0;56;54;51.0
20204	0
20204	
19744;0;0;56;54;51.0
20229	0
20229	
19770;0;0;56;54;67.0
20254	0
20254	
19797;0;0;56;54;51.0
20290	0
20290	
19821;0;0;56;54;42.0
20310	0
20310	
19846;0;0;56;54;50.0
20327	0
20327	
19871;0;0;56;54;50.0
20355	0
20355	
19895;0;0;56;54;53.0
20379	0
20379	
19919;0;0;56;54;50.0
20403	0
20403	
19943;0;0;56;54;54.0
20427	0
20427	
19970;0;0;56;54;50.0
20453	0
20453	
19995;0;0;56;54;51.0
20487	0
20487	
20019;0;0;56;54;51.0
20505	0
20505	
20043;0;0;56;54;37.0
20524	0
20524	
20067;0;0;56;54;37.0
20549	0
20549	
20091;0;0;56;54;53.0
20575	0
20575	
20115;0;0;56;54;53.0
20599	0
20599	
20139;0;0;56;54;67.0
20623	0
20623	
20164;0;0;56;54;67.0
20648	0
20648	
20191;0;0;56;54;52.0
20672	0
20672	
20215;0;0;56;54;49.0
20705	0
20705	
20243;0;0;56;54;49.0
20728	0
20728	
20267;0;0;56;54;62.0
20751	0
20751	
20291;0;0;56;54;62.0
20775	0
20775	
20318;0;0;56;54;46.0
20800	0
20800	
20343;0;0;56;54;48.0
20826	0
20826	
20368;0;0;56;54;48.0
20849	0
20849	
20392;0;0;56;54;50.0
20876	0
20876	
20416;0;0;56;54;50.0
20905	0
20905	
20440;0;0;56;54;39.0
20929	0
20929	
20469;0;0;56;54;50.0
20951	0
20951	
20494;0;0;56;54;50.0
20975	0
20975	
20518;0;0;56;54;67.0
20999	0
20999	
20542;0;0;56;54;67.0
21027	0
21027	
20566;0;0;56;54;67.0
21050	0
21050	
20590;0;0;56;54;67.0
21074	0
21074	
20614;0;0;56;54;52.0
21102	0
21102	
20641;0;0;56;54;52.0
21127	0
21127	
20668;0;0;56;54;50.0
21149	0
21149	
20692;0;0;56;54;50.0
21173	0
21173	
20716;0;0;56;54;50.0
21198	0
21198	
20740;0;0;56;54;53.0
21222	0
21222	
20764;0;0;56;54;53.0
21248	0
21248	
20788;0;0;56;54;48.0
21272	0
21272	
20813;0;0;56;54;48.0
21297	0
21297	
20840;0;0;56;54;46.0
21334	0
21334	
20869;0;0;56;54;49.0
21351	0
21351	
20893;0;0;56;54;49.0
21377	0
21377	
20917;0;0;56;54;54.0
21401	0
21401	
20941;0;0;56;54;54.0
21425	0
21425	
20967;0;0;56;54;50.0
21450	0
21450	
20993;0;0;56;54;53.0
21474	0
21474	
21017;0;0;56;54;53.0
21498	0
21498	
21041;0;0;56;54;52.0
21531	0
21531	
21065;0;0;56;54;52.0
21554	0
21554	
21090;0;0;56;54;53.0
21574	0
21574	
21114;0;0;56;54;53.0
21598	0
21598	
21140;0;0;56;54;48.0
21623	0
21623	
21166;0;0;56;54;50.0
21647	0
21647	
21190;0;0;56;54;50.0
21672	0
21672	
21215;0;0;56;54;50.0
21697	0
21697	
21239;0;0;56;54;50.0
21723	0
21723	
21263;0;0;56;54;49.0
21756	0
21756	
21287;0;0;56;54;49.0
21774	0
21774	
21311;0;0;56;54;53.0
21795	0
21795	
21337;0;0;56;54;39.0
21820	0
21820	
21363;0;0;56;54;62.0
21844	0
21844	
21387;0;0;56;54;62.0
21868	0
21868	
21411;0;0;56;54;50.0
21892	0
21892	
21435;0;0;56;54;50.0
21919	0
21919	
21459;0;0;56;54;32.0
21950	0
21950	
21483;0;0;56;54;32.0
21970	0
21970	
21508;0;0;56;54;43.0
21992	0
21992	
21534;0;0;56;54;52.0
22017	0
22017	
21560;0;0;56;54;41.0
22041	0
22041	
21584;0;0;56;54;41.0
22065	0
22065	
21608;0;0;56;54;48.0
22089	0
22089	
21632;0;0;56;54;48.0
22114	0
22114	
21656;0;0;56;54;51.0
22140	0
22140	
21681;0;0;56;54;51.0
22174	0
22174	
21717;0;0;56;54;50.0
22198	0
22198	
21741;0;0;56;54;53.0
22223	0
22223	
21765;0;0;56;54;53.0
22247	0
22247	
21789;0;0;56;54;52.0
22273	0
22273	
21813;0;0;56;54;52.0
22297	0
22297	
21839;0;0;56;54;42.0
22322	0
22322	
21865;0;0;56;54;53.0
22346	0
22346	
21889;0;0;56;54;53.0
22382	0
22382	
21913;0;0;56;54;53.0
22401	0
22401	
21938;0;0;56;54;53.0
22423	0
22423	
21963;0;0;56;54;67.0
22448	0
22448	
21988;0;0;56;54;67.0
22472	0
22472	
22015;0;0;56;54;50.0
22496	0
22496	
22039;0;0;56;54;67.0
22520	0
22520	
22063;0;0;56;54;67.0
22544	0
22544	
22087;0;0;56;54;41.0
22575	0
22575	
22111;0;0;56;54;41.0
22598	0
22598	
22137;0;0;56;54;50.0
22621	0
22621	
22162;0;0;56;54;50.0
22646	0
22646	
22189;0;0;56;54;62.0
22670	0
22670	
22213;0;0;56;54;53.0
22694	0
22694	
22237;0;0;56;54;53.0
22718	0
22718	
22261;0;0;56;54;39.0
22745	0
22745	
22285;0;0;56;54;39.0
22770	0
22770	
22310;0;0;56;54;66.0
22799	0
22799	
22342;0;0;56;54;50.0
22823	0
22823	
22366;0;0;56;54;50.0
22847	0
22847	
22390;0;0;56;54;56.0
22871	0
22871	
22414;0;0;56;54;56.0
22896	0
22896	
22438;0;0;56;54;54.0
22923	0
22923	
22463;0;0;56;54;54.0
22947	0
22947	
22489;0;0;56;54;50.0
22972	0
22972	
22515;0;0;56;54;52.0
23006	0
23006	
22539;0;0;56;54;52.0
23025	0
23025	
22564;0;0;56;54;65.0
23046	0
23046	
22588;0;0;56;54;65.0
23072	0
23072	
22612;0;0;56;54;53.0
23096	0
23096	
22636;0;0;56;54;53.0
23120	0
23120	
22662;0;0;56;54;62.0
23145	0
23145	
22688;0;0;56;54;50.0
23170	0
23170	
22713;0;0;56;54;50.0
23194	0
23194	
22737;0;0;56;54;53.0
23224	0
23224	
22764;0;0;56;54;53.0
23248	0
23248	
22790;0;0;56;54;53.0
23273	0
23273	
22814;0;0;56;54;53.0
23296	0
23296	
22838;0;0;56;54;53.0
23320	0
23320	
22863;0;0;56;54;53.0
23347	0
23347	
22888;0;0;56;54;53.0
23370	0
23370	
22912;0;0;56;54;49.0
23394	0
23394	
22936;0;0;56;54;49.0
23429	0
23429	
22962;0;0;56;54;54.0
23449	0
23449	
22988;0;0;56;54;47.0
23470	0
23470	
23013;0;0;56;54;48.0
23495	0
23495	
23038;0;0;56;54;48.0
23522	0
23522	
23063;0;0;56;54;53.0
23545	0
23545	
23087;0;0;56;54;53.0
23569	0
23569	
23111;0;0;56;54;39.0
23595	0
23595	
23136;0;0;56;54;39.0
23621	0
23621	
23162;0;0;56;54;50.0
23653	0
23653	
23194;0;0;56;54;50.0
23676	0
23676	
23218;0;0;56;54;50.0
23700	0
23700	
23242;0;0;56;54;50.0
23724	0
