milliseconds	Werte
462	0
462	
6;0;0;56;54;0.0
487	0
487	
30;0;0;56;54;50.0
513	0
513	
54;0;0;56;54;50.0
538	0
538	
78;0;0;56;54;48.0
562	0
562	
102;0;0;56;54;48.0
586	0
586	
129;0;0;56;54;50.0
611	0
611	
154;0;0;56;54;50.0
647	0
647	
183;0;0;56;54;50.0
667	0
667	
207;0;0;56;54;50.0
691	0
691	
231;0;0;56;54;39.0
715	0
715	
256;0;0;56;54;39.0
740	0
740	
283;0;0;56;54;51.0
764	0
764	
307;0;0;56;54;37.0
788	0
788	
331;0;0;56;54;37.0
812	0
812	
355;0;0;56;54;50.0
846	0
846	
379;0;0;56;54;50.0
868	0
868	
404;0;0;56;54;45.0
888	0
888	
429;0;0;56;54;45.0
913	0
913	
456;0;0;56;54;50.0
939	0
939	
482;0;0;56;54;49.0
963	0
963	
506;0;0;56;54;50.0
987	0
987	
530;0;0;56;54;50.0
1014	0
1014	
554;0;0;56;54;52.0
1038	0
1038	
578;0;0;56;54;52.0
1068	0
1068	
602;0;0;56;54;51.0
1089	0
1089	
631;0;0;56;54;49.0
1112	0
1112	
655;0;0;56;54;49.0
1136	0
1136	
679;0;0;56;54;50.0
1164	0
1164	
704;0;0;56;54;50.0
1188	0
1188	
728;0;0;56;54;53.0
1212	0
1212	
752;0;0;56;54;53.0
1236	0
1236	
779;0;0;56;54;51.0
1261	0
1261	
804;0;0;56;54;51.0
1298	0
1298	
829;0;0;56;54;51.0
1317	0
1317	
854;0;0;56;54;49.0
1336	0
1336	
878;0;0;56;54;49.0
1362	0
1362	
902;0;0;56;54;50.0
1386	0
1386	
926;0;0;56;54;50.0
1410	0
1410	
952;0;0;56;54;39.0
1435	0
1435	
978;0;0;56;54;50.0
1459	0
1459	
1002;0;0;56;54;50.0
1483	0
1483	
1026;0;0;56;54;67.0
1517	0
1517	
1050;0;0;56;54;67.0
1539	0
1539	
1075;0;0;56;54;47.0
1559	0
1559	
1099;0;0;56;54;47.0
1583	0
1583	
1125;0;0;56;54;51.0
1608	0
1608	
1151;0;0;56;54;50.0
1632	0
1632	
1175;0;0;56;54;50.0
1657	0
1657	
1200;0;0;56;54;50.0
1682	0
1682	
1224;0;0;56;54;50.0
1708	0
1708	
1248;0;0;56;54;51.0
1737	0
1737	
1272;0;0;56;54;51.0
1760	0
1760	
1302;0;0;56;54;50.0
1785	0
1785	
1328;0;0;56;54;39.0
1809	0
1809	
1352;0;0;56;54;39.0
1833	0
1833	
1376;0;0;56;54;48.0
1860	0
1860	
1400;0;0;56;54;48.0
1884	0
1884	
1424;0;0;56;54;53.0
1908	0
1908	
1448;0;0;56;54;53.0
1932	0
1932	
1475;0;0;56;54;52.0
1963	0
1963	
1500;0;0;56;54;49.0
1985	0
1985	
1524;0;0;56;54;49.0
2006	0
2006	
1549;0;0;56;54;50.0
2030	0
2030	
1573;0;0;56;54;50.0
2056	0
2056	
1598;0;0;56;54;46.0
2082	0
2082	
1622;0;0;56;54;46.0
2106	0
2106	
1648;0;0;56;54;48.0
2132	0
2132	
1675;0;0;56;54;50.0
2156	0
2156	
1700;0;0;56;54;46.0
2199	0
2199	
1724;0;0;56;54;46.0
2213	0
2213	
1748;0;0;56;54;53.0
2229	0
2229	
1772;0;0;56;54;53.0
2256	0
2256	
1796;0;0;56;54;51.0
2280	0
2280	
1820;0;0;56;54;51.0
2304	0
2304	
1844;0;0;56;54;39.0
2328	0
2328	
1869;0;0;56;54;39.0
2353	0
2353	
1896;0;0;56;54;83.0
2379	0
2379	
1922;0;0;56;54;48.0
2415	0
2415	
1946;0;0;56;54;48.0
2435	0
2435	
1970;0;0;56;54;50.0
2454	0
2454	
1994;0;0;56;54;50.0
2478	0
2478	
2018;0;0;56;54;50.0
2502	0
2502	
2042;0;0;56;54;50.0
2526	0
2526	
2067;0;0;56;54;50.0
2551	0
2551	
2094;0;0;56;54;51.0
2575	0
2575	
2118;0;0;56;54;51.0
2599	0
2599	
2142;0;0;56;54;51.0
2635	0
2635	
2170;0;0;56;54;49.0
2656	0
2656	
2194;0;0;56;54;49.0
2678	0
2678	
2220;0;0;56;54;46.0
2703	0
2703	
2246;0;0;56;54;50.0
2727	0
2727	
2270;0;0;56;54;50.0
2751	0
2751	
2294;0;0;56;54;51.0
2776	0
2776	
2318;0;0;56;54;51.0
2802	0
2802	
2342;0;0;56;54;48.0
2826	0
2826	
2366;0;0;56;54;48.0
2857	0
2857	
2400;0;0;56;54;50.0
2882	0
2882	
2425;0;0;56;54;53.0
2906	0
2906	
2449;0;0;56;54;53.0
2931	0
2931	
2473;0;0;56;54;49.0
2957	0
2957	
2497;0;0;56;54;49.0
2981	0
2981	
2521;0;0;56;54;46.0
3005	0
3005	
2546;0;0;56;54;46.0
3030	0
3030	
2573;0;0;56;54;46.0
3055	0
3055	
2597;0;0;56;54;39.0
3090	0
3090	
2628;0;0;56;54;39.0
3112	0
3112	
2652;0;0;56;54;50.0
3136	0
3136	
2677;0;0;56;54;50.0
3161	0
3161	
2705;0;0;56;54;48.0
3186	0
3186	
2729;0;0;56;54;51.0
3210	0
3210	
2753;0;0;56;54;51.0
3234	0
3234	
2777;0;0;56;54;52.0
3261	0
3261	
2801;0;0;56;54;52.0
3289	0
3289	
2825;0;0;56;54;56.0
3313	0
3313	
2854;0;0;56;54;56.0
3337	0
3337	
2880;0;0;56;54;39.0
3362	0
3362	
2905;0;0;56;54;53.0
3386	0
3386	
2929;0;0;56;54;53.0
3413	0
3413	
2953;0;0;56;54;67.0
3437	0
3437	
2977;0;0;56;54;67.0
3461	0
3461	
3001;0;0;56;54;53.0
3485	0
3485	
3028;0;0;56;54;53.0
3516	0
3516	
3053;0;0;56;54;49.0
3538	0
3538	
3078;0;0;56;54;50.0
3561	0
3561	
3105;0;0;56;54;50.0
3589	0
3589	
3129;0;0;56;54;48.0
3613	0
3613	
3153;0;0;56;54;48.0
3637	0
3637	
3177;0;0;56;54;53.0
3661	0
3661	
3204;0;0;56;54;53.0
3686	0
3686	
3229;0;0;56;54;50.0
3710	0
3710	
3253;0;0;56;54;49.0
3746	0
3746	
3281;0;0;56;54;49.0
3765	0
3765	
3306;0;0;56;54;53.0
3790	0
3790	
3330;0;0;56;54;53.0
3814	0
3814	
3357;0;0;56;54;50.0
3839	0
3839	
3382;0;0;56;54;48.0
3863	0
3863	
3407;0;0;56;54;48.0
3892	0
3892	
3432;0;0;56;54;54.0
3916	0
3916	
3456;0;0;56;54;54.0
3946	0
3946	
3480;0;0;56;54;50.0
3969	0
3969	
3509;0;0;56;54;39.0
3990	0
3990	
3533;0;0;56;54;39.0
4014	0
4014	
3557;0;0;56;54;46.0
4038	0
4038	
3581;0;0;56;54;46.0
4065	0
4065	
3605;0;0;56;54;67.0
4089	0
4089	
3629;0;0;56;54;67.0
4113	0
4113	
3653;0;0;56;54;53.0
4137	0
4137	
3680;0;0;56;54;46.0
4175	0
4175	
3705;0;0;56;54;46.0
4191	0
4191	
3730;0;0;56;54;46.0
4211	0
4211	
3754;0;0;56;54;52.0
4239	0
4239	
3779;0;0;56;54;52.0
4263	0
4263	
3803;0;0;56;54;50.0
4287	0
4287	
3827;0;0;56;54;50.0
4311	0
4311	
3854;0;0;56;54;47.0
4336	0
4336	
3879;0;0;56;54;58.0
4361	0
4361	
3904;0;0;56;54;58.0
4392	0
4392	
3932;0;0;56;54;50.0
4416	0
4416	
3956;0;0;56;54;50.0
4440	0
4440	
3983;0;0;56;54;66.0
4465	0
4465	
4008;0;0;56;54;53.0
4489	0
4489	
4032;0;0;56;54;53.0
4513	0
4513	
4056;0;0;56;54;50.0
4540	0
4540	
4080;0;0;56;54;50.0
4564	0
4564	
4104;0;0;56;54;46.0
4588	0
4588	
4128;0;0;56;54;46.0
4616	0
4616	
4159;0;0;56;54;50.0
4641	0
4641	
4184;0;0;56;54;53.0
4665	0
4665	
4208;0;0;56;54;53.0
4689	0
4689	
4232;0;0;56;54;51.0
4713	0
4713	
4256;0;0;56;54;51.0
4740	0
4740	
4280;0;0;56;54;51.0
4764	0
4764	
4304;0;0;56;54;51.0
4788	0
4788	
4328;0;0;56;54;51.0
4816	0
4816	
4355;0;0;56;54;51.0
4840	0
4840	
4382;0;0;56;54;49.0
4864	0
4864	
4406;0;0;56;54;50.0
4887	0
4887	
4430;0;0;56;54;50.0
4911	0
4911	
4454;0;0;56;54;39.0
4936	0
4936	
4478;0;0;56;54;39.0
4962	0
4962	
4502;0;0;56;54;50.0
4986	0
4986	
4526;0;0;56;54;50.0
5010	0
5010	
4552;0;0;56;54;50.0
5047	0
5047	
4578;0;0;56;54;53.0
5064	0
5064	
4603;0;0;56;54;53.0
5084	0
5084	
4627;0;0;56;54;45.0
5108	0
5108	
4651;0;0;56;54;45.0
5133	0
5133	
4675;0;0;56;54;52.0
5159	0
5159	
4699;0;0;56;54;46.0
5183	0
5183	
4723;0;0;56;54;50.0
5207	0
5207	
4749;0;0;56;54;48.0
5232	0
5232	
4775;0;0;56;54;50.0
5269	0
5269	
4804;0;0;56;54;50.0
5288	0
5288	
4828;0;0;56;54;48.0
5312	0
5312	
4852;0;0;56;54;48.0
5336	0
5336	
4876;0;0;56;54;40.0
5360	0
5360	
4903;0;0;56;54;40.0
5385	0
5385	
4928;0;0;56;54;39.0
5409	0
5409	
4952;0;0;56;54;51.0
5433	0
5433	
4976;0;0;56;54;51.0
5458	0
5458	
5000;0;0;56;54;39.0
5489	0
5489	
5030;0;0;56;54;39.0
5514	0
5514	
5057;0;0;56;54;50.0
5538	0
5538	
5081;0;0;56;54;51.0
5562	0
5562	
5105;0;0;56;54;51.0
5586	0
5586	
5129;0;0;56;54;46.0
5613	0
5613	
5153;0;0;56;54;46.0
5637	0
5637	
5177;0;0;56;54;36.0
5661	0
5661	
5201;0;0;56;54;36.0
5688	0
5688	
5228;0;0;56;54;49.0
5713	0
5713	
5255;0;0;56;54;50.0
5736	0
5736	
5279;0;0;56;54;50.0
5760	0
5760	
5303;0;0;56;54;50.0
5784	0
5784	
5327;0;0;56;54;50.0
5811	0
5811	
5351;0;0;56;54;51.0
5835	0
5835	
5375;0;0;56;54;51.0
5859	0
5859	
5399;0;0;56;54;39.0
5883	0
5883	
5426;0;0;56;54;39.0
5914	0
5914	
5451;0;0;56;54;50.0
5935	0
5935	
5476;0;0;56;54;67.0
5957	0
5957	
5500;0;0;56;54;67.0
5981	0
5981	
5524;0;0;56;54;50.0
6008	0
6008	
5548;0;0;56;54;50.0
6032	0
6032	
5572;0;0;56;54;50.0
6056	0
6056	
5596;0;0;56;54;50.0
6080	0
6080	
5624;0;0;56;54;51.0
6105	0
6105	
5648;0;0;56;54;51.0
6141	0
6141	
5677;0;0;56;54;51.0
6161	0
6161	
5701;0;0;56;54;48.0
6185	0
6185	
5725;0;0;56;54;51.0
6209	0
6209	
5749;0;0;56;54;51.0
6233	0
6233	
5776;0;0;56;54;36.0
6258	0
6258	
5801;0;0;56;54;48.0
6282	0
6282	
5825;0;0;56;54;48.0
6306	0
6306	
5849;0;0;56;54;49.0
6338	0
6338	
5873;0;0;56;54;49.0
6360	0
6360	
5899;0;0;56;54;41.0
6383	0
6383	
5923;0;0;56;54;53.0
6407	0
6407	
5948;0;0;56;54;52.0
6433	0
6433	
5976;0;0;56;54;51.0
6457	0
6457	
6000;0;0;56;54;65.0
6481	0
6481	
6024;0;0;56;54;65.0
6505	0
6505	
6048;0;0;56;54;50.0
6533	0
6533	
6072;0;0;56;54;50.0
6565	0
6565	
6096;0;0;56;54;53.0
6584	0
6584	
6122;0;0;56;54;53.0
6606	0
6606	
6149;0;0;56;54;51.0
6631	0
6631	
6174;0;0;56;54;66.0
6656	0
6656	
6199;0;0;56;54;66.0
6680	0
6680	
6223;0;0;56;54;50.0
6707	0
6707	
6247;0;0;56;54;50.0
6731	0
6731	
6271;0;0;56;54;46.0
6755	0
6755	
6295;0;0;56;54;46.0
6789	0
6789	
6321;0;0;56;54;52.0
6808	0
6808	
6346;0;0;56;54;52.0
6828	0
6828	
6371;0;0;56;54;52.0
6853	0
6853	
6396;0;0;56;54;48.0
6879	0
6879	
6421;0;0;56;54;48.0
6903	0
6903	
6445;0;0;56;54;48.0
6927	0
6927	
6469;0;0;56;54;48.0
6953	0
6953	
6495;0;0;56;54;46.0
6978	0
6978	
6519;0;0;56;54;58.0
7012	0
7012	
6551;0;0;56;54;58.0
7034	0
7034	
6575;0;0;56;54;50.0
7057	0
7057	
6600;0;0;56;54;50.0
7083	0
7083	
6626;0;0;56;54;52.0
7109	0
7109	
6650;0;0;56;54;67.0
7132	0
7132	
6674;0;0;56;54;67.0
7156	0
7156	
6698;0;0;56;54;50.0
7182	0
7182	
6724;0;0;56;54;50.0
7212	0
7212	
6748;0;0;56;54;45.0
7234	0
7234	
6775;0;0;56;54;45.0
7256	0
7256	
6800;0;0;56;54;50.0
7283	0
7283	
6825;0;0;56;54;62.0
7307	0
7307	
6849;0;0;56;54;62.0
7333	0
7333	
6874;0;0;56;54;50.0
7358	0
7358	
6899;0;0;56;54;50.0
7382	0
7382	
6925;0;0;56;54;51.0
7407	0
7407	
6950;0;0;56;54;50.0
7443	0
7443	
6974;0;0;56;54;50.0
7460	0
7460	
6999;0;0;56;54;48.0
7482	0
7482	
7025;0;0;56;54;48.0
7509	0
7509	
7050;0;0;56;54;50.0
7532	0
7532	
7074;0;0;56;54;50.0
7556	0
7556	
7100;0;0;56;54;51.0
7583	0
7583	
7125;0;0;56;54;51.0
7607	0
7607	
7149;0;0;56;54;51.0
7637	0
7637	
7174;0;0;56;54;51.0
7661	0
7661	
7201;0;0;56;54;51.0
7684	0
7684	
7226;0;0;56;54;50.0
7709	0
7709	
7251;0;0;56;54;51.0
7732	0
7732	
7275;0;0;56;54;51.0
7757	0
7757	
7299;0;0;56;54;53.0
7782	0
7782	
7323;0;0;56;54;53.0
7805	0
7805	
7347;0;0;56;54;51.0
7831	0
7831	
7372;0;0;56;54;51.0
7860	0
7860	
7397;0;0;56;54;52.0
7885	0
7885	
7424;0;0;56;54;50.0
7905	0
7905	
7449;0;0;56;54;50.0
7930	0
7930	
7473;0;0;56;54;53.0
7955	0
7955	
7497;0;0;56;54;53.0
7981	0
7981	
7521;0;0;56;54;53.0
8005	0
8005	
7545;0;0;56;54;53.0
8030	0
8030	
7573;0;0;56;54;51.0
8054	0
8054	
7597;0;0;56;54;50.0
8095	0
8095	
7621;0;0;56;54;50.0
8109	0
8109	
7645;0;0;56;54;37.0
8127	0
8127	
7669;0;0;56;54;37.0
8153	0
8153	
7693;0;0;56;54;50.0
8177	0
8177	
7717;0;0;56;54;50.0
8201	0
8201	
7742;0;0;56;54;52.0
8226	0
8226	
7769;0;0;56;54;50.0
8251	0
8251	
7794;0;0;56;54;50.0
8284	0
8284	
7818;0;0;56;54;58.0
8307	0
8307	
7844;0;0;56;54;58.0
8328	0
8328	
7868;0;0;56;54;58.0
8352	0
8352	
7893;0;0;56;54;58.0
8378	0
8378	
7921;0;0;56;54;39.0
8402	0
8402	
7945;0;0;56;54;51.0
8426	0
8426	
7969;0;0;56;54;51.0
8451	0
8451	
7993;0;0;56;54;51.0
8477	0
8477	
8017;0;0;56;54;51.0
8508	0
8508	
8041;0;0;56;54;46.0
8530	0
8530	
8068;0;0;56;54;46.0
8550	0
8550	
8094;0;0;56;54;50.0
8575	0
8575	
8118;0;0;56;54;48.0
8599	0
8599	
8142;0;0;56;54;48.0
8624	0
8624	
8166;0;0;56;54;45.0
8648	0
8648	
8190;0;0;56;54;45.0
8674	0
8674	
8214;0;0;56;54;51.0
8698	0
8698	
8239;0;0;56;54;51.0
8733	0
8733	
8266;0;0;56;54;54.0
8754	0
8754	
8290;0;0;56;54;45.0
8775	0
8775	
8314;0;0;56;54;45.0
8796	0
8796	
8338;0;0;56;54;50.0
8820	0
8820	
8362;0;0;56;54;50.0
8846	0
8846	
8386;0;0;56;54;53.0
8870	0
8870	
8411;0;0;56;54;53.0
8895	0
8895	
8438;0;0;56;54;53.0
8919	0
8919	
8462;0;0;56;54;50.0
8955	0
8955	
8493;0;0;56;54;50.0
8977	0
8977	
8517;0;0;56;54;50.0
9001	0
9001	
8542;0;0;56;54;50.0
9026	0
9026	
8569;0;0;56;54;45.0
9050	0
9050	
8593;0;0;56;54;50.0
9074	0
9074	
8617;0;0;56;54;50.0
9099	0
9099	
8641;0;0;56;54;50.0
9125	0
9125	
8665;0;0;56;54;50.0
9155	0
9155	
8689;0;0;56;54;48.0
9176	0
9176	
8715;0;0;56;54;48.0
9198	0
9198	
8741;0;0;56;54;49.0
9222	0
9222	
8765;0;0;56;54;47.0
9247	0
9247	
8790;0;0;56;54;47.0
9272	0
9272	
8814;0;0;56;54;53.0
9298	0
9298	
8838;0;0;56;54;53.0
9322	0
9322	
8862;0;0;56;54;58.0
9346	0
9346	
8887;0;0;56;54;58.0
9385	0
9385	
8920;0;0;56;54;50.0
9402	0
9402	
8944;0;0;56;54;47.0
9428	0
9428	
8968;0;0;56;54;47.0
9452	0
9452	
8992;0;0;56;54;49.0
9476	0
9476	
9017;0;0;56;54;41.0
9501	0
9501	
9044;0;0;56;54;49.0
9525	0
9525	
9068;0;0;56;54;49.0
9549	0
9549	
9092;0;0;56;54;54.0
9573	0
9573	
9116;0;0;56;54;54.0
9609	0
9609	
9144;0;0;56;54;60.0
9629	0
9629	
9170;0;0;56;54;60.0
9654	0
9654	
9197;0;0;56;54;50.0
9678	0
9678	
9221;0;0;56;54;35.0
9703	0
9703	
9245;0;0;56;54;35.0
9726	0
9726	
9269;0;0;56;54;46.0
9754	0
9754	
9294;0;0;56;54;46.0
9778	0
9778	
9318;0;0;56;54;50.0
9807	0
9807	
9345;0;0;56;54;50.0
9830	0
9830	
9371;0;0;56;54;50.0
9852	0
9852	
9395;0;0;56;54;58.0
9876	0
9876	
9419;0;0;56;54;58.0
9900	0
9900	
9443;0;0;56;54;53.0
9927	0
9927	
9467;0;0;56;54;53.0
9951	0
9951	
9491;0;0;56;54;51.0
9975	0
9975	
9515;0;0;56;54;51.0
9999	0
9999	
9542;0;0;56;54;53.0
10036	0
10036	
9567;0;0;56;54;50.0
10052	0
10052	
9592;0;0;56;54;50.0
10073	0
10073	
9616;0;0;56;54;45.0
10101	0
10101	
9641;0;0;56;54;45.0
10125	0
10125	
9665;0;0;56;54;51.0
10149	0
10149	
9689;0;0;56;54;51.0
10173	0
10173	
9716;0;0;56;54;43.0
10198	0
10198	
9741;0;0;56;54;43.0
10222	0
10222	
9765;0;0;56;54;43.0
10254	0
10254	
9795;0;0;56;54;43.0
10278	0
10278	
9821;0;0;56;54;43.0
10304	0
10304	
9846;0;0;56;54;43.0
10328	0
10328	
9870;0;0;56;54;47.0
10352	0
10352	
9895;0;0;56;54;47.0
10379	0
10379	
9920;0;0;56;54;52.0
10402	0
10402	
9944;0;0;56;54;52.0
10426	0
10426	
9968;0;0;56;54;31.0
10450	0
10450	
9993;0;0;56;54;31.0
10480	0
10480	
10023;0;0;56;54;48.0
10505	0
10505	
10048;0;0;56;54;50.0
10529	0
10529	
10072;0;0;56;54;50.0
10553	0
10553	
10096;0;0;56;54;39.0
10578	0
10578	
10120;0;0;56;54;39.0
10604	0
10604	
10144;0;0;56;54;50.0
10628	0
10628	
10168;0;0;56;54;50.0
10652	0
10652	
10194;0;0;56;54;50.0
10690	0
10690	
10220;0;0;56;54;56.0
10705	0
10705	
10245;0;0;56;54;56.0
10727	0
10727	
10270;0;0;56;54;49.0
10751	0
10751	
10294;0;0;56;54;41.0
10778	0
10778	
10318;0;0;56;54;41.0
10802	0
10802	
10342;0;0;56;54;45.0
10826	0
10826	
10366;0;0;56;54;45.0
10850	0
10850	
10393;0;0;56;54;50.0
10885	0
10885	
10418;0;0;56;54;53.0
10904	0
10904	
10444;0;0;56;54;53.0
10925	0
10925	
10468;0;0;56;54;62.0
10949	0
10949	
10492;0;0;56;54;62.0
10974	0
10974	
10516;0;0;56;54;39.0
11001	0
11001	
10541;0;0;56;54;39.0
11025	0
11025	
10567;0;0;56;54;39.0
11050	0
11050	
10593;0;0;56;54;39.0
11074	0
11074	
10617;0;0;56;54;39.0
11105	0
11105	
10646;0;0;56;54;50.0
11130	0
11130	
10670;0;0;56;54;50.0
11154	0
11154	
10696;0;0;56;54;50.0
11179	0
11179	
10722;0;0;56;54;39.0
11203	0
11203	
10746;0;0;56;54;39.0
11228	0
11228	
10771;0;0;56;54;43.0
11253	0
11253	
10795;0;0;56;54;43.0
11279	0
11279	
10819;0;0;56;54;50.0
11308	0
11308	
10844;0;0;56;54;50.0
11331	0
11331	
10872;0;0;56;54;46.0
11353	0
11353	
10896;0;0;56;54;48.0
11377	0
11377	
10920;0;0;56;54;48.0
11401	0
11401	
10944;0;0;56;54;50.0
11426	0
11426	
10968;0;0;56;54;50.0
11452	0
11452	
10992;0;0;56;54;58.0
11476	0
11476	
11016;0;0;56;54;58.0
11505	0
11505	
11042;0;0;56;54;54.0
11528	0
11528	
11070;0;0;56;54;51.0
11551	0
11551	
11094;0;0;56;54;51.0
11575	0
11575	
11118;0;0;56;54;51.0
11599	0
11599	
11143;0;0;56;54;50.0
11627	0
11627	
11167;0;0;56;54;50.0
11651	0
11651	
11191;0;0;56;54;67.0
11675	0
11675	
11215;0;0;56;54;67.0
11700	0
11700	
11243;0;0;56;54;50.0
11736	0
11736	
11272;0;0;56;54;50.0
11754	0
11754	
11296;0;0;56;54;50.0
11780	0
11780	
11320;0;0;56;54;39.0
11804	0
11804	
11345;0;0;56;54;39.0
11829	0
11829	
11372;0;0;56;54;49.0
11853	0
11853	
11396;0;0;56;54;36.0
11877	0
11877	
11420;0;0;56;54;36.0
11903	0
11903	
11445;0;0;56;54;67.0
11935	0
11935	
11469;0;0;56;54;67.0
11959	0
11959	
11494;0;0;56;54;62.0
11978	0
11978	
11519;0;0;56;54;39.0
12002	0
12002	
11544;0;0;56;54;39.0
12026	0
12026	
11569;0;0;56;54;50.0
12053	0
12053	
11594;0;0;56;54;50.0
12077	0
12077	
11619;0;0;56;54;50.0
12102	0
12102	
11645;0;0;56;54;50.0
12128	0
12128	
11670;0;0;56;54;53.0
12163	0
12163	
11701;0;0;56;54;52.0
12185	0
12185	
11726;0;0;56;54;52.0
12208	0
12208	
11752;0;0;56;54;40.0
12233	0
12233	
11776;0;0;56;54;48.0
12257	0
12257	
11800;0;0;56;54;48.0
12282	0
12282	
11824;0;0;56;54;51.0
12306	0
12306	
11848;0;0;56;54;51.0
12332	0
12332	
11872;0;0;56;54;46.0
12361	0
12361	
11897;0;0;56;54;46.0
12383	0
12383	
11923;0;0;56;54;49.0
12405	0
12405	
11948;0;0;56;54;49.0
12430	0
12430	
11973;0;0;56;54;49.0
12455	0
12455	
11997;0;0;56;54;50.0
12479	0
12479	
12021;0;0;56;54;50.0
12505	0
12505	
12046;0;0;56;54;46.0
12530	0
12530	
12071;0;0;56;54;46.0
12555	0
12555	
12098;0;0;56;54;50.0
12583	0
12583	
12126;0;0;56;54;49.0
12607	0
12607	
12150;0;0;56;54;49.0
12632	0
12632	
12174;0;0;56;54;50.0
12658	0
12658	
12198;0;0;56;54;50.0
12682	0
12682	
12222;0;0;56;54;51.0
12706	0
12706	
12248;0;0;56;54;51.0
12731	0
12731	
12274;0;0;56;54;59.0
12755	0
12755	
12298;0;0;56;54;51.0
12790	0
12790	
12322;0;0;56;54;51.0
12810	0
12810	
12347;0;0;56;54;49.0
12831	0
12831	
12371;0;0;56;54;49.0
12855	0
12855	
12395;0;0;56;54;50.0
12880	0
12880	
12420;0;0;56;54;50.0
12905	0
12905	
12448;0;0;56;54;48.0
12929	0
12929	
12472;0;0;56;54;50.0
12953	0
12953	
12496;0;0;56;54;50.0
12983	0
12983	
12520;0;0;56;54;39.0
13009	0
13009	
12547;0;0;56;54;39.0
13031	0
13031	
12572;0;0;56;54;50.0
13054	0
13054	
12597;0;0;56;54;50.0
13079	0
13079	
12623;0;0;56;54;53.0
13106	0
13106	
12648;0;0;56;54;39.0
13130	0
13130	
12672;0;0;56;54;39.0
13154	0
13154	
12696;0;0;56;54;51.0
13180	0
13180	
12721;0;0;56;54;51.0
13216	0
13216	
12747;0;0;56;54;50.0
13233	0
13233	
12772;0;0;56;54;50.0
13254	0
13254	
12798;0;0;56;54;36.0
13281	0
13281	
12822;0;0;56;54;45.0
13306	0
13306	
12848;0;0;56;54;45.0
13330	0
13330	
12873;0;0;56;54;50.0
13357	0
13357	
12898;0;0;56;54;50.0
13380	0
13380	
12922;0;0;56;54;37.0
13405	0
13405	
12948;0;0;56;54;37.0
13435	0
13435	
12978;0;0;56;54;50.0
13460	0
13460	
13003;0;0;56;54;52.0
13484	0
13484	
13027;0;0;56;54;52.0
13509	0
13509	
13051;0;0;56;54;37.0
13533	0
13533	
13075;0;0;56;54;37.0
13559	0
13559	
13099;0;0;56;54;54.0
13583	0
13583	
13124;0;0;56;54;54.0
13609	0
13609	
13150;0;0;56;54;46.0
13645	0
13645	
13176;0;0;56;54;67.0
13661	0
13661	
13201;0;0;56;54;67.0
13683	0
13683	
13226;0;0;56;54;48.0
13710	0
13710	
13251;0;0;56;54;48.0
13735	0
13735	
13275;0;0;56;54;50.0
13759	0
13759	
13300;0;0;56;54;50.0
13784	0
13784	
13327;0;0;56;54;51.0
13808	0
13808	
13351;0;0;56;54;41.0
13844	0
13844	
13375;0;0;56;54;41.0
13861	0
13861	
13399;0;0;56;54;50.0
13880	0
13880	
13423;0;0;56;54;50.0
13907	0
13907	
13448;0;0;56;54;51.0
13932	0
13932	
13472;0;0;56;54;51.0
13956	0
13956	
13498;0;0;56;54;50.0
13981	0
13981	
13524;0;0;56;54;39.0
14005	0
14005	
13549;0;0;56;54;39.0
14030	0
14030	
13573;0;0;56;54;50.0
14072	0
14072	
13597;0;0;56;54;50.0
14085	0
14085	
13621;0;0;56;54;40.0
14105	0
14105	
13645;0;0;56;54;40.0
14129	0
14129	
13671;0;0;56;54;51.0
14154	0
14154	
13697;0;0;56;54;50.0
14178	0
14178	
13721;0;0;56;54;50.0
14202	0
14202	
13745;0;0;56;54;48.0
14227	0
14227	
13769;0;0;56;54;48.0
14257	0
14257	
13793;0;0;56;54;41.0
14280	0
14280	
13820;0;0;56;54;41.0
14304	0
14304	
13847;0;0;56;54;51.0
14328	0
14328	
13871;0;0;56;54;63.0
14352	0
14352	
13895;0;0;56;54;63.0
14376	0
14376	
13919;0;0;56;54;51.0
14403	0
14403	
13943;0;0;56;54;51.0
14427	0
14427	
13967;0;0;56;54;52.0
14451	0
14451	
13991;0;0;56;54;52.0
14484	0
14484	
14018;0;0;56;54;51.0
14503	0
14503	
14044;0;0;56;54;50.0
14526	0
14526	
14069;0;0;56;54;50.0
14550	0
14550	
14093;0;0;56;54;50.0
14575	0
14575	
14117;0;0;56;54;50.0
14599	0
14599	
14141;0;0;56;54;50.0
14625	0
14625	
14165;0;0;56;54;50.0
14649	0
14649	
14191;0;0;56;54;50.0
14674	0
14674	
14217;0;0;56;54;52.0
14706	0
14706	
14247;0;0;56;54;52.0
14729	0
14729	
14271;0;0;56;54;50.0
14753	0
14753	
14296;0;0;56;54;50.0
14780	0
14780	
14322;0;0;56;54;54.0
14805	0
14805	
14346;0;0;56;54;53.0
14828	0
14828	
14371;0;0;56;54;53.0
14855	0
14855	
14396;0;0;56;54;50.0
14879	0
14879	
14420;0;0;56;54;50.0
14913	0
14913	
14444;0;0;56;54;49.0
14933	0
14933	
14470;0;0;56;54;48.0
14953	0
14953	
14495;0;0;56;54;48.0
14977	0
14977	
14519;0;0;56;54;49.0
15001	0
15001	
14544;0;0;56;54;49.0
15028	0
15028	
14569;0;0;56;54;50.0
15051	0
15051	
14593;0;0;56;54;50.0
15076	0
15076	
14620;0;0;56;54;48.0
15112	0
15112	
14644;0;0;56;54;40.0
15133	0
15133	
14668;0;0;56;54;40.0
15150	0
15150	
14692;0;0;56;54;42.0
15174	0
15174	
14716;0;0;56;54;42.0
15200	0
15200	
14740;0;0;56;54;53.0
15224	0
15224	
14765;0;0;56;54;53.0
15249	0
15249	
14792;0;0;56;54;50.0
15273	0
15273	
14816;0;0;56;54;53.0
15297	0
15297	
14840;0;0;56;54;53.0
15334	0
15334	
14874;0;0;56;54;50.0
15358	0
15358	
14901;0;0;56;54;50.0
15383	0
15383	
14926;0;0;56;54;53.0
15407	0
15407	
14950;0;0;56;54;50.0
15431	0
15431	
14974;0;0;56;54;50.0
15455	0
15455	
14998;0;0;56;54;50.0
15482	0
15482	
15022;0;0;56;54;50.0
15507	0
15507	
15046;0;0;56;54;53.0
15534	0
15534	
15070;0;0;56;54;53.0
15558	0
15558	
15099;0;0;56;54;50.0
15580	0
15580	
15123;0;0;56;54;50.0
15604	0
15604	
15147;0;0;56;54;50.0
15628	0
15628	
15171;0;0;56;54;54.0
15652	0
15652	
15195;0;0;56;54;54.0
15679	0
15679	
15219;0;0;56;54;51.0
15703	0
15703	
15243;0;0;56;54;51.0
15727	0
15727	
15267;0;0;56;54;49.0
15760	0
15760	
15301;0;0;56;54;48.0
15782	0
15782	
15325;0;0;56;54;48.0
15806	0
15806	
15349;0;0;56;54;50.0
15830	0
15830	
15373;0;0;56;54;50.0
15855	0
15855	
15397;0;0;56;54;39.0
15881	0
15881	
15421;0;0;56;54;39.0
15905	0
15905	
15445;0;0;56;54;51.0
15929	0
15929	
15470;0;0;56;54;51.0
15961	0
15961	
15497;0;0;56;54;53.0
15981	0
15981	
15521;0;0;56;54;50.0
16002	0
16002	
15545;0;0;56;54;45.0
16027	0
16027	
15570;0;0;56;54;46.0
16055	0
16055	
15594;0;0;56;54;50.0
16078	0
16078	
15618;0;0;56;54;50.0
16102	0
16102	
15642;0;0;56;54;50.0
16126	0
16126	
15667;0;0;56;54;50.0
16152	0
16152	
15695;0;0;56;54;62.0
16181	0
16181	
15724;0;0;56;54;46.0
16205	0
16205	
15748;0;0;56;54;46.0
16230	0
16230	
15772;0;0;56;54;50.0
16254	0
16254	
15796;0;0;56;54;39.0
16280	0
16280	
15820;0;0;56;54;51.0
16304	0
16304	
15845;0;0;56;54;50.0
16329	0
16329	
15872;0;0;56;54;67.0
16353	0
16353	
15896;0;0;56;54;51.0
16389	0
16389	
15920;0;0;56;54;51.0
16408	0
16408	
15944;0;0;56;54;50.0
16429	0
16429	
15969;0;0;56;54;50.0
16453	0
16453	
15993;0;0;56;54;52.0
16477	0
16477	
16018;0;0;56;54;52.0
16502	0
16502	
16045;0;0;56;54;51.0
16526	0
16526	
16069;0;0;56;54;49.0
16550	0
16550	
16093;0;0;56;54;49.0
16586	0
16586	
16117;0;0;56;54;53.0
16605	0
16605	
16141;0;0;56;54;53.0
16625	0
16625	
16165;0;0;56;54;53.0
16649	0
16649	
16189;0;0;56;54;53.0
16673	0
16673	
16215;0;0;56;54;39.0
16698	0
16698	
16241;0;0;56;54;49.0
16722	0
16722	
16265;0;0;56;54;49.0
16746	0
16746	
16289;0;0;56;54;50.0
16771	0
16771	
16313;0;0;56;54;50.0
16803	0
16803	
16344;0;0;56;54;49.0
16828	0
16828	
16371;0;0;56;54;50.0
16852	0
16852	
16395;0;0;56;54;46.0
16876	0
16876	
16419;0;0;56;54;46.0
16900	0
16900	
16443;0;0;56;54;62.0
16927	0
16927	
16467;0;0;56;54;62.0
16951	0
16951	
16491;0;0;56;54;51.0
16975	0
16975	
16515;0;0;56;54;51.0
17008	0
17008	
16542;0;0;56;54;50.0
17027	0
17027	
16567;0;0;56;54;39.0
17049	0
17049	
16592;0;0;56;54;39.0
17073	0
17073	
16616;0;0;56;54;49.0
17100	0
17100	
16640;0;0;56;54;49.0
17124	0
17124	
16664;0;0;56;54;50.0
17148	0
17148	
16688;0;0;56;54;50.0
17173	0
17173	
16716;0;0;56;54;42.0
17197	0
17197	
16740;0;0;56;54;48.0
17229	0
17229	
16770;0;0;56;54;48.0
17252	0
17252	
16794;0;0;56;54;50.0
17276	0
17276	
16819;0;0;56;54;50.0
17303	0
17303	
16845;0;0;56;54;39.0
17327	0
17327	
16869;0;0;56;54;65.0
17351	0
17351	
16894;0;0;56;54;65.0
17378	0
17378	
16919;0;0;56;54;40.0
17402	0
17402	
16944;0;0;56;54;40.0
17433	0
17433	
16970;0;0;56;54;62.0
17456	0
17456	
16995;0;0;56;54;49.0
17477	0
17477	
17019;0;0;56;54;49.0
17501	0
17501	
17044;0;0;56;54;50.0
17528	0
17528	
17069;0;0;56;54;50.0
17551	0
17551	
17093;0;0;56;54;53.0
17575	0
17575	
17117;0;0;56;54;53.0
17601	0
17601	
17143;0;0;56;54;51.0
17626	0
17626	
17167;0;0;56;54;49.0
17659	0
17659	
17191;0;0;56;54;49.0
17677	0
17677	
17216;0;0;56;54;50.0
17698	0
17698	
17241;0;0;56;54;50.0
17722	0
17722	
17265;0;0;56;54;49.0
17747	0
17747	
17289;0;0;56;54;49.0
17771	0
17771	
17313;0;0;56;54;50.0
17797	0
17797	
17337;0;0;56;54;50.0
17821	0
17821	
17363;0;0;56;54;48.0
17846	0
17846	
17389;0;0;56;54;48.0
17883	0
17883	
17419;0;0;56;54;48.0
17902	0
17902	
17444;0;0;56;54;59.0
17928	0
17928	
17469;0;0;56;54;59.0
17953	0
17953	
17495;0;0;56;54;50.0
17977	0
17977	
17520;0;0;56;54;50.0
18002	0
18002	
17545;0;0;56;54;50.0
18026	0
18026	
17569;0;0;56;54;52.0
18052	0
18052	
17593;0;0;56;54;52.0
18077	0
18077	
17617;0;0;56;54;50.0
18110	0
18110	
17653;0;0;56;54;61.0
18134	0
18134	
17677;0;0;56;54;61.0
18158	0
18158	
17701;0;0;56;54;57.0
18183	0
18183	
17725;0;0;56;54;57.0
18207	0
18207	
17749;0;0;56;54;53.0
18233	0
18233	
17773;0;0;56;54;53.0
18257	0
18257	
17799;0;0;56;54;50.0
18282	0
18282	
17825;0;0;56;54;37.0
18318	0
18318	
17849;0;0;56;54;37.0
18337	0
18337	
17874;0;0;56;54;46.0
18355	0
18355	
17898;0;0;56;54;51.0
18380	0
18380	
17922;0;0;56;54;67.0
18406	0
18406	
17946;0;0;56;54;53.0
18430	0
18430	
17970;0;0;56;54;40.0
18454	0
18454	
17995;0;0;56;54;51.0
18479	0
18479	
18022;0;0;56;54;51.0
18503	0
18503	
18046;0;0;56;54;52.0
18539	0
18539	
18074;0;0;56;54;53.0
18558	0
18558	
18098;0;0;56;54;53.0
18582	0
18582	
18122;0;0;56;54;51.0
18606	0
18606	
18146;0;0;56;54;51.0
18630	0
18630	
18173;0;0;56;54;50.0
18655	0
18655	
18198;0;0;56;54;50.0
18679	0
18679	
18222;0;0;56;54;50.0
18704	0
18704	
18247;0;0;56;54;52.0
18737	0
18737	
18271;0;0;56;54;52.0
18758	0
18758	
18296;0;0;56;54;52.0
18780	0
18780	
18321;0;0;56;54;52.0
18805	0
18805	
18348;0;0;56;54;53.0
18829	0
18829	
18372;0;0;56;54;50.0
18853	0
