milliseconds	Werte
462	0
462	
6;0;0;55;53;0.0
487	0
487	
30;0;0;55;53;43.0
513	0
513	
54;0;0;55;53;43.0
538	0
538	
78;0;0;55;53;37.0
562	0
562	
102;0;0;55;53;39.0
586	0
586	
129;0;0;55;53;46.0
611	0
611	
154;0;0;55;53;39.0
647	0
647	
183;0;0;55;53;51.0
667	0
667	
207;0;0;55;53;58.0
691	0
691	
231;0;0;55;53;47.0
715	0
715	
258;0;0;55;53;49.0
740	0
740	
283;0;0;55;53;47.0
764	0
764	
307;0;0;55;53;46.0
788	0
788	
331;0;0;55;53;46.0
815	0
815	
355;0;0;55;53;37.0
848	0
848	
379;0;0;55;53;46.0
868	0
868	
403;0;0;55;53;51.0
887	0
887	
427;0;0;55;53;51.0
911	0
911	
452;0;0;55;53;54.0
937	0
937	
480;0;0;55;53;45.0
961	0
961	
504;0;0;55;53;37.0
985	0
985	
528;0;0;55;53;46.0
1009	0
1009	
552;0;0;55;53;46.0
1036	0
1036	
576;0;0;55;53;45.0
1070	0
1070	
611;0;0;55;53;47.0
1093	0
1093	
636;0;0;55;53;47.0
1117	0
1117	
660;0;0;55;53;43.0
1141	0
1141	
684;0;0;55;53;45.0
1166	0
1166	
708;0;0;55;53;43.0
1190	0
1190	
732;0;0;55;53;46.0
1216	0
1216	
756;0;0;55;53;42.0
1240	0
1240	
781;0;0;55;53;43.0
1265	0
1265	
808;0;0;55;53;47.0
1302	0
1302	
832;0;0;55;53;48.0
1318	0
1318	
857;0;0;55;53;43.0
1339	0
1339	
882;0;0;55;53;43.0
1363	0
1363	
906;0;0;55;53;39.0
1390	0
1390	
930;0;0;55;53;50.0
1414	0
1414	
954;0;0;55;53;43.0
1438	0
1438	
978;0;0;55;53;46.0
1462	0
1462	
1005;0;0;55;53;45.0
1487	0
1487	
1030;0;0;55;53;51.0
1523	0
1523	
1059;0;0;55;53;43.0
1544	0
1544	
1084;0;0;55;53;50.0
1568	0
1568	
1108;0;0;55;53;43.0
1592	0
1592	
1135;0;0;55;53;45.0
1617	0
1617	
1160;0;0;55;53;50.0
1641	0
1641	
1184;0;0;55;53;46.0
1665	0
1665	
1208;0;0;55;53;39.0
1689	0
1689	
1232;0;0;55;53;47.0
1722	0
1722	
1256;0;0;55;53;37.0
1745	0
1745	
1281;0;0;55;53;39.0
1765	0
1765	
1306;0;0;55;53;46.0
1790	0
1790	
1333;0;0;55;53;51.0
1814	0
1814	
1357;0;0;55;53;46.0
1838	0
1838	
1381;0;0;55;53;54.0
1862	0
1862	
1405;0;0;55;53;51.0
1887	0
1887	
1429;0;0;55;53;46.0
1914	0
1914	
1454;0;0;55;53;46.0
1945	0
1945	
1479;0;0;55;53;46.0
1967	0
1967	
1507;0;0;55;53;50.0
1988	0
1988	
1531;0;0;55;53;46.0
2012	0
2012	
1555;0;0;55;53;43.0
2036	0
2036	
1579;0;0;55;53;46.0
2063	0
2063	
1603;0;0;55;53;43.0
2087	0
2087	
1627;0;0;55;53;47.0
2111	0
2111	
1651;0;0;55;53;49.0
2135	0
2135	
1678;0;0;55;53;47.0
2172	0
2172	
1707;0;0;55;53;47.0
2189	0
2189	
1731;0;0;55;53;42.0
2215	0
2215	
1755;0;0;55;53;35.0
2239	0
2239	
1779;0;0;55;53;47.0
2263	0
2263	
1803;0;0;55;53;50.0
2287	0
2287	
1830;0;0;55;53;46.0
2312	0
2312	
1855;0;0;55;53;46.0
2336	0
2336	
1879;0;0;55;53;51.0
2360	0
2360	
1903;0;0;55;53;46.0
2391	0
2391	
1931;0;0;55;53;65.0
2415	0
2415	
1956;0;0;55;53;39.0
2440	0
2440	
1983;0;0;55;53;45.0
2464	0
2464	
2007;0;0;55;53;45.0
2488	0
2488	
2031;0;0;55;53;46.0
2512	0
2512	
2055;0;0;55;53;46.0
2539	0
2539	
2079;0;0;55;53;51.0
2563	0
2563	
2103;0;0;55;53;46.0
2587	0
2587	
2127;0;0;55;53;39.0
2620	0
2620	
2163;0;0;55;53;43.0
2644	0
2644	
2187;0;0;55;53;47.0
2668	0
2668	
2211;0;0;55;53;46.0
2693	0
2693	
2235;0;0;55;53;43.0
2719	0
2719	
2259;0;0;55;53;47.0
2743	0
2743	
2283;0;0;55;53;46.0
2767	0
2767	
2308;0;0;55;53;43.0
2792	0
2792	
2335;0;0;55;53;43.0
2821	0
2821	
2359;0;0;55;53;46.0
2845	0
2845	
2384;0;0;55;53;41.0
2865	0
2865	
2408;0;0;55;53;38.0
2889	0
2889	
2432;0;0;55;53;47.0
2916	0
2916	
2456;0;0;55;53;39.0
2940	0
2940	
2480;0;0;55;53;43.0
2964	0
2964	
2504;0;0;55;53;50.0
2988	0
2988	
2531;0;0;55;53;58.0
3013	0
3013	
2556;0;0;55;53;43.0
3054	0
3054	
2580;0;0;55;53;62.0
3065	0
3065	
2604;0;0;55;53;51.0
3085	0
3085	
2628;0;0;55;53;46.0
3113	0
3113	
2653;0;0;55;53;44.0
3137	0
3137	
2677;0;0;55;53;44.0
3161	0
3161	
2701;0;0;55;53;37.0
3185	0
3185	
2728;0;0;55;53;39.0
3210	0
3210	
2753;0;0;55;53;46.0
3235	0
3235	
2778;0;0;55;53;43.0
3271	0
3271	
2809;0;0;55;53;51.0
3293	0
3293	
2836;0;0;55;53;46.0
3318	0
3318	
2861;0;0;55;53;42.0
3342	0
3342	
2885;0;0;55;53;51.0
3367	0
3367	
2909;0;0;55;53;44.0
3393	0
3393	
2933;0;0;55;53;50.0
3417	0
3417	
2957;0;0;55;53;39.0
3441	0
3441	
2981;0;0;55;53;46.0
3465	0
3465	
3008;0;0;55;53;43.0
3495	0
3495	
3038;0;0;55;53;43.0
3519	0
3519	
3062;0;0;55;53;50.0
3543	0
3543	
3086;0;0;55;53;46.0
3568	0
3568	
3110;0;0;55;53;43.0
3594	0
3594	
3134;0;0;55;53;50.0
3619	0
3619	
3160;0;0;55;53;46.0
3644	0
3644	
3187;0;0;55;53;47.0
3668	0
3668	
3211;0;0;55;53;43.0
3703	0
3703	
3235;0;0;55;53;45.0
3722	0
3722	
3259;0;0;55;53;53.0
3741	0
3741	
3284;0;0;55;53;50.0
3766	0
3766	
3308;0;0;55;53;42.0
3792	0
3792	
3332;0;0;55;53;46.0
3816	0
3816	
3356;0;0;55;53;43.0
3840	0
3840	
3381;0;0;55;53;47.0
3865	0
3865	
3408;0;0;55;53;39.0
3889	0
3889	
3432;0;0;55;53;45.0
3925	0
3925	
3456;0;0;55;53;46.0
3944	0
3944	
3481;0;0;55;53;46.0
3963	0
3963	
3505;0;0;55;53;45.0
3989	0
3989	
3529;0;0;55;53;53.0
4013	0
4013	
3553;0;0;55;53;46.0
4037	0
4037	
3578;0;0;55;53;46.0
4062	0
4062	
3605;0;0;55;53;50.0
4086	0
4086	
3629;0;0;55;53;46.0
4110	0
4110	
3653;0;0;55;53;46.0
4147	0
4147	
3687;0;0;55;53;46.0
4171	0
4171	
3714;0;0;55;53;43.0
4195	0
4195	
3738;0;0;55;53;46.0
4219	0
4219	
3762;0;0;55;53;51.0
4243	0
4243	
3786;0;0;55;53;44.0
4270	0
4270	
3810;0;0;55;53;46.0
4294	0
4294	
3834;0;0;55;53;43.0
4318	0
4318	
3858;0;0;55;53;46.0
4342	0
4342	
3885;0;0;55;54;46.0
4370	0
4370	
3913;0;0;55;54;46.0
4394	0
4394	
3937;0;0;55;53;39.0
4418	0
4418	
3961;0;0;55;54;46.0
4442	0
4442	
3985;0;0;55;54;51.0
4469	0
4469	
4009;0;0;55;53;47.0
4493	0
4493	
4033;0;0;55;54;46.0
4517	0
4517	
4057;0;0;55;53;45.0
4541	0
4541	
4084;0;0;55;54;43.0
4571	0
4571	
4109;0;0;55;54;57.0
4593	0
4593	
4134;0;0;55;54;51.0
4616	0
4616	
4159;0;0;55;54;53.0
4640	0
4640	
4183;0;0;55;54;46.0
4667	0
4667	
4207;0;0;55;54;46.0
4691	0
4691	
4231;0;0;55;54;58.0
4715	0
4715	
4255;0;0;55;54;46.0
4739	0
4739	
4282;0;0;55;53;47.0
4764	0
4764	
4307;0;0;55;54;50.0
4800	0
4800	
4335;0;0;55;53;43.0
4819	0
4819	
4359;0;0;55;53;43.0
4843	0
4843	
4383;0;0;55;54;45.0
4867	0
4867	
4407;0;0;55;54;46.0
4891	0
4891	
4434;0;0;55;53;46.0
4916	0
4916	
4459;0;0;55;53;46.0
4940	0
4940	
4483;0;0;55;54;58.0
4964	0
4964	
4507;0;0;55;54;50.0
4998	0
4998	
4531;0;0;55;53;57.0
5019	0
5019	
4556;0;0;55;54;51.0
5040	0
5040	
4580;0;0;55;53;46.0
5064	0
5064	
4605;0;0;55;54;46.0
5089	0
5089	
4632;0;0;55;54;49.0
5113	0
5113	
4656;0;0;55;54;46.0
5137	0
5137	
4680;0;0;55;54;43.0
5164	0
5164	
4705;0;0;55;54;36.0
5189	0
5189	
4729;0;0;55;54;45.0
5222	0
5222	
4762;0;0;55;54;46.0
5244	0
5244	
4787;0;0;55;54;45.0
5268	0
5268	
4811;0;0;55;54;46.0
5292	0
5292	
4835;0;0;55;54;47.0
5317	0
5317	
4859;0;0;55;54;56.0
5344	0
5344	
4884;0;0;55;54;46.0
5368	0
5368	
4909;0;0;55;53;67.0
5393	0
5393	
4936;0;0;55;54;43.0
5417	0
5417	
4960;0;0;55;53;44.0
5454	0
5454	
4991;0;0;55;54;46.0
5476	0
5476	
5017;0;0;55;53;53.0
5501	0
5501	
5044;0;0;55;53;46.0
5525	0
5525	
5068;0;0;55;53;51.0
5549	0
5549	
5092;0;0;55;54;44.0
5573	0
5573	
5116;0;0;55;54;46.0
5600	0
5600	
5140;0;0;55;54;50.0
5624	0
5624	
5164;0;0;55;54;39.0
5655	0
5655	
5188;0;0;55;53;42.0
5676	0
5676	
5216;0;0;55;54;46.0
5698	0
5698	
5241;0;0;55;54;57.0
5722	0
5722	
5265;0;0;55;54;46.0
5746	0
5746	
5289;0;0;55;54;46.0
5773	0
5773	
5313;0;0;55;54;45.0
5797	0
5797	
5337;0;0;55;54;35.0
5821	0
5821	
5361;0;0;55;54;47.0
5845	0
5845	
5388;0;0;55;54;51.0
5882	0
5882	
5417;0;0;55;54;51.0
5898	0
5898	
5441;0;0;55;54;42.0
5925	0
5925	
5465;0;0;55;54;43.0
5949	0
5949	
5489;0;0;55;54;47.0
5973	0
5973	
5513;0;0;55;54;46.0
5997	0
5997	
5540;0;0;55;54;46.0
6022	0
6022	
5565;0;0;55;54;46.0
6047	0
6047	
5590;0;0;55;54;43.0
6082	0
6082	
5614;0;0;55;54;46.0
6102	0
6102	
5638;0;0;55;53;45.0
6122	0
6122	
5662;0;0;55;54;49.0
6146	0
6146	
5686;0;0;55;54;46.0
6170	0
6170	
5711;0;0;55;54;44.0
6195	0
6195	
5738;0;0;55;54;46.0
6219	0
6219	
5762;0;0;55;53;46.0
6243	0
6243	
5786;0;0;55;54;36.0
6267	0
6267	
5810;0;0;55;53;47.0
6304	0
6304	
5835;0;0;55;54;51.0
6323	0
6323	
5860;0;0;55;54;46.0
6344	0
6344	
5885;0;0;55;54;45.0
6369	0
6369	
5912;0;0;55;54;56.0
6393	0
6393	
5936;0;0;55;54;46.0
6417	0
6417	
5960;0;0;55;54;43.0
6442	0
6442	
5985;0;0;55;54;46.0
6469	0
6469	
6009;0;0;55;54;39.0
6493	0
6493	
6033;0;0;55;54;45.0
6526	0
6526	
6069;0;0;55;54;43.0
6551	0
6551	
6093;0;0;55;54;46.0
6574	0
6574	
6117;0;0;55;54;51.0
6598	0
6598	
6141;0;0;55;54;47.0
6623	0
6623	
6165;0;0;55;54;46.0
6649	0
6649	
6189;0;0;55;54;54.0
6673	0
6673	
6213;0;0;55;54;47.0
6697	0
6697	
6238;0;0;55;54;46.0
6727	0
6727	
6265;0;0;55;54;40.0
6749	0
6749	
6290;0;0;55;53;51.0
6771	0
6771	
6314;0;0;55;54;46.0
6796	0
6796	
6339;0;0;55;54;49.0
6821	0
6821	
6363;0;0;55;53;54.0
6847	0
6847	
6387;0;0;55;54;46.0
6871	0
6871	
6411;0;0;55;53;42.0
6895	0
6895	
6436;0;0;55;54;43.0
6921	0
6921	
6464;0;0;55;53;46.0
6962	0
6962	
6488;0;0;55;54;46.0
6973	0
6973	
6512;0;0;55;54;41.0
6993	0
6993	
6536;0;0;55;54;43.0
7017	0
7017	
6560;0;0;55;54;50.0
7044	0
7044	
6584;0;0;55;54;43.0
7068	0
7068	
6609;0;0;55;54;51.0
7093	0
7093	
6636;0;0;55;54;44.0
7118	0
7118	
6661;0;0;55;54;49.0
7142	0
7142	
6685;0;0;55;54;46.0
7174	0
7174	
6714;0;0;55;54;50.0
7198	0
7198	
6738;0;0;55;54;51.0
7222	0
7222	
6765;0;0;55;54;47.0
7247	0
7247	
6790;0;0;55;54;46.0
7271	0
7271	
6814;0;0;55;54;50.0
7295	0
7295	
6838;0;0;55;54;46.0
7322	0
7322	
6862;0;0;55;54;42.0
7346	0
7346	
6886;0;0;55;54;40.0
7375	0
7375	
6911;0;0;55;53;45.0
7399	0
7399	
6940;0;0;55;54;46.0
7421	0
7421	
6964;0;0;55;54;46.0
7445	0
7445	
6988;0;0;55;54;42.0
7469	0
7469	
7013;0;0;55;54;43.0
7497	0
7497	
7037;0;0;55;54;46.0
7522	0
7522	
7062;0;0;55;54;45.0
7546	0
7546	
7089;0;0;55;54;54.0
7571	0
7571	
7114;0;0;55;54;45.0
7607	0
7607	
7138;0;0;55;54;39.0
7625	0
7625	
7162;0;0;55;54;47.0
7643	0
7643	
7186;0;0;55;54;39.0
7670	0
7670	
7211;0;0;55;54;46.0
7695	0
7695	
7235;0;0;55;54;50.0
7719	0
7719	
7260;0;0;55;54;44.0
7744	0
7744	
7287;0;0;55;54;46.0
7770	0
7770	
7314;0;0;55;54;47.0
7795	0
7795	
7338;0;0;55;54;46.0
7823	0
7823	
7365;0;0;55;54;58.0
7849	0
7849	
7390;0;0;55;54;51.0
7875	0
7875	
7416;0;0;55;54;46.0
7898	0
7898	
7441;0;0;55;54;46.0
7923	0
7923	
7466;0;0;55;54;46.0
7947	0
7947	
7490;0;0;55;54;50.0
7972	0
7972	
7514;0;0;55;54;46.0
7999	0
7999	
7539;0;0;55;54;43.0
8029	0
8029	
7564;0;0;55;54;51.0
8050	0
8050	
7592;0;0;55;54;58.0
8073	0
8073	
7616;0;0;55;54;49.0
8097	0
8097	
7640;0;0;55;53;42.0
8121	0
8121	
7664;0;0;55;53;35.0
8146	0
8146	
7688;0;0;55;54;45.0
8172	0
8172	
7713;0;0;55;53;51.0
8197	0
8197	
7738;0;0;55;54;43.0
8222	0
8222	
7765;0;0;55;54;28.0
8258	0
8258	
7796;0;0;55;54;46.0
8280	0
8280	
7820;0;0;55;54;46.0
8304	0
8304	
7844;0;0;55;54;49.0
8328	0
8328	
7871;0;0;55;54;51.0
8353	0
8353	
7896;0;0;55;54;50.0
8377	0
8377	
7920;0;0;55;54;34.0
8401	0
8401	
7944;0;0;55;54;51.0
8426	0
8426	
7968;0;0;55;54;46.0
8457	0
8457	
7992;0;0;55;54;46.0
8481	0
8481	
8018;0;0;55;54;46.0
8503	0
8503	
8046;0;0;55;54;46.0
8527	0
8527	
8070;0;0;55;54;50.0
8552	0
8552	
8094;0;0;55;54;51.0
8575	0
8575	
8118;0;0;55;53;47.0
8602	0
8602	
8142;0;0;55;54;39.0
8626	0
8626	
8166;0;0;55;54;44.0
8650	0
8650	
8190;0;0;55;54;45.0
8681	0
8681	
8217;0;0;55;54;48.0
8702	0
8702	
8242;0;0;55;53;39.0
8724	0
8724	
8267;0;0;55;54;40.0
8748	0
8748	
8291;0;0;55;54;43.0
8775	0
8775	
8316;0;0;55;54;46.0
8800	0
8800	
8340;0;0;55;53;57.0
8824	0
8824	
8365;0;0;55;54;51.0
8849	0
8849	
8392;0;0;55;54;39.0
8873	0
8873	
8417;0;0;55;54;47.0
8901	0
8901	
8444;0;0;55;54;46.0
8926	0
8926	
8468;0;0;55;54;58.0
8952	0
8952	
8492;0;0;55;54;47.0
8976	0
8976	
8517;0;0;55;54;39.0
9001	0
9001	
8544;0;0;55;54;46.0
9025	0
9025	
8568;0;0;55;54;47.0
9049	0
9049	
8592;0;0;55;54;62.0
9075	0
9075	
8617;0;0;55;54;50.0
9107	0
9107	
8641;0;0;55;54;38.0
9129	0
9129	
8666;0;0;55;54;46.0
9150	0
9150	
8691;0;0;55;54;50.0
9175	0
9175	
8718;0;0;55;54;46.0
9199	0
9199	
8742;0;0;55;54;50.0
9223	0
9223	
8766;0;0;55;54;47.0
9248	0
9248	
8790;0;0;55;53;43.0
9274	0
9274	
8815;0;0;55;54;46.0
9299	0
9299	
8840;0;0;55;54;46.0
9333	0
9333	
8872;0;0;55;54;39.0
9354	0
9354	
8897;0;0;55;54;46.0
9379	0
9379	
8921;0;0;55;54;49.0
9403	0
9403	
8945;0;0;55;54;51.0
9427	0
9427	
8969;0;0;55;54;97.0
9451	0
9451	
8994;0;0;55;54;51.0
9478	0
9478	
9020;0;0;55;54;62.0
9502	0
9502	
9044;0;0;55;54;54.0
9535	0
9535	
9070;0;0;55;54;46.0
9558	0
9558	
9097;0;0;55;54;46.0
9579	0
9579	
9121;0;0;55;54;31.0
9603	0
9603	
9146;0;0;55;54;48.0
9630	0
9630	
9171;0;0;55;54;42.0
9653	0
9653	
9195;0;0;55;54;50.0
9677	0
9677	
9219;0;0;55;54;46.0
9701	0
9701	
9244;0;0;55;54;54.0
9728	0
9728	
9269;0;0;55;54;39.0
9760	0
9760	
9293;0;0;55;54;46.0
9782	0
9782	
9319;0;0;55;54;47.0
9803	0
9803	
9345;0;0;55;54;90.0
9827	0
9827	
9369;0;0;55;54;42.0
9851	0
9851	
9393;0;0;55;54;46.0
9877	0
9877	
9419;0;0;55;54;36.0
9902	0
9902	
9443;0;0;55;54;51.0
9925	0
9925	
9467;0;0;55;54;46.0
9949	0
9949	
9492;0;0;55;54;44.0
9986	0
9986	
9529;0;0;55;54;47.0
10010	0
10010	
9553;0;0;55;54;39.0
10035	0
10035	
9577;0;0;55;54;62.0
10059	0
10059	
9601;0;0;55;53;47.0
10083	0
10083	
9625;0;0;55;54;62.0
10109	0
10109	
9650;0;0;55;54;43.0
10134	0
10134	
9675;0;0;55;54;46.0
10157	0
10157	
9700;0;0;55;54;46.0
10194	0
10194	
9725;0;0;55;54;90.0
10213	0
10213	
9750;0;0;55;54;38.0
10232	0
10232	
9774;0;0;55;54;48.0
10256	0
10256	
9798;0;0;55;54;46.0
10282	0
10282	
9822;0;0;55;54;43.0
10306	0
10306	
9847;0;0;55;54;47.0
10331	0
10331	
9874;0;0;55;54;43.0
10355	0
10355	
9898;0;0;55;54;46.0
10380	0
10380	
9923;0;0;55;54;50.0
10416	0
10416	
9952;0;0;55;54;43.0
10436	0
10436	
9976;0;0;55;54;46.0
10460	0
10460	
10001;0;0;55;54;43.0
10485	0
10485	
10028;0;0;55;54;43.0
10509	0
10509	
10052;0;0;55;54;62.0
10533	0
10533	
10076;0;0;55;54;47.0
10557	0
10557	
10100;0;0;55;54;58.0
10584	0
10584	
10124;0;0;55;54;51.0
10614	0
10614	
10149;0;0;55;54;45.0
10637	0
10637	
10178;0;0;55;54;46.0
10659	0
10659	
10202;0;0;55;54;46.0
10683	0
10683	
10226;0;0;55;54;58.0
10707	0
10707	
10250;0;0;55;54;36.0
10734	0
10734	
10274;0;0;55;54;46.0
10758	0
10758	
10298;0;0;55;54;42.0
10782	0
10782	
10322;0;0;55;53;47.0
10806	0
10806	
10349;0;0;55;54;50.0
10843	0
10843	
10379;0;0;55;54;51.0
10863	0
10863	
10403;0;0;55;54;49.0
10887	0
10887	
10427;0;0;55;54;43.0
10912	0
10912	
10451;0;0;55;54;49.0
10935	0
10935	
10478;0;0;55;54;51.0
10960	0
10960	
10503;0;0;55;54;43.0
10985	0
10985	
10528;0;0;55;54;36.0
11009	0
11009	
10552;0;0;55;54;39.0
11045	0
11045	
10576;0;0;55;54;58.0
11064	0
11064	
10601;0;0;55;54;46.0
11085	0
11085	
10626;0;0;55;54;39.0
11110	0
11110	
10653;0;0;55;54;43.0
11134	0
11134	
10677;0;0;55;54;45.0
11158	0
11158	
10701;0;0;55;54;46.0
11182	0
11182	
10725;0;0;55;54;44.0
11209	0
11209	
10749;0;0;55;54;53.0
11239	0
11239	
10774;0;0;55;54;44.0
11261	0
11261	
10803;0;0;55;54;47.0
11284	0
11284	
10827;0;0;55;54;61.0
11308	0
11308	
10851;0;0;55;54;51.0
11332	0
11332	
10875;0;0;55;54;45.0
11359	0
11359	
10899;0;0;55;54;42.0
11383	0
11383	
10923;0;0;55;54;49.0
11407	0
11407	
10947;0;0;55;54;47.0
11431	0
11431	
10974;0;0;55;54;43.0
11468	0
11468	
10999;0;0;55;54;43.0
11485	0
11485	
11024;0;0;55;54;35.0
11506	0
11506	
11049;0;0;55;54;43.0
11530	0
11530	
11073;0;0;55;54;46.0
11557	0
11557	
11097;0;0;55;54;63.0
11581	0
11581	
11122;0;0;55;54;46.0
11606	0
11606	
11149;0;0;55;54;46.0
11632	0
11632	
11175;0;0;55;54;46.0
11668	0
11668	
11199;0;0;55;54;47.0
11686	0
11686	
11224;0;0;55;54;46.0
11705	0
11705	
11248;0;0;55;54;39.0
11733	0
11733	
11272;0;0;55;54;47.0
11756	0
11756	
11296;0;0;55;54;46.0
11780	0
11780	
11321;0;0;55;54;46.0
11805	0
11805	
11348;0;0;55;54;35.0
11829	0
11829	
11372;0;0;55;54;46.0
11854	0
11854	
11397;0;0;55;54;39.0
11886	0
11886	
11426;0;0;55;54;46.0
11910	0
11910	
11451;0;0;55;54;43.0
11935	0
11935	
11478;0;0;55;54;46.0
11959	0
11959	
11502;0;0;55;53;49.0
11983	0
11983	
11526;0;0;55;54;43.0
12007	0
12007	
11550;0;0;55;54;46.0
12034	0
12034	
11574;0;0;55;54;57.0
12058	0
12058	
11598;0;0;55;54;47.0
12088	0
12088	
11623;0;0;55;54;45.0
12112	0
12112	
11651;0;0;55;54;43.0
12133	0
12133	
11676;0;0;55;54;46.0
12157	0
12157	
11700;0;0;55;54;37.0
12184	0
12184	
11725;0;0;55;54;58.0
12209	0
12209	
11749;0;0;55;54;46.0
12233	0
12233	
11773;0;0;55;54;37.0
12257	0
12257	
11800;0;0;55;54;46.0
12287	0
12287	
11825;0;0;55;54;77.0
12310	0
12310	
11850;0;0;55;54;51.0
12331	0
12331	
11874;0;0;55;54;28.0
12356	0
12356	
11899;0;0;55;54;58.0
12383	0
12383	
11924;0;0;55;54;46.0
12408	0
12408	
11948;0;0;55;54;44.0
12432	0
12432	
11975;0;0;55;54;65.0
12457	0
12457	
12000;0;0;55;54;46.0
12482	0
12482	
12025;0;0;55;54;45.0
12518	0
12518	
12056;0;0;55;54;47.0
12540	0
12540	
12083;0;0;55;54;52.0
12565	0
12565	
12108;0;0;55;54;46.0
12589	0
12589	
12132;0;0;55;54;46.0
12613	0
12613	
12156;0;0;55;54;43.0
12638	0
12638	
12180;0;0;55;54;46.0
12664	0
12664	
12204;0;0;55;54;47.0
12688	0
12688	
12228;0;0;55;54;46.0
12719	0
12719	
12253;0;0;55;54;47.0
12739	0
12739	
12280;0;0;55;54;46.0
12761	0
12761	
12304;0;0;55;54;46.0
12785	0
12785	
12328;0;0;55;54;43.0
12809	0
12809	
12352;0;0;55;54;42.0
12836	0
12836	
12376;0;0;55;54;51.0
12860	0
12860	
12400;0;0;55;54;46.0
12884	0
12884	
12425;0;0;55;54;46.0
12910	0
12910	
12452;0;0;55;54;43.0
12945	0
12945	
12476;0;0;55;54;46.0
12964	0
12964	
12500;0;0;55;54;39.0
12982	0
12982	
12525;0;0;55;54;46.0
13007	0
13007	
12549;0;0;55;54;51.0
13033	0
13033	
12573;0;0;55;54;46.0
13057	0
13057	
12597;0;0;55;54;54.0
13081	0
13081	
12623;0;0;55;54;57.0
13106	0
13106	
12649;0;0;55;54;46.0
13130	0
13130	
12673;0;0;55;54;58.0
13166	0
13166	
12697;0;0;55;54;46.0
13185	0
13185	
12721;0;0;55;54;43.0
13203	0
13203	
12745;0;0;55;54;37.0
13229	0
13229	
12769;0;0;55;54;46.0
13253	0
13253	
12793;0;0;55;54;46.0
13277	0
13277	
12818;0;0;55;54;63.0
13302	0
13302	
12845;0;0;55;54;38.0
13326	0
13326	
12869;0;0;55;54;46.0
13350	0
13350	
12893;0;0;55;54;38.0
13382	0
13382	
12921;0;0;55;54;39.0
13405	0
13405	
12946;0;0;55;54;46.0
13430	0
13430	
12973;0;0;55;54;39.0
13454	0
13454	
12997;0;0;55;54;51.0
13478	0
13478	
13021;0;0;55;54;38.0
13502	0
13502	
13045;0;0;55;54;50.0
13527	0
13527	
13069;0;0;55;54;53.0
13553	0
13553	
13093;0;0;55;54;41.0
13583	0
13583	
13117;0;0;55;54;50.0
13605	0
13605	
13145;0;0;55;54;51.0
13627	0
13627	
13170;0;0;55;54;46.0
13651	0
13651	
13194;0;0;55;54;46.0
13679	0
13679	
13219;0;0;55;54;46.0
13703	0
13703	
13243;0;0;55;54;51.0
13727	0
13727	
13267;0;0;55;54;46.0
13751	0
13751	
13292;0;0;55;54;46.0
13776	0
13776	
13319;0;0;55;54;46.0
13814	0
13814	
13345;0;0;55;54;46.0
13832	0
13832	
13369;0;0;55;54;45.0
13850	0
13850	
13393;0;0;55;54;46.0
13875	0
13875	
13417;0;0;55;54;46.0
13901	0
13901	
13441;0;0;55;54;46.0
13925	0
13925	
13465;0;0;55;54;47.0
13949	0
13949	
13490;0;0;55;54;47.0
13974	0
13974	
13517;0;0;55;54;46.0
13998	0
13998	
13541;0;0;55;54;46.0
14034	0
14034	
13569;0;0;55;54;51.0
14054	0
14054	
13594;0;0;55;54;46.0
14079	0
14079	
13618;0;0;55;54;46.0
14102	0
14102	
13642;0;0;55;54;47.0
14126	0
14126	
13669;0;0;55;54;46.0
14151	0
14151	
13694;0;0;55;54;43.0
14175	0
14175	
13718;0;0;55;54;43.0
14199	0
14199	
13742;0;0;55;54;46.0
14223	0
14223	
13766;0;0;55;54;43.0
14253	0
14253	
13794;0;0;55;54;58.0
14278	0
14278	
13821;0;0;55;54;47.0
14303	0
14303	
13846;0;0;55;54;39.0
14327	0
14327	
13870;0;0;55;54;45.0
14351	0
14351	
13894;0;0;55;54;47.0
14376	0
14376	
13918;0;0;55;54;46.0
14402	0
14402	
13942;0;0;55;54;56.0
14426	0
14426	
13966;0;0;55;54;43.0
14455	0
14455	
13991;0;0;55;54;39.0
14477	0
14477	
14018;0;0;55;54;51.0
14499	0
14499	
14042;0;0;55;54;45.0
14523	0
14523	
14066;0;0;55;54;41.0
14547	0
14547	
14090;0;0;55;54;45.0
14574	0
14574	
14114;0;0;55;54;39.0
14598	0
14598	
14138;0;0;55;54;38.0
14622	0
14622	
14162;0;0;55;54;49.0
14646	0
14646	
14189;0;0;55;54;62.0
14683	0
14683	
14218;0;0;55;54;46.0
14699	0
14699	
14242;0;0;55;54;58.0
14726	0
14726	
14266;0;0;55;54;51.0
14750	0
14750	
14290;0;0;55;54;46.0
14774	0
14774	
14314;0;0;55;54;46.0
14798	0
14798	
14341;0;0;55;54;42.0
14823	0
14823	
14366;0;0;55;54;50.0
14847	0
14847	
14390;0;0;55;54;46.0
14881	0
14881	
14415;0;0;55;54;46.0
14905	0
14905	
14441;0;0;55;54;46.0
14925	0
14925	
14465;0;0;55;54;46.0
14949	0
14949	
14490;0;0;55;54;46.0
14974	0
14974	
14517;0;0;55;54;43.0
14998	0
14998	
14541;0;0;55;54;51.0
15023	0
15023	
14566;0;0;55;54;47.0
15047	0
15047	
14590;0;0;55;54;46.0
15074	0
15074	
14614;0;0;55;54;46.0
15106	0
15106	
14639;0;0;55;54;43.0
15126	0
15126	
14667;0;0;55;54;46.0
15149	0
15149	
14692;0;0;55;54;46.0
15173	0
15173	
14716;0;0;55;54;41.0
15197	0
15197	
14740;0;0;55;54;46.0
15224	0
15224	
14764;0;0;55;54;47.0
15248	0
15248	
14788;0;0;55;54;62.0
15272	0
15272	
14812;0;0;55;54;42.0
15299	0
15299	
14839;0;0;55;54;55.0
15324	0
15324	
14866;0;0;55;54;42.0
15347	0
15347	
14890;0;0;55;54;51.0
15371	0
15371	
14914;0;0;55;54;46.0
15398	0
15398	
14939;0;0;55;54;46.0
15423	0
15423	
14963;0;0;55;54;43.0
15447	0
15447	
14988;0;0;55;54;46.0
15472	0
15472	
15015;0;0;55;54;45.0
15497	0
15497	
15040;0;0;55;54;49.0
15533	0
15533	
15064;0;0;55;54;39.0
15552	0
15552	
15089;0;0;55;54;45.0
15571	0
15571	
15113;0;0;55;54;41.0
15597	0
15597	
15138;0;0;55;54;46.0
15622	0
15622	
15163;0;0;55;54;43.0
15647	0
15647	
15190;0;0;55;54;39.0
15671	0
15671	
15214;0;0;55;54;43.0
15695	0
15695	
15239;0;0;55;54;43.0
15720	0
15720	
15263;0;0;55;54;56.0
15754	0
15754	
15295;0;0;55;54;39.0
15779	0
15779	
15322;0;0;55;54;47.0
15803	0
15803	
15346;0;0;55;54;46.0
15827	0
15827	
15370;0;0;55;54;50.0
15851	0
15851	
15394;0;0;55;54;58.0
15878	0
15878	
15418;0;0;55;54;47.0
15902	0
15902	
15443;0;0;55;54;43.0
15927	0
15927	
15470;0;0;55;54;46.0
15956	0
15956	
15495;0;0;55;54;39.0
15981	0
15981	
15520;0;0;55;54;50.0
16002	0
16002	
15545;0;0;55;54;46.0
16026	0
16026	
15569;0;0;55;54;39.0
16051	0
16051	
15593;0;0;55;54;42.0
16078	0
16078	
15617;0;0;55;54;50.0
16101	0
16101	
15642;0;0;55;54;46.0
16126	0
16126	
15669;0;0;55;54;51.0
16150	0
16150	
15693;0;0;55;54;46.0
16186	0
16186	
15721;0;0;55;54;39.0
16205	0
16205	
15746;0;0;55;54;47.0
16230	0
16230	
15770;0;0;55;54;46.0
16254	0
16254	
15794;0;0;55;54;47.0
16278	0
16278	
15821;0;0;55;54;46.0
16303	0
16303	
15846;0;0;55;54;46.0
16327	0
16327	
15870;0;0;55;54;46.0
16351	0
16351	
15894;0;0;55;54;39.0
16385	0
16385	
15918;0;0;55;54;46.0
16406	0
16406	
15944;0;0;55;54;43.0
16428	0
16428	
15969;0;0;55;54;51.0
16453	0
16453	
15996;0;0;55;54;46.0
16478	0
16478	
16021;0;0;55;54;54.0
16502	0
16502	
16046;0;0;55;54;49.0
16530	0
16530	
16070;0;0;55;54;47.0
16554	0
16554	
16094;0;0;55;54;39.0
16578	0
16578	
16118;0;0;55;54;46.0
16611	0
16611	
16154;0;0;55;54;43.0
16636	0
16636	
16179;0;0;55;54;46.0
16660	0
16660	
16203;0;0;55;54;45.0
16685	0
16685	
16227;0;0;55;54;51.0
16711	0
16711	
16251;0;0;55;54;42.0
16735	0
16735	
16275;0;0;55;54;49.0
16759	0
16759	
16300;0;0;55;54;58.0
16784	0
16784	
16327;0;0;55;54;37.0
16821	0
16821	
16356;0;0;55;54;50.0
16841	0
16841	
16381;0;0;55;54;51.0
16865	0
16865	
16405;0;0;55;54;33.0
16889	0
16889	
16429;0;0;55;54;35.0
16913	0
16913	
16456;0;0;55;54;50.0
16938	0
16938	
16481;0;0;55;54;46.0
16963	0
16963	
16506;0;0;55;54;51.0
16987	0
16987	
16530;0;0;55;54;43.0
17018	0
17018	
16554;0;0;55;54;45.0
17042	0
17042	
16580;0;0;55;54;50.0
17064	0
17064	
16607;0;0;55;54;46.0
17089	0
17089	
16632;0;0;55;54;51.0
17113	0
17113	
16656;0;0;55;54;50.0
17137	0
17137	
16680;0;0;55;54;39.0
17162	0
17162	
16704;0;0;55;54;51.0
17188	0
17188	
16728;0;0;55;54;43.0
17212	0
17212	
16752;0;0;55;54;50.0
17244	0
17244	
16777;0;0;55;54;46.0
17264	0
17264	
16805;0;0;55;54;40.0
17286	0
17286	
16829;0;0;55;54;46.0
17310	0
17310	
16853;0;0;55;54;47.0
17334	0
17334	
16877;0;0;55;54;46.0
17359	0
17359	
16901;0;0;55;54;50.0
17385	0
17385	
16925;0;0;55;54;47.0
17409	0
17409	
16949;0;0;55;54;50.0
17436	0
17436	
16974;0;0;55;54;46.0
17462	0
17462	
17003;0;0;55;54;47.0
17484	0
17484	
17027;0;0;55;54;51.0
17508	0
17508	
17051;0;0;55;54;42.0
17532	0
17532	
17075;0;0;55;54;46.0
17557	0
17557	
17099;0;0;55;54;46.0
17583	0
17583	
17123;0;0;55;54;47.0
17607	0
17607	
17147;0;0;55;54;46.0
17631	0
17631	
17172;0;0;55;54;42.0
17662	0
17662	
17199;0;0;55;54;46.0
17684	0
17684	
17224;0;0;55;54;43.0
17706	0
17706	
17249;0;0;55;54;47.0
17730	0
17730	
17273;0;0;55;54;45.0
17757	0
17757	
17297;0;0;55;54;46.0
17781	0
17781	
17321;0;0;55;54;45.0
17805	0
17805	
17346;0;0;55;54;53.0
17830	0
17830	
17373;0;0;55;54;45.0
17857	0
17857	
17397;0;0;55;54;46.0
17881	0
17881	
17421;0;0;55;54;46.0
17903	0
17903	
17446;0;0;55;54;42.0
17927	0
17927	
17470;0;0;55;54;43.0
17955	0
17955	
17495;0;0;55;54;51.0
17979	0
17979	
17519;0;0;55;54;58.0
18003	0
18003	
17545;0;0;55;54;35.0
18028	0
18028	
17571;0;0;55;54;39.0
18052	0
18052	
17595;0;0;55;54;39.0
18089	0
18089	
17619;0;0;55;54;46.0
18108	0
18108	
17645;0;0;55;54;44.0
18129	0
18129	
17669;0;0;55;54;39.0
18153	0
18153	
17694;0;0;55;54;46.0
18178	0
18178	
17721;0;0;55;54;47.0
18202	0
18202	
17746;0;0;55;54;45.0
18227	0
18227	
17770;0;0;55;54;51.0
18251	0
18251	
17794;0;0;55;54;35.0
18278	0
18278	
17818;0;0;55;54;43.0
18311	0
18311	
17854;0;0;55;54;45.0
18336	0
18336	
17879;0;0;55;54;58.0
18360	0
18360	
17903;0;0;55;54;46.0
18384	0
18384	
17927;0;0;55;54;46.0
18409	0
18409	
17951;0;0;55;54;43.0
18435	0
18435	
17975;0;0;55;54;46.0
18459	0
18459	
17999;0;0;55;54;47.0
18483	0
18483	
18024;0;0;55;54;46.0
18515	0
18515	
18051;0;0;55;54;49.0
18536	0
18536	
18076;0;0;55;54;46.0
18557	0
18557	
18100;0;0;55;54;46.0
18581	0
18581	
18124;0;0;55;54;46.0
18608	0
18608	
18149;0;0;55;54;51.0
18633	0
18633	
18173;0;0;55;54;47.0
18657	0
18657	
18198;0;0;55;54;43.0
18682	0
18682	
18225;0;0;55;54;35.0
18711	0
18711	
18250;0;0;55;54;46.0
18734	0
18734	
18275;0;0;55;54;58.0
18756	0
18756	
18299;0;0;55;54;49.0
18781	0
18781	
18323;0;0;55;54;49.0
18807	0
18807	
18348;0;0;55;54;37.0
18832	0
18832	
18373;0;0;55;54;46.0
18857	0
18857	
18400;0;0;55;54;46.0
18881	0
18881	
18424;0;0;55;54;46.0
18906	0
18906	
18449;0;0;55;54;44.0
18942	0
18942	
18473;0;0;55;54;43.0
18961	0
18961	
18497;0;0;55;54;51.0
18981	0
18981	
18521;0;0;55;54;45.0
19005	0
19005	
18545;0;0;55;54;47.0
19029	0
19029	
18570;0;0;55;54;49.0
19054	0
19054	
18597;0;0;55;54;51.0
19078	0
19078	
18621;0;0;55;54;49.0
19102	0
19102	
18645;0;0;55;54;46.0
19126	0
19126	
18669;0;0;55;54;43.0
19160	0
19160	
18702;0;0;55;54;46.0
19186	0
19186	
18729;0;0;55;54;51.0
19210	0
19210	
18754;0;0;55;54;39.0
19235	0
19235	
18778;0;0;55;54;35.0
19263	0
19263	
18802;0;0;55;54;46.0
19286	0
19286	
18826;0;0;55;54;39.0
19310	0
19310	
18851;0;0;55;54;58.0
19335	0
19335	
18878;0;0;55;54;43.0
19366	0
19366	
18903;0;0;55;54;46.0
19388	0
19388	
18928;0;0;55;54;51.0
19411	0
19411	
18954;0;0;55;54;47.0
19435	0
19435	
18978;0;0;55;54;46.0
19462	0
19462	
19002;0;0;55;54;51.0
19486	0
19486	
19026;0;0;55;54;43.0
19510	0
19510	
19050;0;0;55;54;47.0
19534	0
19534	
19077;0;0;55;54;46.0
19559	0
19559	
19102;0;0;55;54;46.0
19586	0
19586	
19129;0;0;55;53;46.0
19611	0
19611	
19154;0;0;55;54;38.0
19636	0
19636	
19178;0;0;55;54;43.0
19660	0
19660	
19202;0;0;55;54;43.0
19686	0
19686	
19226;0;0;55;54;46.0
19710	0
19710	
19251;0;0;55;54;46.0
19735	0
19735	
19278;0;0;55;54;46.0
19760	0
19760	
19303;0;0;55;54;46.0
19796	0
19796	
19327;0;0;55;54;46.0
19815	0
19815	
19351;0;0;55;54;46.0
19833	0
19833	
19375;0;0;55;54;46.0
19859	0
19859	
19399;0;0;55;54;51.0
19884	0
19884	
19425;0;0;55;54;50.0
19909	0
19909	
19452;0;0;55;54;51.0
19933	0
19933	
19476;0;0;55;54;46.0
19957	0
19957	
19500;0;0;55;54;46.0
19981	0
19981	
19524;0;0;55;54;34.0
20015	0
20015	
19552;0;0;55;54;51.0
20036	0
20036	
19578;0;0;55;54;46.0
20061	0
