0.1271
0.1906
0.1906
0.1906
0.1857
0.2102
0.1906
0.1906
0.1906
0.1955
0.1906
0.1955
0.2102
0.1906
0.1906
0.1857
0.1906
0.1857
0.1906
0.1906
0.1906
0.1906
0.1906
0.1955
0.1906
0.1906
0.1955
0.1906
0.1906
0.1906
0.1906
0.1906
0.1906
0.1906
0.1906
0.1906
0.1906
0.1955
0.2004
0.2297
0.2395
0.1857
0.1955
0.1906
0.1857
0.1906
0.2102
0.1906
0.1906
0.1906
0.1955
0.1955
0.2004
0.2297
0.1760
0.1760
0.1906
0.1955
0.1906
0.2151
0.1906
0.1906
0.1857
0.1906
0.1906
0.1906
0.1955
0.1906
0.1613
0.1857
0.1906
0.1906
0.1906
0.1906
0.1906
0.1906
0.1906
0.1906
0.1906
0.1857
0.1906
0.1906
0.1906
0.1906
0.1906
0.1955
0.2102
0.1906
0.2004
0.1857
0.1906
0.1955
0.1955
0.1906
0.1906
0.1906
0.1906
0.1906
0.1955
0.1906
0.1906
0.1906
0.1906
0.1906
0.1906
0.1906
0.1955
0.2004
0.1906
0.1271
0.1857
0.1906
0.2102
0.1857
