0.1906
0.1906
0.1906
0.1857
0.1906
0.1711
0.1955
0.2004
0.2444
0.1711
0.1760
0.1711
0.1906
0.1711
0.1711
0.1955
0.1711
0.1711
0.1711
0.1711
0.1711
0.1808
0.1515
0.1564
0.1564
0.1711
0.1711
0.1711
0.1711
0.1760
0.1760
0.1711
0.1711
0.1662
0.1711
0.1808
0.2199
0.1760
0.1564
0.1711
0.1662
0.1662
0.1662
0.1711
0.1662
0.1906
0.1760
0.1515
0.1711
0.1906
0.1711
0.1711
0.1564
0.1711
0.1711
0.1711
0.1760
0.1906
0.1711
0.1711
0.1711
0.1711
0.1711
0.1760
0.1711
0.1711
0.1711
0.1711
0.1711
0.1760
0.1711
0.1711
0.1711
0.1711
0.1711
0.1711
0.1760
0.1808
0.1662
0.1760
0.1711
0.1711
0.1711
0.1711
0.1760
0.1711
0.1711
0.1760
0.1711
0.1711
0.1760
0.2004
0.2248
0.1564
0.1564
0.1711
0.1662
0.1906
