0.2884
0.2884
0.2884
0.2933
0.2884
0.2884
0.2884
0.2884
0.2884
0.2933
0.2884
0.2884
0.2884
0.2884
0.2933
0.2884
0.2933
0.2933
0.2933
0.2933
0.2884
0.2933
0.2933
0.2933
0.2884
0.2688
0.2688
0.2688
0.2688
0.2688
0.2688
0.2688
0.2737
0.2933
0.2786
0.3079
0.2102
0.2688
0.2688
0.2933
0.2688
0.2688
0.2884
0.2688
0.2737
0.2737
0.2933
0.2884
0.2786
0.3079
0.2053
0.2688
0.2688
0.2786
0.2688
0.2688
0.2884
0.2688
0.2933
0.2688
0.2884
0.2688
0.2884
0.3079
0.2053
0.2688
0.2688
0.2835
0.2688
0.2884
0.2884
0.2688
0.2688
0.2737
0.2884
0.2688
0.2688
0.2688
0.2688
0.2688
0.2933
0.2688
0.2737
0.2688
0.2639
0.2688
0.2933
0.2688
0.2737
0.2688
0.2737
0.2688
0.2688
