0.7087
0.7087
0.7087
0.7136
0.7136
0.7674
0.7136
0.7038
0.7038
0.7087
0.7038
0.7038
0.7087
0.7087
0.7038
0.7087
0.7038
0.7087
0.7038
0.6549
0.7038
0.7087
0.7087
0.7038
0.7038
0.7038
0.7087
0.7087
0.7038
0.7087
0.7038
0.7038
0.7087
0.7038
0.7136
0.7038
0.7087
0.7136
0.7087
0.7038
0.7087
0.7087
0.7087
0.7185
0.7185
0.7038
0.7087
0.7087
0.7087
0.6891
0.6891
0.6891
0.6891
0.6647
0.6647
0.6696
0.6843
0.6794
0.6256
0.6598
0.6647
0.6647
0.6647
0.6647
0.6647
0.6647
0.6745
0.6647
0.6647
0.6647
0.6598
0.6696
0.6452
0.6598
0.6647
0.6598
0.6647
0.6647
0.6598
0.6647
0.6647
0.6647
0.6647
0.6598
0.6647
0.6696
0.6647
0.6647
0.6598
0.6647
0.6647
0.6598
0.6598
0.6647
0.6598
0.6647
0.6647
0.6598
0.6647
0.6598
0.6647
0.6647
0.6647
0.6647
0.6598
0.6647
0.6696
0.6647
0.6598
0.6940
0.6696
0.6745
0.7185
0.6647
0.6598
0.6647
0.6647
0.6696
0.6647
0.6647
0.6647
0.6647
0.6696
0.6647
0.6696
0.6794
0.6989
0.6256
0.6598
0.6598
0.6647
0.6598
0.6647
0.6598
0.6647
0.6647
0.6745
