0.7576
0.7625
0.7625
0.7674
0.7625
0.7625
0.7478
0.7625
0.7429
0.7625
0.7625
0.7674
0.7674
0.7674
0.7674
0.7674
0.7674
0.7674
0.7674
0.7674
0.7674
0.7674
0.7771
0.8260
0.7674
0.7674
0.7674
0.7625
0.7674
0.7674
0.7625
0.7625
0.7674
0.7478
0.7722
0.7771
0.8162
0.7136
0.7625
0.7478
0.7625
0.7625
0.7625
0.7674
0.7429
0.7674
0.7674
0.7625
0.7478
0.7674
0.7820
0.7038
0.7478
0.7625
0.7429
0.7429
0.7625
0.7674
0.8065
0.7674
0.7625
0.7625
0.7478
0.7625
0.7625
0.7674
0.7674
0.7429
0.7625
0.7771
0.7674
0.7625
0.7674
0.7674
0.7674
0.7722
0.7625
0.7722
0.7625
0.7674
0.7674
0.7674
0.7625
0.7674
0.7625
0.7674
0.7674
0.7625
0.7722
0.8260
0.7722
0.7331
0.7674
0.7625
0.7674
0.7625
0.7625
0.7478
0.7478
0.7283
0.7234
0.7283
0.7185
0.7576
0.6745
0.7038
0.7087
0.7087
0.7038
0.7038
0.7087
0.7038
0.7038
0.7087
0.7038
0.7038
0.7087
0.7087
0.7038
0.7087
0.7087
0.7038
0.7087
0.7087
0.7038
0.7087
0.7136
0.7136
0.7038
0.7087
0.7087
0.7087
0.7038
0.7038
0.7087
0.7038
0.7087
0.7087
0.7087
0.7136
0.7185
0.7576
0.7087
0.7038
0.7038
0.7038
0.7038
0.7038
0.7087
0.7087
0.7087
0.7087
0.7087
0.7038
0.7283
0.6843
0.7038
0.7038
0.7038
0.7038
0.7087
0.7038
0.7038
0.7429
0.7087
0.7087
0.7087
0.7136
0.7038
0.7038
0.7087
0.7087
0.7087
0.7038
0.7038
0.7087
0.7087
0.7087
0.7136
0.7674
0.7038
0.7038
0.7087
0.7087
0.7038
0.7087
0.7087
