0.5670
0.6207
0.6256
0.6207
0.6256
0.6207
0.6256
0.6207
0.6207
0.6256
0.6256
0.6256
0.6207
0.6256
0.6207
0.6256
0.6256
0.6256
0.6256
0.6452
0.6256
0.6256
0.6256
0.6256
0.6354
0.6256
0.6452
0.6256
0.6256
0.6256
0.6256
0.6207
0.6256
0.6256
0.6256
0.6256
0.6256
0.6207
0.6305
0.6891
0.6305
0.6256
0.6207
0.6207
0.6256
0.6354
0.6256
0.6452
0.6256
0.6256
0.6207
0.6305
0.6305
0.6843
0.6305
0.5865
0.6256
0.6256
0.6256
0.6256
0.6256
0.6256
0.6256
0.6207
0.6256
0.6256
0.6256
0.6061
0.6158
0.5523
0.6061
0.6061
0.6061
0.6012
0.6061
0.6061
0.6061
0.6061
0.6061
0.6061
0.6109
0.6061
0.6061
0.6012
0.6061
0.6012
0.6061
0.6305
0.6061
0.6109
0.6061
0.6061
0.6061
0.6158
0.6061
0.6061
0.6061
0.6061
0.6061
0.6109
0.6061
0.6061
0.6061
0.6061
0.6061
0.6109
0.6207
0.6207
0.5963
0.5963
0.6061
0.6061
0.6061
0.6061
0.6061
0.6061
0.6061
0.6012
0.6061
0.6061
0.6696
0.6061
0.5572
0.6061
0.6012
0.6061
0.6061
0.6012
0.6061
0.6061
0.6012
0.6061
0.6061
0.6109
0.6012
0.6061
0.6061
0.6061
0.6061
0.6061
0.6061
0.6012
0.6061
0.6061
0.6061
0.6109
0.6158
0.6061
0.6012
0.6061
0.6061
0.6061
0.6061
0.6061
0.6061
0.6061
0.6061
0.6061
