0.5670
0.5670
0.5621
0.5670
0.5670
0.5621
0.5718
0.5670
0.5621
0.5670
0.5621
0.5670
0.5474
0.5670
0.5621
0.5670
0.5621
0.5670
0.5621
0.5621
0.5670
0.5670
0.5670
0.5670
0.5621
0.5670
0.5670
0.5670
0.5670
0.5621
0.5670
0.5670
0.5670
0.5670
0.5670
0.5718
0.6207
0.5670
0.5670
0.5670
0.5670
0.5670
0.5670
0.5670
0.5670
0.5670
0.5670
0.5718
0.5767
0.6158
0.5572
0.5474
0.5670
0.5621
0.5621
0.5670
0.5474
0.5474
0.5474
0.5474
0.5474
0.5523
0.5474
0.5474
0.4985
0.5474
0.5474
0.5425
0.5474
0.5474
0.5474
0.5425
0.5425
0.5425
0.5474
0.5474
0.5474
0.5474
0.5474
0.5474
0.5425
0.5474
0.5474
0.5425
0.5474
0.5474
0.5474
0.5474
0.5474
0.5523
0.5474
0.5425
0.5474
0.5474
0.5474
0.5474
0.5474
0.5474
0.5474
0.5474
0.5474
0.5474
0.5474
0.5523
0.5572
0.5963
0.5474
0.5425
0.5425
0.5670
0.5474
0.5425
0.5425
0.5474
0.5474
0.5425
0.5523
0.5523
0.6109
0.5523
0.4985
0.5425
0.5474
0.5425
0.5425
0.5474
0.5474
0.5474
0.5474
0.5425
0.5474
0.5474
0.5474
0.5621
