0.3324
0.3324
0.3324
0.3275
0.3275
0.3324
0.3324
0.3372
0.3275
0.3324
0.3275
0.3275
0.3324
0.3275
0.3372
0.3324
0.3275
0.3324
0.3275
0.3324
0.3324
0.3324
0.3324
0.3861
0.3226
0.3275
0.3324
0.3079
0.3079
0.3030
0.3079
0.3079
0.3079
0.3079
0.3177
0.3177
0.3666
0.3275
0.2542
0.3128
0.3275
0.3275
0.3275
0.3324
0.3079
0.3128
0.3275
0.3128
0.3275
0.3324
0.3275
0.3128
0.2542
0.3275
0.3275
0.3275
0.3275
0.3079
0.3275
0.3275
0.3275
0.3275
0.3372
0.3275
0.3079
0.3275
0.3324
0.3324
0.3324
0.3275
0.3275
0.3275
0.3324
0.3275
0.3324
0.3275
0.3275
0.3275
0.3275
0.3275
0.3275
0.3275
0.3275
0.3275
0.3324
0.3324
0.3324
0.3324
0.3275
0.3275
0.3275
0.3372
0.3372
0.3910
0.3275
0.3275
