0.2297
0.2346
0.2297
0.2297
0.2297
0.2297
0.2297
0.2297
0.2297
0.2297
0.2297
0.2297
0.2297
0.2297
0.2346
0.2151
0.2395
0.2248
0.2297
0.2297
0.2297
0.2297
0.2297
0.2297
0.2297
0.2297
0.2346
0.2346
0.2297
0.2297
0.2297
0.2297
0.2981
0.2248
0.2297
0.2297
0.2248
0.2297
0.2297
0.2297
0.2297
0.2297
0.2297
0.2297
0.2395
0.2151
0.2444
0.2786
0.2248
0.1955
0.2297
0.2346
0.2248
0.2346
0.2297
0.2297
0.2346
0.2297
0.2297
0.2297
0.2151
0.2395
0.2786
0.2199
0.1955
0.2297
0.2248
0.2297
0.2297
0.2297
0.2297
0.2297
0.2102
0.2297
0.2297
0.2346
0.2297
0.2297
0.1662
0.2151
0.2297
0.2297
0.2297
0.2248
0.2297
0.2102
0.2297
0.2297
0.2346
0.2297
0.2297
0.2297
0.2297
0.2297
0.2297
0.2297
0.2297
0.2248
0.2297
0.2346
0.2297
0.2297
0.2297
0.2297
0.2297
0.2297
0.2248
0.2297
0.2297
0.2297
0.2297
0.2151
0.2297
0.2297
0.2297
0.2297
0.2297
0.2297
0.2297
0.2346
0.2297
0.2297
0.2297
0.2297
0.2297
0.2297
0.2297
0.2297
0.2297
0.2346
0.2346
0.2297
0.2297
0.2346
0.2346
0.2395
0.2786
0.2395
0.2297
0.2297
0.2346
0.2297
0.2297
0.2297
0.2346
0.2297
0.2297
0.2297
0.2297
0.2346
0.2395
0.2688
0.1417
0.2151
0.2297
0.2297
0.2297
0.2102
0.2297
0.2297
0.2297
0.2297
0.2297
0.2297
0.2346
0.2981
0.2297
0.1662
0.2248
0.2297
0.2297
0.2297
0.2297
0.2297
0.2297
0.2297
0.2346
0.2297
0.2297
0.2297
0.2248
0.2297
0.2053
0.2248
0.2297
0.2297
0.2297
0.2346
0.2297
0.2297
0.2297
0.2297
0.2297
0.2297
0.2297
0.2297
0.2297
0.1760
0.2297
0.2297
0.2297
0.2297
0.2248
0.2297
0.2297
0.2297
0.2297
0.2297
0.2297
0.2151
0.2297
0.2297
0.2297
0.2297
0.2102
0.2297
0.2297
0.2297
0.2297
0.2297
0.2297
0.2297
0.2297
0.2297
0.2297
0.2297
0.2297
0.2297
0.2297
0.2297
0.2297
0.2297
0.2297
0.2102
0.2346
0.2102
0.2297
0.2346
0.2297
0.2395
0.2102
0.2346
0.2297
0.2102
0.2297
0.2297
0.2297
0.2297
0.2297
0.2297
0.2297
0.2297
0.2346
0.2346
0.2933
0.2297
0.1662
0.2297
0.2297
0.2297
0.2346
0.2297
0.2297
0.2297
0.2297
0.2297
0.2297
0.2297
0.2297
0.2395
0.2297
0.2151
0.1955
0.2297
0.2297
0.2297
0.2297
0.2297
0.2297
0.2297
0.2297
0.2297
0.2297
0.2346
0.2395
0.2835
0.2248
0.1760
0.2248
0.2297
0.2297
0.2297
0.2297
0.2297
0.2297
0.2297
0.2102
0.2297
0.2297
0.2297
0.2248
0.1760
0.2346
0.2297
0.2102
0.2297
0.2297
0.2297
0.2297
0.2297
0.2297
0.2248
0.2346
0.2297
0.2297
0.2297
0.2297
0.2297
0.2297
0.2297
0.2248
0.2297
0.2297
0.2297
0.2297
0.2297
0.2297
0.2297
0.2297
0.2297
0.2297
0.2297
0.2297
0.2297
0.2297
0.2297
0.2297
0.2346
0.2297
0.2297
0.2297
0.2297
0.2297
0.2297
0.2297
0.2248
0.2297
0.2297
0.2297
0.2346
0.2297
0.2297
0.2297
0.2297
0.2297
0.2297
0.2297
0.2346
0.2395
0.2297
0.2297
0.2297
0.2297
0.2297
0.2248
0.2297
0.2346
0.2297
0.2297
0.2297
0.2297
0.2297
0.2297
0.2395
0.2297
0.2151
0.1955
0.2248
0.2297
0.2151
0.2297
0.2297
0.2297
0.2297
0.2346
0.2297
0.2297
0.2346
0.2395
0.2786
0.2199
0.1760
0.2248
0.2297
0.2297
0.2297
0.2297
0.2297
0.2297
0.2297
0.2297
0.2297
0.2248
0.2981
0.2297
0.1662
0.2248
0.2297
0.2395
0.2297
0.2297
0.2297
0.2297
0.2346
0.2248
0.2297
0.2297
0.2297
0.2297
0.2346
0.1711
0.2297
0.2297
0.2297
0.2297
0.2444
0.2297
0.2297
0.2297
0.2297
0.2346
0.2297
0.2297
0.2248
0.2297
0.2297
0.2297
0.2297
0.2297
0.2297
0.2297
0.2297
0.2297
0.2297
0.2297
0.2297
0.2297
0.2248
0.2297
0.2297
0.2248
0.2297
0.2297
0.2102
0.2102
0.2297
0.2297
0.2297
0.2297
0.2297
0.2346
0.2346
0.2395
0.2346
0.2297
0.2297
0.2297
0.2297
0.2346
0.2297
0.2297
0.2297
0.2297
0.2297
0.2297
0.2346
0.2395
0.2933
0.2248
0.1760
0.2297
0.2297
0.2297
0.2297
0.2297
0.2297
0.2346
0.2297
0.2297
0.2297
0.2346
0.2395
0.2884
0.2199
0.1760
0.2297
0.2297
0.2297
0.2297
0.2297
0.2297
0.2297
0.2297
102
0.2102
0.2297
0.2102
0.2102
0.2297
0.2297
0.2297
0.2297
0.2053
0.2102
0.2297
0.2102
0.2102
0.2102
0.2102
0.2102
0.2102
0.2297
0.2102
0.2297
0.2297
0.2297
0.2297
0.2297
0.2297
0.2102
0.2297
0.2102
0.2151
0.2297
0.2102
0.2297
0.2346
0.2199
0.2248
0.2151
0.2102
0.2346
0.2297
0.2102
0.2151
0.2297
0.2102
0.2297
0.2102
0.2346
0.2346
0.2981
0.2297
0.1564
0.2297
0.2297
0.2297
0.2053
0.2151
0.2297
0.2151
0.2102
0.2102
0.2102
0.2151
0.2444
0.2297
0.1955
0.1955
