0.3128
0.2542
0.3079
0.3079
0.3079
0.3079
0.3079
0.3079
0.3128
0.3079
0.3128
0.3128
0.2884
0.3079
0.2884
0.2884
0.2884
0.2981
0.2884
0.2884
0.2835
0.2884
0.2884
0.2884
0.2884
0.2884
0.2884
0.2884
0.2884
0.2884
0.2884
0.2884
0.2884
0.2884
0.2884
0.2884
0.2933
0.2884
0.2884
0.2933
0.2933
0.2981
0.2884
0.2884
0.2884
0.2884
0.3079
0.2933
0.2884
0.3128
0.2933
0.2884
0.2884
0.2933
0.2933
0.3030
0.3079
0.2346
0.2884
0.2884
0.2884
0.2884
0.2933
0.2884
0.2884
0.2933
0.2884
0.2884
0.2933
0.3030
0.2884
0.2346
0.2884
0.2884
0.2884
0.2884
0.2884
0.2884
0.2884
0.3079
0.2884
0.2884
0.2884
0.2884
0.2933
0.2835
0.2737
