1.1730
1.1877
1.1877
1.1926
1.1877
1.1877
1.1877
1.1877
1.1926
1.1926
1.1926
1.1877
1.1926
1.1926
1.1877
1.1877
1.1877
1.1877
1.1926
1.1975
1.2072
1.2121
1.1730
1.1877
1.1486
1.0948
1.0557
1.0362
1.0362
1.0362
1.0362
1.0362
1.0166
1.0557
1.0704
1.0753
1.0753
1.0753
1.0753
1.0802
1.0802
1.0753
1.0753
1.0753
1.0753
1.0753
1.0753
1.0753
1.0753
1.0753
1.0802
1.0899
1.0997
1.0362
1.0704
1.0753
1.0753
1.0753
1.0704
1.0753
1.0753
1.0753
1.0802
1.0753
1.0753
1.0704
1.0753
1.0704
1.0753
1.0753
1.0753
1.0802
1.1046
1.0948
1.0459
1.0753
1.0753
1.0753
1.0753
1.0753
1.0753
1.0753
1.0753
1.0802
1.0753
1.0753
1.0753
1.0704
1.0704
1.0704
1.0753
1.0802
1.0899
1.0850
1.0753
1.0753
1.0704
1.0802
1.0753
1.0753
1.0753
1.0753
1.0753
1.0802
1.0899
1.1095
1.0362
1.0704
