0.1711
0.1711
0.1515
0.1711
0.1515
0.1515
0.1515
0.1564
0.1613
0.2053
0.1564
0.0978
0.1515
0.1466
0.1515
0.1711
0.1711
0.1515
0.1515
0.1515
0.1711
0.1564
0.1711
0.1613
0.1515
0.1369
0.1564
0.1515
0.1515
0.1466
0.1515
0.1564
0.1515
0.1320
0.1515
0.1515
0.1515
0.1613
0.1515
0.1515
0.1564
0.1515
0.1515
0.1466
0.1711
0.1515
0.1711
0.1515
0.1760
0.1711
0.1515
0.1515
0.1515
0.1466
0.1515
0.1564
0.1564
0.1515
0.1564
0.1466
0.1564
0.1515
0.1515
0.1515
0.1515
0.1515
0.1515
0.1466
0.1662
0.1515
0.1515
0.1515
0.1662
0.1711
0.1515
0.1711
0.1564
0.1515
0.1760
0.1515
0.1515
0.1515
0.1564
0.1515
0.1515
0.1515
0.1564
0.1320
0.1515
0.1515
0.1320
0.1564
0.1515
0.1711
0.1515
0.1515
0.1515
0.2053
