0.4888
0.4888
0.5034
0.5083
0.4839
0.4888
0.4888
0.4839
0.5083
0.5034
0.5132
0.5132
0.5523
0.4936
0.4888
0.4888
0.5034
0.4888
0.4888
0.4839
0.4888
0.4692
0.4692
0.4692
0.4741
0.4790
0.5034
0.4106
0.4692
0.4692
0.4692
0.4643
0.4692
0.4692
0.4643
0.4692
0.4888
0.4692
0.4692
0.4692
0.4839
0.4106
0.4643
0.4888
0.4692
0.4692
0.4643
0.4643
0.4643
0.4839
0.4643
0.4692
0.4692
0.4888
0.4692
0.4888
0.4839
0.4692
0.4839
0.4643
0.4643
0.4888
0.4692
0.4643
0.4692
0.4692
0.4692
0.4692
0.4643
0.4888
0.4692
0.4888
0.4692
0.4692
0.4692
0.4692
0.4692
0.4692
0.4888
0.4692
0.4936
0.5279
0.4741
0.4643
0.4888
0.4692
0.4692
0.4692
0.4692
0.4692
