0.3910
0.3910
0.3861
0.3910
0.3910
0.3910
0.3910
0.3421
0.3861
0.3959
0.3910
0.3910
0.3861
0.3861
0.3910
0.4008
0.3910
0.3910
0.3861
0.3910
0.3861
0.3910
0.3861
0.3910
0.3910
0.3910
0.3910
0.3959
0.3959
0.3910
0.3910
0.4008
0.4252
0.3861
0.4057
0.3763
0.3715
0.3715
0.3715
0.3959
0.3715
0.3715
0.3715
0.3910
0.3763
0.3861
0.3861
0.3324
0.3861
0.3715
0.3910
0.3666
0.3715
0.3715
0.3910
0.3910
0.3666
0.3910
0.3715
0.4643
0.4057
0.3324
0.3666
0.3959
0.3715
0.3910
0.3763
0.3715
0.3861
0.3715
0.3715
0.3715
0.3715
0.3715
0.3959
0.3715
0.3226
0.3715
0.3666
0.3715
0.3666
0.3715
0.3666
0.3666
0.3715
0.3715
0.3715
0.3715
0.3715
0.3715
0.3715
0.3910
0.3715
0.3715
0.3861
0.3715
0.3715
0.3861
0.3910
0.3715
0.3910
0.3763
0.3910
0.3715
0.3715
0.3861
0.3715
