1.0020
0.9971
1.0020
0.9971
1.0020
1.0020
1.0020
1.0020
1.0020
1.0068
1.0117
1.0508
0.9580
0.9971
0.9971
0.9971
1.0020
1.0020
0.9971
1.0020
1.0020
1.0020
0.9824
0.9824
0.9580
0.9580
0.9384
0.9384
0.9384
0.9384
0.9384
0.9238
0.9433
0.9531
0.9433
0.9384
0.9384
0.9384
0.9629
0.9189
0.9335
0.9384
0.9140
0.9384
0.9433
0.9531
0.9580
0.8798
0.9384
0.9384
0.9384
0.9189
0.9384
0.9384
0.9189
0.9189
0.9433
0.9384
0.9384
0.9384
0.9335
0.9384
0.9384
0.9384
0.9384
0.9384
0.9433
0.9384
0.9335
0.9384
0.9384
0.9384
0.9433
0.9384
0.9433
0.9384
0.9384
0.9384
0.9384
0.9433
0.9482
0.9531
0.9580
0.9384
0.9384
0.9384
0.9384
0.9384
0.9580
0.9384
0.9384
0.9384
0.9384
0.9384
0.9629
0.8993
