0.9384
0.9384
0.9384
0.9384
0.9384
0.9189
0.9384
0.9384
0.9384
0.9384
0.9384
0.9189
0.9384
0.9384
0.9384
0.9384
0.9384
0.9433
0.9384
0.9189
0.9384
0.9433
0.9433
0.9922
0.9189
0.8993
0.8847
0.8798
0.8798
0.8798
0.8798
0.8602
0.8602
0.8993
0.9531
0.8700
0.8602
0.8602
0.8651
0.8602
0.8553
0.8651
0.8602
0.8602
0.8651
0.8602
0.8602
0.8602
0.8602
0.8651
0.8602
0.8847
0.8553
0.8602
0.8602
0.8651
0.8651
0.8749
0.8944
0.8602
0.8798
0.8602
0.8651
0.8602
0.8602
0.8993
0.8602
0.8602
0.8700
0.9238
0.8700
0.8798
0.8798
0.8602
0.8602
0.8798
0.8602
0.8602
0.8847
0.8602
0.8602
0.8651
0.8798
0.8602
0.8602
0.8847
0.8798
0.8602
0.8798
0.8602
0.8798
0.8651
0.8749
0.8749
0.8602
0.8798
0.8602
0.8798
0.8847
0.8602
0.8798
