0.6109
0.6109
0.6207
0.6061
0.5621
0.6012
0.6012
0.6158
0.6061
0.6012
0.6158
0.6061
0.6012
0.6061
0.6109
0.6696
0.6109
0.5572
0.6012
0.6061
0.6061
0.6061
0.6061
0.6012
0.6061
0.6061
0.6061
0.6061
0.6207
0.6061
0.6061
0.6012
0.6061
0.6061
0.6061
0.6061
0.6012
0.5865
0.5865
0.5670
0.5621
0.5670
0.5670
0.5670
0.5670
0.6158
0.5670
0.5670
0.5621
0.5670
0.5621
0.5670
0.5670
0.5718
0.5767
0.6207
0.5670
0.5670
0.5670
0.5670
0.5670
0.5670
0.5670
0.5621
0.5718
0.5670
0.5718
0.5718
0.6207
0.5670
0.5572
0.5670
0.5670
0.5670
0.5621
0.5621
0.5670
0.5670
0.5621
0.5670
0.5621
0.5670
0.5670
0.5670
0.5670
0.5670
0.5865
0.5670
0.5621
0.5621
0.5670
0.5670
0.5621
0.5670
0.5670
0.5670
0.5670
0.5670
0.5670
0.5670
0.5621
0.5670
0.5670
0.5621
0.5670
0.5670
0.5718
0.6207
0.5670
0.5670
0.5670
0.5670
0.5670
0.5670
0.5670
0.5670
0.5670
0.5670
0.5718
0.5718
0.6207
0.5670
0.5474
