0.1711
0.1857
0.1857
0.1711
0.1711
0.1711
0.1760
0.1711
0.2297
0.1711
0.1075
0.1711
0.1662
0.1662
0.1711
0.1711
0.1711
0.1515
0.1760
0.1711
0.1711
0.1711
0.1711
0.1711
0.1711
0.1613
0.1564
0.1906
0.1760
0.1515
0.1711
0.1711
0.1711
0.1711
0.1711
0.1760
0.1711
0.1711
0.1515
0.1711
0.1711
0.1711
0.1711
0.1760
0.1515
0.1466
0.1711
0.1711
0.1711
0.1711
0.1711
0.1711
0.1711
0.1515
0.1711
0.1760
0.1711
0.1711
0.1711
0.1711
0.1711
0.1711
0.1760
0.1711
0.1711
0.1760
0.1711
0.1564
0.1760
0.1711
0.1760
0.1711
0.1466
0.1662
0.1711
0.1711
0.1711
0.1711
0.1711
0.1711
0.1760
0.1711
0.1711
0.1760
0.1857
0.1662
0.1711
0.1711
0.1711
0.1711
0.1711
0.1760
0.1711
0.1711
0.1711
0.1711
