0.2102
0.2151
0.1955
0.2151
0.1906
0.2102
0.2199
0.2102
0.1955
0.1906
0.2053
0.2053
0.1906
0.2102
0.1906
0.2102
0.1906
0.2199
0.1906
0.2053
0.2053
0.2102
0.2102
0.1906
0.1906
0.2102
0.1955
0.2688
0.2053
0.1564
0.1906
0.1955
0.1906
0.1857
0.1906
0.1906
0.2102
0.1955
0.1906
0.1955
0.3666
0.2102
0.1564
0.2102
0.2102
0.1857
0.2004
0.2102
0.2102
0.1906
0.1906
0.1906
0.1906
0.1906
0.1857
0.1955
0.1906
0.1955
0.1906
0.1857
0.1906
0.1906
0.1906
0.2151
0.1955
0.1955
0.1906
0.1906
0.1906
0.1906
0.1906
0.1906
0.2151
0.1906
0.1906
0.1955
0.1906
0.1955
0.2151
0.1906
0.2493
0.1808
0.1906
0.1955
0.1906
0.1906
0.1906
0.1906
0.1906
0.1906
0.1906
0.1955
0.1955
0.2004
0.1906
0.1271
0.1857
0.1906
0.1906
0.1906
0.1906
0.2102
0.1906
0.2102
0.1955
0.1906
0.2102
0.1906
0.1857
0.1369
0.1906
0.1906
0.1906
0.1906
0.1906
0.1857
0.1857
0.2102
0.1906
0.2102
0.1906
0.1906
0.2151
0.1906
0.1906
0.1955
0.1906
0.1906
0.2102
0.1857
0.1906
0.2053
0.1906
0.2004
0.2102
0.2102
0.1906
