0.4301
0.4301
0.4301
0.4252
0.4350
0.4301
0.4399
0.4301
0.4301
0.4106
0.4301
0.4301
0.4252
0.4252
0.4301
0.4301
0.4301
0.4301
0.4301
0.4301
0.4350
0.4301
0.4301
0.4301
0.4301
0.4301
0.4106
0.4106
0.4106
0.4057
0.4106
0.4106
0.4106
0.4154
0.4203
0.4594
0.3519
0.3910
0.4106
0.4106
0.4106
0.4106
0.4106
0.4106
0.4106
0.4203
0.4106
0.4203
0.4643
0.4106
0.3910
0.4106
0.4106
0.4057
0.4106
0.4106
0.4106
0.4106
0.4106
0.4106
0.4106
0.4106
0.4106
0.4057
0.4106
0.4106
0.4106
0.4106
0.4057
0.4106
0.4106
0.4106
0.4106
0.4057
0.4106
0.4154
0.4106
0.4154
0.4106
0.4057
0.4106
0.4106
0.4106
0.4106
0.4203
0.4106
0.4154
0.4106
0.4252
0.4252
0.4057
0.4106
0.4106
0.4106
0.4106
0.4106
0.4106
0.4057
0.4106
0.4106
0.4106
0.4154
0.4643
0.4106
0.3568
