0.4936
0.5474
0.5425
0.5474
0.5474
0.5425
0.5425
0.5425
0.5425
0.5474
0.5474
0.5474
0.5718
0.5474
0.5474
0.5474
0.5474
0.5425
0.5376
0.5474
0.5474
0.5474
0.5327
0.5279
0.5914
0.5230
0.5279
0.5279
0.5279
0.5279
0.5279
0.5230
0.5083
0.5083
0.5279
0.5083
0.5279
0.5083
0.5279
0.5230
0.5425
0.5083
0.5279
0.5083
0.5083
0.5230
0.5230
0.5279
0.5230
0.5279
0.5279
0.5327
0.5327
0.5914
0.5327
0.4790
0.5279
0.5279
0.5230
0.5279
0.5279
0.5279
0.5279
0.5279
0.5230
0.5279
0.5279
0.5279
0.5327
0.4741
0.5523
0.5279
0.5230
0.5279
0.5279
0.5327
0.5279
0.5279
0.5279
0.5279
0.5230
0.5327
0.5279
0.5279
0.5279
0.5279
0.5230
0.5279
0.5279
0.5279
0.5230
0.5279
0.5327
0.5279
0.5279
0.5279
0.5083
0.5230
0.5279
0.5279
0.5279
0.5279
0.5279
0.5376
0.5279
0.5230
0.5279
0.5327
0.5327
