0.4545
0.4399
0.4643
0.4448
0.4301
0.4301
0.4497
0.4497
0.4497
0.4252
0.4301
0.4497
0.4301
0.4545
0.4497
0.4399
0.5083
0.4497
0.4008
0.4448
0.4301
0.4497
0.4448
0.4497
0.4497
0.4497
0.4497
0.4497
0.4301
0.4252
0.4888
0.4301
0.3910
0.4057
0.4106
0.4106
0.4301
0.4057
0.4301
0.4057
0.4106
0.4301
0.4301
0.4301
0.4301
0.4301
0.4301
0.4301
0.4301
0.4252
0.4301
0.4301
0.4301
0.4252
0.4252
0.4106
0.4252
0.4301
0.4301
0.4301
0.4301
0.4252
0.4301
0.4301
0.4301
0.4301
0.4301
0.4301
0.4301
0.4350
0.4985
0.4301
0.3763
0.4252
0.4252
0.4301
0.4301
0.4301
0.4301
0.4301
0.4252
0.4301
0.4350
0.4399
0.5034
0.4301
0.3715
0.4252
0.4301
0.4252
0.4301
0.4252
0.4301
0.4301
0.4301
0.4301
0.4301
0.4301
0.4301
0.4301
0.3910
0.4252
0.4301
0.4301
