0.2884
0.2884
0.3079
0.2884
0.2884
0.2884
0.2884
0.2884
0.3079
0.2835
0.2884
0.3128
0.3079
0.3128
0.2884
0.2884
0.3079
0.2933
0.2933
0.2933
0.2884
0.2688
0.2688
0.2737
0.2884
0.2688
0.2688
0.2737
0.2884
0.2884
0.2884
0.2933
0.2884
0.2884
0.2933
0.2884
0.2884
0.2933
0.2981
0.3470
0.2786
0.2835
0.2933
0.2933
0.2933
0.2884
0.2933
0.2884
0.2884
0.2835
0.2884
0.2933
0.2933
0.3519
0.2884
0.2346
0.2884
0.2933
0.2884
0.2884
0.2884
0.2884
0.2933
0.2884
0.2933
0.2884
0.2884
0.2981
0.3079
0.2346
0.2884
0.2884
0.2884
0.2884
0.2884
0.2884
0.2884
0.2884
0.2884
0.2884
0.2884
0.2981
0.2933
0.2933
0.2933
0.2884
0.2884
0.2884
0.2933
0.2884
