0.4692
0.4692
0.4643
0.4741
0.4741
0.5327
0.4692
0.4350
0.4643
0.4839
0.4839
0.4839
0.4692
0.4692
0.4692
0.4692
0.4692
0.4888
0.4839
0.5230
0.4692
0.4692
0.4692
0.4497
0.4497
0.4448
0.4448
0.4497
0.4497
0.4497
0.4692
0.4497
0.4497
0.4497
0.4497
0.4497
0.4545
0.4497
0.4448
0.4497
0.4497
0.4448
0.4497
0.4545
0.4448
0.4497
0.4497
0.4497
0.4497
0.4448
0.4497
0.4497
0.4643
0.4497
0.4448
0.4448
0.4497
0.4448
0.4497
0.4497
0.4594
0.5083
0.4448
0.4692
0.4497
0.4497
0.4448
0.4448
0.4497
0.4497
0.4497
0.4497
0.4497
0.4545
0.4790
0.5034
0.3910
0.4497
0.4497
0.4545
0.4448
0.4497
0.4497
0.4497
0.4497
0.4497
0.4497
0.4497
0.4594
0.4643
0.3910
0.4448
0.4497
0.4448
0.4448
0.4448
0.4448
0.4497
0.4497
0.4692
0.4497
0.4497
0.4643
0.4497
