0.1955
0.1906
0.1857
0.1906
0.1906
0.1906
0.1906
0.1906
0.1906
0.1906
0.1906
0.2395
0.1808
0.1564
0.2151
0.1857
0.1906
0.1906
0.1857
0.1955
0.1906
0.1955
0.1711
0.1906
0.2004
0.1906
0.1271
0.1857
0.1906
0.1906
0.1857
0.1857
0.1906
0.2151
0.1906
0.1857
0.1906
0.1906
0.1906
0.1955
0.1369
0.1955
0.2102
0.1857
0.1955
0.1955
0.1906
0.1906
0.1906
0.1857
0.1906
0.1857
0.1955
0.1906
0.1955
0.1906
0.1857
0.1906
0.1906
0.1906
0.1906
0.1857
0.1906
0.1906
0.1906
0.2004
0.1857
0.1906
0.1906
0.1906
0.1955
0.1906
0.2102
0.1955
0.1906
0.1906
0.1906
0.2102
0.1955
0.2444
0.1857
0.1564
0.1906
0.1906
0.1906
0.2248
0.1906
0.2102
0.1955
0.1906
0.1857
0.1906
0.2004
0.1906
