0.1466
0.1515
0.0831
0.1466
0.1320
0.1320
0.1515
0.1320
0.1369
0.1515
0.1564
0.1515
0.1320
0.3715
0.7918
0.8456
0.7918
0.7820
0.8798
0.9971
1.0948
1.2610
1.3587
1.3245
0.3470
0.3275
0.2297
0.1515
0.1515
0.1564
0.1515
0.2102
0.1515
0.0880
0.1760
0.1711
0.1515
0.1515
0.1320
0.1466
0.1320
0.1320
0.1320
0.1124
0.1320
0.1320
0.1320
0.1320
0.1173
0.0782
0.1369
0.1466
0.1466
0.1711
0.1515
0.1564
0.1515
0.1320
0.1760
0.1515
0.1564
0.1320
0.1320
0.1515
0.1320
0.1173
0.1466
0.1711
0.1320
0.1320
0.1515
0.1320
0.1320
0.1515
0.1320
0.1515
0.1515
0.1515
0.1515
0.1515
0.1515
0.1320
0.1515
0.1564
0.1515
0.1515
0.1320
0.1515
0.1515
0.1271
0.1515
0.1271
0.1515
0.1564
0.1515
0.1515
0.1515
0.1320
0.1515
0.1515
0.1320
0.1515
0.1515
0.1369
0.1515
0.1515
0.1515
0.1515
0.1320
0.1320
0.1466
0.1320
0.1320
0.1613
0.1320
0.1320
0.1515
0.1320
0.1320
0.1320
0.1271
0.1515
0.1515
0.1515
0.1613
