0.6647
0.6647
0.6647
0.6989
0.6256
0.6598
0.6598
0.6647
0.6598
0.6647
0.6598
0.6647
0.6598
0.6647
0.6647
0.6647
0.6647
0.6647
0.6647
0.6647
0.6647
0.6647
0.6647
0.6647
0.6647
0.6647
0.6647
0.6745
0.6891
0.6696
0.6647
0.6647
0.6891
0.6647
0.6745
0.6647
0.6647
0.6598
0.6647
0.6647
0.6647
0.6647
0.6696
0.6745
0.6989
0.6647
0.6647
0.6598
0.6598
0.6647
0.6647
0.6598
0.6647
0.6598
0.6647
0.6843
0.6696
0.6745
0.7185
0.6647
0.6256
0.6647
0.6647
0.6403
0.6403
0.6452
0.6452
0.6452
0.6256
0.6256
0.6256
0.6256
0.6794
0.6256
0.6256
0.6256
0.6207
0.6256
0.6256
0.6256
0.6256
0.6256
0.6256
0.6256
0.6256
0.6256
0.6256
0.6256
0.6256
0.6256
0.6256
0.6256
0.6256
0.6256
0.6256
0.6256
0.6256
0.6207
0.6305
0.6207
0.6256
0.6256
0.6256
0.6256
0.6256
0.6256
0.6256
0.6256
0.6256
0.6207
0.6256
0.6305
0.6305
0.6843
0.6256
0.6256
0.6452
0.6256
0.6256
0.6452
0.6403
0.6256
0.6256
0.6256
0.6256
0.6256
0.6305
0.6843
0.6256
0.5767
0.6256
0.6207
0.6256
0.6256
0.6256
0.6256
0.6256
0.6256
0.6256
0.6403
0.6256
0.6794
