0.1515
0.1320
0.1320
0.1320
0.1320
0.1564
0.1320
0.1369
0.1515
0.1320
0.1320
0.1515
0.1320
0.1369
0.1417
0.1515
0.1515
0.1515
0.1515
0.1515
0.1515
0.1515
0.1320
0.1515
0.2053
0.1173
0.0782
0.1466
0.1515
0.1320
0.1271
0.1515
0.1320
0.1515
0.1320
0.1466
0.1515
0.1515
0.1417
0.1906
0.1417
0.0684
0.1515
0.1515
0.1320
0.1466
0.1320
0.1320
0.1320
0.1320
0.1320
0.1515
0.1320
0.1564
0.1515
0.1515
0.1173
0.1173
0.1271
0.1271
0.1515
0.1515
0.1515
0.1515
0.1515
0.1515
0.1271
0.1320
0.1564
0.1320
0.1564
0.1320
0.0635
0.1271
0.1711
0.1515
0.1369
0.1466
0.1320
0.1320
0.1320
0.1564
0.1515
0.1320
0.1515
0.1320
0.1515
0.1369
0.1173
0.1515
0.1320
0.1515
0.1515
0.1564
0.1271
0.1369
0.1320
0.1320
0.1320
0.1271
0.1515
