0.1369
0.0978
0.1466
0.1711
0.1564
0.1515
0.1515
0.1711
0.1711
0.1564
0.1515
0.1515
0.1808
0.1466
0.1711
0.0635
0.1320
0.1515
0.1515
0.1515
0.1662
0.1662
0.1515
0.1711
0.1515
0.1515
0.1515
0.1711
0.2053
0.1369
0.1564
0.1662
0.1515
0.1564
0.1515
0.1564
0.1466
0.1515
0.1515
0.1564
0.1466
0.1515
0.1662
0.4643
0.5279
0.5279
0.3275
0.1906
0.2297
0.3275
0.3079
0.2151
0.2884
0.2102
0.2102
0.1515
0.1466
0.1515
0.1564
0.1515
0.1320
0.1320
0.1515
0.1515
0.1515
0.1515
0.1271
0.1515
0.1515
0.1564
0.1515
0.1466
0.1515
0.1515
0.1711
0.1515
0.1515
0.1515
0.1515
0.1515
0.1613
0.1515
0.1515
0.1515
0.1711
0.1515
0.1515
0.1369
0.1515
0.1515
0.1515
0.1515
0.1515
0.1369
0.1515
0.1515
0.1515
0.1515
0.1515
0.1515
0.1711
0.1515
0.1564
0.1662
0.1515
0.1515
0.1320
0.1515
0.1466
0.1515
0.1515
0.1515
0.1515
0.1515
0.1515
0.1564
0.1515
0.1515
0.1613
0.2004
0.1173
0.1173
0.1515
0.1711
0.1466
0.1515
0.1515
0.1515
0.1515
0.1515
0.1515
0.1515
0.1515
0.1564
0.2102
0.1417
