1.0753
1.0753
1.0753
1.0802
1.0753
1.0753
1.0753
1.0753
1.0753
1.0753
1.0802
1.0802
1.0753
1.0753
1.0753
1.0753
1.0753
1.0802
1.0899
1.1095
1.0362
1.0753
1.0753
1.0753
1.0557
1.0753
1.0802
1.0557
1.0704
1.0753
1.0997
1.0362
1.0753
1.0704
1.0753
1.0704
1.0753
1.0704
1.0557
1.0753
1.0753
1.0753
1.0753
1.0557
1.0557
1.0362
1.0166
1.0166
1.0020
1.0362
1.0020
1.0068
1.0606
0.9531
0.9971
0.9971
0.9971
0.9971
0.9775
1.0020
1.0020
0.9971
0.9971
0.9971
1.0020
1.0020
0.9971
1.0020
1.0020
1.0020
0.9971
1.0020
1.0020
1.0068
1.0020
0.9971
1.0020
1.0020
1.0020
0.9971
1.0020
0.9971
1.0020
1.0020
1.0117
1.0166
0.9629
1.0020
0.9971
0.9971
0.9971
1.0020
1.0020
0.9971
0.9971
1.0020
1.0020
0.9971
1.0020
1.0020
0.9971
1.0020
0.9971
1.0020
1.0020
1.0068
1.0704
1.0166
0.9580
0.9971
0.9971
0.9971
1.0020
1.0020
1.0020
0.9971
0.9971
0.9971
1.0166
0.9677
0.9971
0.9971
0.9971
0.9971
0.9971
0.9971
1.0020
1.0020
1.0020
