0.4692
0.4497
0.4448
0.4497
0.4448
0.4448
0.4497
0.4497
0.4497
0.4497
0.4643
0.4643
0.4497
0.4448
0.4497
0.4692
0.4497
0.4497
0.4497
0.4448
0.4448
0.4497
0.4545
0.4448
0.4497
0.4497
0.4545
0.4497
0.4497
0.4448
0.4497
0.4497
0.4545
0.4497
0.4448
0.4448
0.4301
0.4301
0.4350
0.4301
0.4350
0.4643
0.4301
0.4301
0.4497
0.4301
0.4497
0.4301
0.4350
0.4497
0.4252
0.4497
0.4497
0.4545
0.4594
0.4643
0.3910
0.4448
0.4448
0.4252
0.4497
0.4448
0.4301
0.4497
0.4497
0.4497
0.4301
0.4252
0.4497
0.4252
0.4692
0.4301
0.4497
0.4252
0.4448
0.4497
0.4497
0.4301
0.4301
0.4301
0.4497
0.4301
0.4497
0.4497
0.4301
0.4301
0.4301
0.4497
0.4301
0.4497
0.4252
0.4497
0.4252
0.4497
0.4497
0.4350
0.4301
0.4497
0.4252
0.4545
0.4301
0.4301
0.4301
0.4497
0.4301
0.4301
0.4497
0.4497
0.4545
