0.1515
0.1466
0.1515
0.1466
0.1515
0.1515
0.1515
0.1515
0.1564
0.2053
0.1564
0.0978
0.1515
0.1515
0.1271
0.1515
0.1515
0.1466
0.1515
0.1320
0.1320
0.1320
0.1271
0.1515
0.1466
0.1515
0.0782
0.1320
0.1515
0.1271
0.1515
0.1515
0.1515
0.1320
0.1320
0.1320
0.1124
0.1124
0.1515
0.1515
0.1320
0.1515
0.1124
0.1564
0.1320
0.1320
0.1320
0.1515
0.1320
0.1320
0.1320
0.1369
0.1515
0.1515
0.1515
0.1515
0.1320
0.1515
0.1320
0.1466
0.1515
0.1515
0.1515
0.1369
0.1320
0.1320
0.1320
0.1613
0.1515
0.1271
0.1515
0.1320
0.1515
0.1271
0.1320
0.1320
0.1320
0.1515
0.1369
0.1564
0.1515
0.1369
0.1613
0.1515
0.1417
0.0978
0.1515
0.1515
0.1320
0.1613
0.1320
0.1320
0.1320
0.1320
