0.2688
0.2639
0.2688
0.2688
0.2786
0.3275
0.2639
0.2151
0.2688
0.2688
0.2688
0.2737
0.2639
0.2688
0.2688
0.2688
0.2688
0.2737
0.2737
0.2688
0.2688
0.2151
0.2688
0.2688
0.2688
0.2688
0.2688
0.2688
0.2688
0.2493
0.2493
0.2493
0.2493
0.2542
0.2493
0.2542
0.2542
0.2688
0.2688
0.2493
0.2737
0.2688
0.2639
0.2737
0.2688
0.2688
0.2737
0.2688
0.2688
0.2688
0.2688
0.2688
0.2688
0.2688
0.2688
0.2688
0.2688
0.2688
0.2737
0.2688
0.2835
0.3324
0.2493
0.2053
0.2639
0.2688
0.2688
0.2688
0.2688
0.2688
0.2688
0.2688
0.2737
0.2737
0.2786
0.3275
0.2639
0.2151
0.2688
0.2688
0.2688
0.2737
0.2688
0.2688
0.2688
0.2737
0.2737
0.2688
0.2688
0.2688
0.2639
0.1955
0.2688
0.2688
0.2737
0.2688
0.2737
0.2688
0.2737
0.2688
