0.8065
0.8065
0.8065
0.8016
0.8065
0.8065
0.8065
0.8065
0.8065
0.8113
0.8553
0.8065
0.8016
0.8016
0.8065
0.8016
0.8065
0.8016
0.8016
0.8065
0.7820
0.7918
0.8309
0.7722
0.7234
0.7625
0.7674
0.7478
0.7380
0.7625
0.7625
0.7674
0.7674
0.7674
0.7674
0.7625
0.7674
0.7625
0.7478
0.7625
0.7625
0.7625
0.7429
0.7625
0.7674
0.7429
0.7478
0.7625
0.7625
0.7674
0.7625
0.7625
0.7674
0.7674
0.7771
0.7869
0.7625
0.7625
0.7674
0.7674
0.7722
0.7771
0.8162
0.7038
0.7625
0.7674
0.7625
0.7674
0.7625
0.7625
0.7625
0.7674
0.7674
0.7674
0.7771
0.7967
0.7136
0.7625
0.7625
0.7625
0.7429
0.7576
0.7429
0.7674
0.7674
0.7625
0.7674
0.7625
0.7674
0.7674
0.7674
0.7478
