0.5914
0.5279
0.5279
0.5279
0.5279
0.5279
0.5279
0.5279
0.5279
0.5279
0.5279
0.5327
0.5327
0.5327
0.5376
0.5425
0.4741
0.5279
0.5279
0.5279
0.5230
0.5279
0.5230
0.5279
0.5279
0.5279
0.5279
0.5083
0.5327
0.5230
0.4497
0.5083
0.5083
0.4839
0.4839
0.5083
0.4888
0.4839
0.4839
0.4888
0.4888
0.4839
0.5132
0.5083
0.4888
0.4888
0.4888
0.4839
0.4888
0.5083
0.4888
0.4888
0.4839
0.5132
0.5083
0.5083
0.4888
0.4888
0.5083
0.5034
0.4888
0.5132
0.4888
0.4888
0.4888
0.4888
0.5083
0.4936
0.5034
0.4888
0.4350
0.4839
0.5034
0.5083
0.5083
0.5083
0.5083
0.4888
0.5083
0.4888
0.4936
0.5523
0.5083
0.4350
0.5181
0.5083
0.5083
0.4888
0.4888
0.5083
0.4839
0.5034
0.5083
0.4888
0.4888
0.4888
0.5083
0.4888
0.4888
0.5083
0.5034
0.5034
0.5083
0.5034
0.5034
0.4936
0.5132
0.5230
0.5083
