milliseconds	Werte
10664	0
10664	
1833;3;0;0.0
10730	0
10730	
1899;3;0;0.0
10796	0
10796	
1965;3;0;0.0
10858	0
10858	
2032;3;0;0.0
10922	0
10922	
2097;3;0;0.0
10988	0
10988	
2162;3;0;0.0
11054	0
11054	
2228;3;0;0.0
11120	0
11120	
2294;3;0;0.0
11185	0
11185	
2360;3;0;0.0
11253	0
11253	
2425;3;0;0.0
11323	0
11323	
2497;3;0;0.0
11389	0
11389	
2563;3;0;0.0
11455	0
11455	
2629;3;0;0.0
11521	0
11521	
2695;3;0;0.0
11587	0
11587	
2761;3;0;0.0
11654	0
11654	
2828;3;0;0.0
11721	0
11721	
2894;3;0;0.0
11791	0
11791	
2960;3;0;0.0
11858	0
11858	
3026;3;0;0.0
11924	0
11924	
3094;3;0;0.0
11990	0
11990	
3161;3;0;0.0
12056	0
12056	
3226;3;0;0.0
12122	0
12122	
3292;3;0;0.0
12194	0
12194	
3358;3;0;0.0
12251	0
12251	
3423;3;0;0.0
12317	0
12317	
3489;3;0;0.0
12383	0
12383	
3555;3;0;0.0
12450	0
12450	
3623;3;0;0.0
12516	0
12516	
3689;3;0;0.0
12582	0
12582	
3755;3;0;0.0
12648	0
12648	
3821;3;0;0.0
12714	0
12714	
3887;3;0;0.0
12778	0
12778	
3953;3;0;0.0
12846	0
12846	
4018;3;0;0.0
12912	0
12912	
4084;3;0;0.0
12979	0
12979	
4153;3;0;0.0
13044	0
13044	
4219;3;0;0.0
13113	0
13113	
4286;3;0;0.0
13182	0
13182	
4355;3;0;43.0
13253	0
13253	
4425;3;0;61.0
13319	0
13319	
4491;3;0;52.0
13386	0
13386	
4561;3;0;49.0
13453	0
13453	
4626;3;0;87.0
13528	0
13528	
4693;3;0;49.0
13588	0
13588	
4761;3;0;50.0
13655	0
13655	
4828;3;0;46.0
13722	0
13722	
4895;3;0;23.0
13790	0
13790	
4962;3;0;36.0
13857	0
13857	
5029;3;0;50.0
13926	0
13926	
5099;3;0;21.0
13992	0
13992	
5165;3;0;46.0
14058	0
14058	
5232;3;0;54.0
14124	0
14124	
5297;3;0;115.0
14190	0
14190	
5364;3;0;53.0
14256	0
14256	
5429;3;0;53.0
14323	0
14323	
5496;3;0;62.0
14396	0
14396	
5567;3;0;35.0
14465	0
14465	
5638;3;0;67.0
14532	0
14532	
5706;3;0;53.0
14599	0
14599	
5772;3;0;19.0
14664	0
14664	
5838;3;0;89.0
14732	0
14732	
5904;3;0;71.0
14797	0
14797	
5970;3;0;20.0
14867	0
14867	
6035;3;0;12.0
14934	0
14934	
6103;3;0;13.0
15002	0
15002	
6171;3;0;12.0
15069	0
15069	
6238;3;0;10.0
15136	0
15136	
6305;3;0;12.0
15204	0
15204	
6373;3;0;11.0
15280	0
15280	
6439;3;0;11.0
15335	0
15335	
6506;3;0;12.0
15401	0
15401	
6575;3;0;12.0
15469	0
15469	
6641;3;0;12.0
15534	0
15534	
6708;3;0;13.0
15601	0
15601	
6774;3;0;10.0
15668	0
15668	
6841;3;0;12.0
15735	0
15735	
6908;3;0;12.0
15803	0
15803	
6975;3;0;11.0
15873	0
15873	
7046;3;0;12.0
15939	0
15939	
7112;3;0;10.0
16005	0
16005	
7179;3;0;13.0
16071	0
16071	
7245;3;0;12.0
16138	0
16138	
7311;3;0;12.0
16207	0
16207	
7378;3;0;12.0
16274	0
16274	
7445;3;0;12.0
16342	0
16342	
7515;3;0;9.0
16408	0
16408	
7581;3;0;11.0
16476	0
16476	
7648;3;0;16.0
16543	0
16543	
7716;3;0;25.0
16611	0
16611	
7783;3;0;32.0
16679	0
16679	
7850;3;0;39.0
16747	0
16747	
7920;3;0;40.0
16813	0
16813	
7986;3;0;43.0
16880	0
16880	
8053;3;0;43.0
16961	0
16961	
8120;3;0;58.0
17013	0
17013	
8186;3;0;45.0
17081	0
17081	
8253;3;0;45.0
17147	0
17147	
8318;3;0;47.0
17212	0
17212	
8385;3;0;41.0
17280	0
17280	
8453;3;0;117.0
17346	0
17346	
8519;3;0;37.0
17413	0
17413	
8586;3;0;50.0
17481	0
17481	
8653;3;0;61.0
17546	0
17546	
8720;3;0;18.0
17614	0
17614	
8786;3;0;49.0
17681	0
17681	
8853;3;0;40.0
17747	0
17747	
8918;3;0;111.0
17813	0
17813	
8986;3;0;46.0
17881	0
17881	
9053;3;0;53.0
17947	0
17947	
9120;3;0;113.0
18014	0
18014	
9187;3;0;34.0
18083	0
18083	
9254;3;0;43.0
18149	0
18149	
9321;3;0;52.0
18214	0
18214	
9387;3;0;16.0
18282	0
18282	
9455;3;0;39.0
18348	0
18348	
9521;3;0;61.0
18415	0
18415	
9588;3;0;104.0
18483	0
18483	
9655;3;0;39.0
18548	0
18548	
9722;3;0;53.0
18616	0
18616	
9788;3;0;117.0
18688	0
18688	
9854;3;0;13.0
18749	0
18749	
9922;3;0;42.0
18817	0
18817	
9991;3;0;67.0
18884	0
18884	
10056;3;0;16.0
18950	0
18950	
10123;3;0;57.0
19019	0
19019	
10190;3;0;63.0
19086	0
19086	
10257;3;0;115.0
19154	0
19154	
10327;3;0;17.0
19221	0
19221	
10393;3;0;13.0
19288	0
19288	
10460;3;0;14.0
19354	0
19354	
10527;3;0;12.0
19421	0
19421	
10594;3;0;12.0
19490	0
19490	
10661;3;0;13.0
19561	0
19561	
10734;3;0;12.0
19627	0
19627	
10800;3;0;12.0
19694	0
19694	
10868;3;0;12.0
19759	0
19759	
10933;3;0;12.0
19828	0
19828	
10999;3;0;12.0
19895	0
19895	
11067;3;0;12.0
19963	0
19963	
11136;3;0;13.0
20029	0
20029	
11202;3;0;12.0
20097	0
20097	
11270;3;0;12.0
20163	0
20163	
11336;3;0;12.0
20232	0
20232	
11403;3;0;12.0
20299	0
20299	
11470;3;0;11.0
20367	0
20367	
11540;3;0;15.0
20434	0
20434	
11607;3;0;15.0
20500	0
20500	
11673;3;0;14.0
20567	0
20567	
11740;3;0;14.0
20636	0
20636	
11807;3;0;13.0
20703	0
20703	
11874;3;0;14.0
20782	0
20782	
11944;3;0;16.0
20837	0
20837	
12010;3;0;23.0
20904	0
20904	
12077;3;0;13.0
20971	0
20971	
12144;3;0;17.0
21040	0
21040	
12211;3;0;16.0
21107	0
21107	
12278;3;0;12.0
21178	0
21178	
12348;3;0;13.0
21241	0
21241	
12414;3;0;23.0
21308	0
21308	
12481;3;0;22.0
21375	0
21375	
12548;3;0;18.0
21442	0
21442	
12615;3;0;24.0
21509	0
21509	
12682;3;0;25.0
21574	0
21574	
12747;3;0;29.0
21640	0
21640	
12812;3;0;24.0
21707	0
21707	
12880;3;0;25.0
21775	0
21775	
12948;3;0;29.0
21842	0
21842	
13015;3;0;21.0
21909	0
21909	
13082;3;0;24.0
21977	0
21977	
13149;3;0;26.0
36682	0
36682	
27849;3;0;29.0
36750	0
36750	
27918;3;0;36.0
36817	0
36817	
27987;3;0;35.0
36884	0
36884	
28055;3;0;37.0
36951	0
36951	
28121;3;0;40.0
37027	0
37027	
28188;3;0;40.0
37081	0
37081	
28256;3;0;43.0
37150	0
37150	
28321;3;0;40.0
37217	0
37217	
28388;3;0;43.0
37285	0
37285	
28458;3;0;67.0
37353	0
37353	
28525;3;0;37.0
37420	0
37420	
28592;3;0;51.0
37490	0
37490	
28662;3;0;47.0
37557	0
37557	
28728;3;0;58.0
37624	0
37624	
28798;3;0;57.0
37689	0
37689	
28863;3;0;50.0
37757	0
37757	
28929;3;0;49.0
37823	0
37823	
28997;3;0;113.0
37888	0
37888	
29062;3;0;49.0
37957	0
37957	
29128;3;0;57.0
38024	0
38024	
29195;3;0;55.0
38092	0
38092	
29265;3;0;50.0
38160	0
38160	
29332;3;0;62.0
38227	0
38227	
29399;3;0;62.0
38295	0
38295	
29468;3;0;61.0
38366	0
38366	
29538;3;0;67.0
38433	0
38433	
29604;3;0;67.0
38501	0
38501	
29674;3;0;105.0
38569	0
38569	
29742;3;0;109.0
38636	0
38636	
29809;3;0;102.0
38718	0
38718	
29875;3;0;9.0
38770	0
38770	
29944;3;0;10.0
38838	0
38838	
30009;3;0;10.0
38904	0
38904	
30076;3;0;10.0
38972	0
38972	
30145;3;0;10.0
39039	0
39039	
30211;3;0;9.0
39106	0
39106	
30278;3;0;10.0
39173	0
39173	
30345;3;0;10.0
39240	0
39240	
30412;3;0;10.0
39309	0
39309	
30479;3;0;10.0
39375	0
39375	
30546;3;0;10.0
39445	0
39445	
30618;3;0;46.0
39512	0
39512	
30684;3;0;42.0
39580	0
39580	
30751;3;0;13.0
39645	0
39645	
30819;3;0;33.0
39715	0
39715	
30885;3;0;31.0
39782	0
39782	
30954;3;0;50.0
39849	0
39849	
31022;3;0;66.0
39917	0
39917	
31089;3;0;46.0
39984	0
39984	
31156;3;0;53.0
40051	0
40051	
31223;3;0;53.0
40120	0
40120	
31290;3;0;67.0
40186	0
40186	
31358;3;0;43.0
40255	0
40255	
31428;3;0;52.0
40322	0
40322	
31495;3;0;113.0
40390	0
40390	
31563;3;0;58.0
40459	0
40459	
31632;3;0;54.0
40527	0
40527	
31699;3;0;100.0
40594	0
40594	
31765;3;0;28.0
40662	0
40662	
31835;3;0;67.0
40729	0
40729	
31901;3;0;67.0
40795	0
40795	
31968;3;0;19.0
40862	0
40862	
32034;3;0;73.0
40929	0
40929	
32101;3;0;11.0
41000	0
41000	
32171;3;0;102.0
41069	0
41069	
32241;3;0;10.0
41137	0
41137	
32308;3;0;19.0
41203	0
41203	
32375;3;0;23.0
41270	0
41270	
32442;3;0;24.0
41337	0
41337	
32509;3;0;25.0
41404	0
41404	
32576;3;0;25.0
41472	0
